Time (ns);Current (nA);Voltage (mV);Energy (uJ)
"0";"0";"3292";"40.1"
"1080000";"0";"3295";"48.4"
"2160000";"2185500";"3296";"56.4"
"3244000";"2185500";"3295";"64.3"
"4325000";"2185500";"3296";"72.7"
"5668000";"2185500";"3296";"81.0"
"6747000";"2185500";"3297";"88.9"
"7827000";"2185500";"3297";"96.9"
"8907000";"2185500";"3296";"104.8"
"9987000";"2184100";"3296";"112.8"
"11330000";"2184100";"3296";"121.1"
"12410000";"2184100";"3296";"129.1"
"13497000";"2184100";"3296";"137.0"
"14577000";"2184100";"3295";"145.0"
"15658000";"2184100";"3296";"153.3"
"17000000";"2184100";"3296";"161.6"
"18079000";"2126400";"3296";"169.6"
"19159000";"2126400";"3296";"177.5"
"20238000";"2126400";"3296";"185.5"
"21319000";"2126400";"3296";"193.8"
"22663000";"2126400";"3296";"202.1"
"23748000";"2126400";"3296";"210.1"
"24828000";"2126400";"3296";"218.0"
"25908000";"2198300";"3296";"226.4"
"26988000";"2198300";"3296";"234.3"
"28331000";"2198300";"3296";"242.6"
"29411000";"2198300";"3296";"250.6"
"30491000";"2198300";"3296";"258.5"
"31571000";"2198300";"3296";"266.5"
"32652000";"2198300";"3296";"274.4"
"34001000";"2111900";"3296";"282.8"
"35086000";"2111900";"3296";"290.7"
"36167000";"2111900";"3296";"298.7"
"37246000";"2111900";"3296";"307.0"
"38327000";"2111900";"3296";"314.9"
"39669000";"2111900";"3296";"323.3"
"40750000";"2111900";"3296";"331.2"
"41829000";"2183900";"3296";"339.2"
"42915000";"2183900";"3296";"347.5"
"43995000";"2183900";"3296";"355.5"
"45338000";"2183900";"3296";"363.8"
"46418000";"2183900";"3296";"371.7"
"47497000";"2183900";"3296";"379.7"
"48578000";"2183900";"3296";"388.0"
"49658000";"2198300";"3296";"396.0"
"51001000";"2198300";"3296";"405.4"
"52082000";"2198300";"3296";"413.8"
"53167000";"2198300";"3296";"421.7"
"54247000";"2198300";"3296";"429.7"
"55328000";"2198300";"3296";"437.6"
"56670000";"2225600";"3297";"447.5"
"57749000";"2225600";"3296";"455.4"
"58829000";"2225600";"3296";"463.4"
"59909000";"2225600";"3297";"471.3"
"60989000";"2225600";"3297";"479.7"
"62332000";"2225600";"3297";"488.0"
"63417000";"2225600";"3297";"495.9"
"64496000";"2184400";"3296";"503.9"
"65576000";"2184400";"3297";"512.2"
"66656000";"2184400";"3297";"520.2"
"67999000";"2184400";"3297";"528.5"
"69079000";"2184400";"3297";"536.4"
"70158000";"2184400";"3297";"544.4"
"71237000";"2184400";"3297";"552.3"
"72317000";"2185700";"3297";"560.3"
"73666000";"2185700";"3297";"568.6"
"74746000";"2185700";"3296";"576.6"
"75826000";"2185700";"3297";"584.5"
"76912000";"2185700";"3297";"592.9"
"77991000";"2185700";"3297";"600.8"
"79335000";"2185700";"3297";"609.1"
"80415000";"2124800";"3297";"617.1"
"81494000";"2124800";"3297";"625.0"
"82574000";"2124800";"3297";"633.4"
"83660000";"2124800";"3297";"641.3"
"85002000";"2124800";"3297";"651.2"
"86081000";"2124800";"3297";"659.1"
"87161000";"2245600";"3297";"667.1"
"88240000";"2245600";"3297";"675.0"
"89321000";"2245600";"3297";"683.4"
"90663000";"2245600";"3297";"691.7"
"91743000";"2245600";"3297";"699.6"
"92822000";"2245600";"3297";"707.6"
"93908000";"2245600";"3297";"715.5"
"94988000";"2183900";"3297";"723.5"
"96331000";"2183900";"3297";"731.8"
"97410000";"2183900";"3297";"739.8"
"98490000";"2183900";"3297";"747.7"
"99570000";"2183900";"3297";"756.0"
"100650000";"2183900";"3297";"764.0"
"101993000";"2178600";"3297";"773.8"
"103077000";"2178600";"3297";"781.8"
"104157000";"2178600";"3297";"789.7"
"105237000";"2178600";"3297";"798.1"
"106316000";"2178600";"3297";"806.0"
"107658000";"2178600";"3297";"814.3"
"108738000";"2178600";"3297";"822.3"
"109818000";"2184600";"3297";"830.3"
"110898000";"2184600";"3297";"838.2"
"111978000";"2184600";"3297";"846.2"
"113326000";"2184600";"3297";"854.5"
"114407000";"2184600";"3297";"862.4"
"115487000";"2184600";"3297";"870.8"
"116567000";"2184600";"3297";"878.7"
"117646000";"2183900";"3297";"886.7"
"118993000";"2183900";"3297";"895.0"
"120073000";"2183900";"3297";"902.9"
"121153000";"2183900";"3297";"911.3"
"122233000";"2183900";"3297";"919.2"
"123318000";"2183900";"3297";"927.2"
"124661000";"2183900";"3297";"935.5"
"125741000";"2139800";"3297";"943.8"
"126820000";"2139800";"3297";"951.8"
"127900000";"2139800";"3297";"959.7"
"128980000";"2139800";"3297";"967.7"
"130323000";"2139800";"3297";"977.5"
"131404000";"2139800";"3297";"985.5"
"132483000";"2229500";"3297";"993.4"
"133569000";"2229500";"3297";"1001.4"
"134649000";"2229500";"3297";"1009.7"
"135992000";"2229500";"3297";"1017.7"
"137072000";"2229500";"3297";"1026.0"
"138153000";"2229500";"3297";"1033.9"
"139233000";"2229500";"3297";"1041.9"
"140313000";"2183400";"3297";"1049.8"
"141655000";"2183400";"3297";"1058.2"
"142735000";"2183400";"3297";"1066.5"
"143820000";"2183400";"3297";"1074.5"
"144900000";"2183400";"3297";"1082.4"
"145980000";"2183400";"3297";"1090.7"
"147323000";"2183400";"3297";"1099.1"
"148403000";"2141300";"3297";"1107.0"
"149483000";"2141300";"3297";"1115.0"
"150563000";"2141300";"3297";"1122.9"
"151644000";"2141300";"3297";"1130.9"
"152993000";"2141300";"3297";"1139.6"
"154072000";"2141300";"3297";"1147.5"
"155151000";"2141300";"3297";"1155.5"
"156231000";"2183900";"3296";"1163.4"
"157310000";"2183900";"3296";"1171.4"
"158653000";"2183900";"3296";"1179.7"
"159733000";"2183900";"3296";"1187.7"
"160817000";"2183900";"3296";"1196.0"
"161898000";"2183900";"3296";"1203.9"
"162983000";"2183900";"3296";"1212.3"
"164326000";"2196900";"3296";"1222.1"
"165405000";"2196900";"3296";"1230.1"
"166485000";"2196900";"3296";"1238.0"
"167564000";"2196900";"3296";"1246.0"
"168644000";"2196900";"3297";"1254.3"
"169987000";"2196900";"3297";"1262.6"
"171067000";"2196900";"3297";"1270.6"
"172147000";"2185700";"3297";"1278.5"
"173232000";"2185700";"3297";"1286.5"
"174313000";"2185700";"3297";"1294.4"
"175655000";"2185700";"3297";"1302.8"
"176735000";"2185700";"3297";"1310.7"
"177815000";"2185700";"3297";"1319.0"
"178895000";"2185700";"3297";"1327.0"
"179974000";"2184300";"3297";"1334.9"
"181317000";"2184300";"3297";"1344.8"
"182396000";"2184300";"3296";"1352.7"
"183482000";"2184300";"3296";"1361.1"
"184563000";"2184300";"3296";"1369.0"
"185642000";"2184300";"3296";"1377.0"
"186986000";"2242100";"3296";"1386.8"
"188065000";"2242100";"3296";"1394.8"
"189145000";"2242100";"3296";"1402.7"
"190224000";"2242100";"3296";"1411.1"
"191304000";"2242100";"3296";"1419.0"
"192647000";"2242100";"3296";"1428.5"
"193733000";"2245100";"3296";"1436.8"
"194813000";"2245100";"3296";"1444.8"
"195893000";"2245100";"3296";"1452.7"
"196972000";"2245100";"3296";"1460.7"
"198315000";"2245100";"3296";"1470.5"
"199394000";"2245100";"3296";"1478.5"
"200475000";"2229500";"3296";"1486.4"
"201554000";"2229500";"3296";"1494.8"
"202640000";"2229500";"3296";"1502.7"
"203987000";"2229500";"3296";"1512.5"
"205068000";"2229500";"3296";"1520.5"
"206148000";"2229500";"3296";"1528.8"
"207228000";"2260100";"3296";"1536.8"
"208309000";"2260100";"3296";"1544.7"
"209651000";"2260100";"3296";"1554.6"
"210730000";"2260100";"3296";"1562.5"
"211810000";"2260100";"3296";"1570.5"
"212895000";"2260100";"3296";"1578.4"
"213974000";"2228400";"3296";"1586.4"
"215317000";"2228400";"3296";"1594.7"
"216398000";"2228400";"3296";"1602.7"
"217478000";"2228400";"3296";"1611.0"
"218558000";"2228400";"3296";"1619.0"
"219637000";"2228400";"3296";"1626.9"
"220979000";"2228400";"3296";"1635.2"
"222059000";"2128200";"3296";"1643.2"
"223145000";"2128200";"3296";"1651.5"
"224225000";"2128200";"3296";"1659.5"
"225305000";"2128200";"3296";"1667.4"
"226649000";"2128200";"3296";"1675.7"
"227728000";"2128200";"3296";"1684.1"
"228809000";"2128200";"3296";"1692.0"
"229888000";"2198300";"3296";"1700.0"
"230969000";"2198300";"3296";"1707.9"
"232311000";"2198300";"3296";"1716.2"
"233397000";"2198300";"3296";"1724.2"
"234478000";"2198300";"3296";"1732.5"
"235557000";"2198300";"3296";"1740.5"
"236637000";"2198300";"3296";"1748.4"
"237980000";"2126500";"3296";"1756.8"
"239059000";"2126500";"3296";"1764.7"
"240140000";"2126500";"3296";"1772.7"
"241220000";"2126500";"3296";"1781.0"
"242300000";"2126500";"3296";"1788.9"
"243647000";"2126500";"3296";"1798.8"
"244731000";"2243600";"3296";"1806.7"
"245811000";"2243600";"3296";"1815.1"
"246891000";"2243600";"3296";"1823.0"
"247971000";"2243600";"3296";"1831.0"
"249313000";"2243600";"3296";"1840.8"
"250393000";"2243600";"3296";"1848.8"
"251472000";"2247100";"3296";"1856.7"
"252553000";"2247100";"3296";"1864.7"
"253639000";"2247100";"3296";"1872.6"
"254981000";"2247100";"3296";"1882.5"
"256062000";"2247100";"3296";"1890.4"
"257141000";"2247100";"3296";"1898.4"
"258222000";"2244300";"3296";"1906.7"
"259301000";"2244300";"3296";"1914.7"
"260644000";"2244300";"3296";"1923.0"
"261724000";"2244300";"3296";"1930.9"
"262803000";"2244300";"3296";"1939.3"
"263889000";"2244300";"3296";"1947.2"
"264968000";"2244300";"3296";"1955.2"
"266311000";"2127200";"3296";"1963.5"
"267390000";"2127200";"3296";"1971.8"
"268471000";"2127200";"3296";"1979.8"
"269550000";"2127200";"3296";"1987.7"
"270629000";"2127200";"3296";"1995.7"
"271971000";"2127200";"3296";"2004.0"
"273057000";"2127200";"3296";"2012.0"
"274137000";"2184400";"3296";"2019.9"
"275217000";"2184400";"3296";"2028.2"
"276297000";"2184400";"3296";"2036.2"
"277639000";"2184400";"3296";"2044.5"
"278720000";"2184400";"3296";"2052.5"
"279799000";"2184400";"3296";"2060.4"
"280878000";"2184400";"3296";"2068.8"
"281958000";"2200500";"3296";"2076.7"
"283306000";"2200500";"3296";"2085.0"
"284387000";"2200500";"3296";"2093.4"
"285466000";"2200500";"3296";"2101.3"
"286551000";"2200500";"3296";"2109.3"
"287631000";"2200500";"3296";"2117.2"
"288973000";"2175200";"3296";"2127.1"
"290053000";"2175200";"3296";"2135.0"
"291134000";"2175200";"3296";"2143.0"
"292215000";"2175200";"3296";"2151.3"
"293300000";"2175200";"3296";"2159.3"
"294643000";"2175200";"3296";"2167.6"
"295723000";"2175200";"3296";"2175.5"
"296802000";"2183500";"3296";"2183.5"
"297882000";"2183500";"3296";"2191.8"
"298962000";"2183500";"3296";"2199.8"
"300305000";"2183500";"3296";"2208.1"
"301385000";"2183500";"3297";"2216.0"
"302464000";"2183500";"3297";"2224.4"
"303549000";"2183500";"3297";"2232.3"
"304629000";"2199000";"3296";"2240.3"
"305973000";"2199000";"3296";"2248.6"
"307053000";"2199000";"3296";"2256.9"
"308133000";"2199000";"3297";"2264.9"
"309214000";"2199000";"3297";"2272.8"
"310293000";"2199000";"3297";"2280.8"
"311636000";"2199000";"3297";"2289.1"
"312717000";"2127400";"3297";"2297.1"
"313803000";"2127400";"3297";"2305.4"
"314883000";"2127400";"3297";"2313.3"
"315963000";"2127400";"3297";"2321.3"
"317306000";"2127400";"3297";"2331.1"
"318385000";"2127400";"3297";"2339.1"
"319466000";"2244500";"3297";"2347.0"
"320545000";"2244500";"3297";"2355.4"
"321625000";"2244500";"3297";"2363.3"
"322973000";"2244500";"3297";"2371.6"
"324053000";"2244500";"3297";"2380.0"
"325133000";"2244500";"3297";"2387.9"
"326212000";"2244500";"3297";"2395.9"
"327292000";"2214000";"3297";"2404.2"
"328639000";"2214000";"3297";"2412.5"
"329719000";"2214000";"3297";"2420.5"
"330798000";"2214000";"3297";"2428.4"
"331877000";"2214000";"3297";"2436.8"
"332963000";"2214000";"3297";"2444.7"
"334306000";"2214000";"3297";"2453.1"
"335386000";"2125700";"3297";"2461.0"
"336466000";"2125700";"3297";"2469.3"
"337546000";"2125700";"3297";"2477.3"
"338626000";"2125700";"3297";"2485.2"
"339968000";"2125700";"3297";"2493.6"
"341049000";"2125700";"3297";"2501.5"
"342128000";"2125700";"3297";"2509.8"
"343213000";"2199000";"3297";"2517.8"
"344293000";"2199000";"3297";"2525.8"
"345637000";"2199000";"3297";"2535.6"
"346716000";"2199000";"3297";"2543.9"
"347796000";"2199000";"3297";"2551.9"
"348876000";"2199000";"3297";"2559.8"
"349955000";"2246600";"3297";"2567.8"
"351299000";"2246600";"3297";"2576.1"
"352380000";"2246600";"3297";"2584.1"
"353465000";"2246600";"3297";"2592.4"
"354545000";"2246600";"3297";"2600.3"
"355625000";"2246600";"3297";"2608.3"
"356968000";"2176000";"3297";"2618.1"
"358047000";"2176000";"3297";"2626.1"
"359127000";"2176000";"3297";"2634.0"
"360206000";"2176000";"3297";"2642.4"
"361287000";"2176000";"3297";"2650.3"
"362629000";"2176000";"3297";"2660.2"
"363714000";"2245300";"3297";"2668.1"
"364794000";"2245300";"3297";"2676.5"
"365875000";"2245300";"3297";"2684.4"
"366955000";"2245300";"3297";"2692.4"
"368297000";"2245300";"3297";"2702.2"
"369377000";"2245300";"3297";"2710.2"
"370467000";"2243200";"3296";"2718.1"
"371546000";"2243200";"3297";"2726.1"
"372627000";"2243200";"3297";"2734.4"
"373977000";"2243200";"3297";"2743.9"
"375057000";"2243200";"3297";"2752.2"
"376137000";"2243200";"3297";"2760.2"
"377217000";"2244100";"3297";"2768.1"
"378297000";"2244100";"3297";"2776.1"
"379640000";"2244100";"3296";"2785.9"
"380720000";"2244100";"3296";"2793.9"
"381800000";"2244100";"3296";"2802.2"
"382885000";"2244100";"3296";"2810.1"
"383964000";"2245100";"3297";"2818.1"
"385308000";"2245100";"3297";"2826.8"
"386387000";"2245100";"3297";"2834.7"
"387467000";"2245100";"3297";"2842.7"
"388548000";"2245100";"3297";"2850.6"
"389628000";"2245100";"3297";"2859.0"
"390971000";"2245100";"3297";"2867.3"
"392051000";"2142000";"3297";"2875.3"
"393137000";"2142000";"3297";"2883.2"
"394216000";"2142000";"3297";"2891.2"
"395296000";"2142000";"3297";"2899.1"
"396640000";"2142000";"3297";"2907.4"
"397720000";"2142000";"3297";"2915.8"
"398800000";"2142000";"3297";"2923.7"
"399879000";"2183700";"3297";"2931.7"
"400960000";"2183700";"3297";"2939.6"
"402302000";"2183700";"3297";"2948.3"
"403388000";"2183700";"3297";"2956.3"
"404467000";"2183700";"3297";"2964.2"
"405546000";"2183700";"3297";"2972.6"
"406627000";"2183700";"3297";"2980.5"
"407969000";"2198400";"3297";"2990.4"
"409049000";"2198400";"3297";"2998.3"
"410129000";"2198400";"3297";"3006.3"
"411208000";"2198400";"3297";"3014.2"
"412293000";"2198400";"3297";"3022.5"
"413642000";"2198400";"3297";"3032.0"
"414721000";"2226100";"3297";"3040.0"
"415802000";"2226100";"3297";"3048.3"
"416883000";"2226100";"3297";"3056.2"
"417962000";"2226100";"3297";"3064.2"
"419305000";"2226100";"3297";"3074.0"
"420385000";"2226100";"3297";"3082.0"
"421465000";"2263600";"3297";"3090.3"
"422544000";"2263600";"3297";"3098.3"
"423630000";"2263600";"3297";"3106.2"
"424972000";"2263600";"3297";"3114.6"
"426051000";"2263600";"3297";"3122.9"
"427131000";"2263600";"3297";"3130.8"
"428211000";"2263600";"3297";"3138.8"
"429290000";"2199200";"3297";"3147.1"
"430633000";"2199200";"3297";"3155.1"
"431712000";"2199200";"3297";"3163.4"
"432793000";"2199200";"3297";"3171.4"
"433878000";"2199200";"3296";"3179.3"
"434958000";"2199200";"3296";"3187.3"
"436301000";"2199200";"3296";"3195.6"
"437381000";"2112600";"3297";"3203.5"
"438460000";"2112600";"3297";"3211.9"
"439539000";"2112600";"3297";"3219.8"
"440619000";"2112600";"3297";"3227.8"
"441962000";"2112600";"3296";"3237.6"
"443047000";"2112600";"3296";"3245.6"
"444127000";"2262500";"3296";"3253.9"
"445207000";"2262500";"3296";"3261.8"
"446286000";"2262500";"3296";"3269.8"
"447629000";"2262500";"3296";"3278.1"
"448709000";"2262500";"3296";"3286.5"
"449789000";"2262500";"3296";"3294.4"
"450869000";"2262500";"3296";"3302.4"
"451948000";"2185700";"3296";"3310.3"
"453297000";"2185700";"3296";"3320.2"
"454382000";"2185700";"3296";"3328.5"
"455462000";"2185700";"3296";"3336.4"
"456542000";"2185700";"3296";"3344.4"
"457621000";"2185700";"3296";"3352.3"
"458963000";"2175200";"3296";"3360.7"
"460044000";"2175200";"3296";"3369.0"
"461124000";"2175200";"3296";"3377.0"
"462204000";"2175200";"3296";"3384.9"
"463290000";"2175200";"3296";"3393.2"
"464633000";"2175200";"3296";"3401.6"
"465713000";"2175200";"3296";"3409.5"
"466793000";"2198300";"3296";"3417.5"
"467873000";"2198300";"3296";"3425.8"
"468953000";"2198300";"3296";"3433.7"
"470295000";"2198300";"3296";"3442.1"
"471375000";"2198300";"3296";"3450.0"
"472455000";"2198300";"3296";"3458.0"
"473540000";"2198300";"3296";"3465.9"
"474620000";"2198700";"3296";"3474.3"
"475964000";"2198700";"3296";"3483.7"
"477044000";"2198700";"3297";"3492.1"
"478124000";"2198700";"3297";"3500.0"
"479205000";"2198700";"3297";"3508.0"
"480284000";"2198700";"3297";"3515.9"
"481627000";"2227300";"3297";"3525.8"
"482707000";"2227300";"3297";"3534.1"
"483792000";"2227300";"3297";"3542.0"
"484872000";"2227300";"3297";"3550.0"
"485952000";"2227300";"3297";"3558.3"
"487295000";"2227300";"3297";"3566.6"
"488375000";"2227300";"3297";"3574.6"
"489454000";"2198800";"3297";"3582.6"
"490535000";"2198800";"3297";"3590.5"
"491614000";"2198800";"3297";"3598.8"
"492962000";"2198800";"3297";"3608.7"
"494042000";"2198800";"3297";"3616.6"
"495122000";"2198800";"3297";"3624.6"
"496206000";"2243400";"3297";"3632.5"
"497287000";"2243400";"3297";"3640.9"
"498629000";"2243400";"3297";"3648.8"
"499709000";"2243400";"3297";"3657.1"
"500788000";"2243400";"3297";"3665.1"
"501868000";"2243400";"3297";"3673.0"
"502954000";"2243400";"3297";"3681.4"
"504297000";"2141000";"3297";"3689.7"
"505377000";"2141000";"3297";"3698.0"
"506458000";"2141000";"3297";"3706.0"
"507537000";"2141000";"3297";"3713.9"
"508617000";"2141000";"3297";"3721.9"
"509961000";"2141000";"3297";"3730.2"
"511041000";"2141000";"3297";"3738.5"
"512120000";"2200100";"3297";"3746.5"
"513205000";"2200100";"3297";"3754.5"
"514284000";"2200100";"3297";"3762.4"
"515627000";"2200100";"3297";"3770.7"
"516708000";"2200100";"3297";"3778.7"
"517788000";"2200100";"3297";"3787.0"
"518867000";"2200100";"3297";"3795.0"
"519946000";"2184300";"3297";"3802.9"
"521289000";"2184300";"3297";"3811.2"
"522369000";"2184300";"3297";"3819.2"
"523455000";"2184300";"3297";"3827.5"
"524535000";"2184300";"3297";"3835.5"
"525614000";"2184300";"3297";"3843.8"
"526958000";"2184300";"3297";"3852.1"
"528038000";"2140800";"3297";"3860.1"
"529118000";"2140800";"3297";"3868.0"
"530198000";"2140800";"3297";"3876.0"
"531278000";"2140800";"3297";"3884.3"
"532621000";"2140800";"3297";"3892.6"
"533706000";"2140800";"3297";"3900.6"
"534787000";"2140800";"3297";"3908.5"
"535866000";"2183700";"3296";"3916.5"
"536947000";"2183700";"3296";"3924.4"
"538294000";"2183700";"3296";"3932.8"
"539374000";"2183700";"3296";"3941.1"
"540454000";"2183700";"3296";"3949.0"
"541534000";"2183700";"3296";"3957.0"
"542613000";"2183700";"3296";"3965.3"
"543963000";"2139400";"3296";"3973.7"
"545043000";"2139400";"3296";"3981.6"
"546123000";"2139400";"3296";"3989.9"
"547203000";"2139400";"3296";"3997.9"
"548283000";"2139400";"3296";"4005.8"
"549626000";"2139400";"3296";"4014.2"
"550705000";"2139400";"3296";"4022.1"
"551786000";"2185300";"3296";"4030.1"
"552871000";"2185300";"3296";"4038.4"
"553952000";"2185300";"3296";"4046.4"
"555295000";"2185300";"3296";"4054.7"
"556375000";"2185300";"3296";"4062.6"
"557455000";"2185300";"3296";"4070.6"
"558535000";"2185300";"3296";"4078.9"
"559615000";"2198300";"3296";"4086.9"
"560958000";"2198300";"3296";"4095.2"
"562038000";"2198300";"3296";"4103.1"
"563124000";"2198300";"3296";"4111.5"
"564204000";"2198300";"3296";"4119.4"
"565283000";"2198300";"3296";"4127.4"
"566626000";"2198300";"3296";"4135.7"
"567707000";"2140600";"3296";"4144.0"
"568787000";"2140600";"3296";"4152.0"
"569867000";"2140600";"3296";"4159.9"
"570947000";"2140600";"3296";"4167.9"
"572290000";"2140600";"3296";"4176.2"
"573376000";"2140600";"3296";"4184.5"
"574456000";"2140600";"3296";"4192.5"
"575536000";"2183500";"3296";"4200.4"
"576617000";"2183500";"3296";"4208.4"
"577960000";"2183500";"3296";"4218.2"
"579039000";"2183500";"3296";"4226.2"
"580124000";"2183500";"3296";"4234.1"
"581204000";"2183500";"3296";"4242.5"
"582284000";"2244700";"3296";"4250.4"
"583632000";"2244700";"3296";"4260.3"
"584711000";"2244700";"3296";"4268.2"
"585792000";"2244700";"3296";"4276.6"
"586872000";"2244700";"3296";"4284.5"
"587952000";"2244700";"3296";"4292.5"
"589294000";"2176800";"3296";"4300.8"
"590375000";"2176800";"3296";"4308.7"
"591455000";"2176800";"3296";"4317.1"
"592534000";"2176800";"3296";"4325.0"
"593619000";"2176800";"3296";"4333.0"
"594961000";"2176800";"3296";"4341.3"
"596041000";"2176800";"3296";"4349.2"
"597121000";"2184300";"3296";"4357.2"
"598200000";"2184300";"3296";"4365.5"
"599280000";"2184300";"3296";"4373.5"
"600623000";"2184300";"3296";"4383.3"
"601703000";"2184300";"3296";"4391.3"
"602783000";"2184300";"3296";"4399.2"
"603869000";"2261800";"3296";"4407.6"
"604948000";"2261800";"3296";"4415.5"
"606291000";"2261800";"3296";"4423.8"
"607371000";"2261800";"3296";"4431.8"
"608451000";"2261800";"3296";"4440.1"
"609530000";"2261800";"3296";"4448.1"
"610610000";"2261800";"3296";"4456.0"
"611953000";"2128400";"3296";"4464.4"
"613040000";"2128400";"3296";"4472.3"
"614119000";"2128400";"3296";"4480.6"
"615200000";"2128400";"3296";"4488.6"
"616279000";"2128400";"3296";"4496.5"
"617621000";"2128400";"3296";"4504.9"
"618701000";"2128400";"3296";"4512.8"
"619781000";"2184100";"3296";"4520.8"
"620860000";"2184100";"3296";"4529.1"
"621946000";"2184100";"3296";"4537.1"
"623294000";"2184100";"3296";"4545.4"
"624374000";"2184100";"3296";"4553.7"
"625454000";"2184100";"3296";"4561.7"
"626533000";"2184100";"3296";"4569.6"
"627613000";"2212100";"3296";"4577.9"
"628956000";"2212100";"3296";"4586.3"
"630035000";"2212100";"3296";"4594.2"
"631114000";"2212100";"3296";"4602.2"
"632194000";"2212100";"3296";"4610.1"
"633280000";"2212100";"3296";"4618.1"
"634623000";"2212100";"3296";"4626.4"
"635704000";"2126700";"3297";"4634.7"
"636784000";"2126700";"3297";"4642.7"
"637864000";"2126700";"3297";"4650.6"
"638943000";"2126700";"3297";"4658.6"
"640286000";"2126700";"3296";"4666.9"
"641366000";"2126700";"3297";"4675.2"
"642445000";"2126700";"3297";"4683.2"
"643531000";"2184100";"3296";"4691.1"
"644611000";"2184100";"3297";"4699.5"
"645953000";"2184100";"3297";"4709.3"
"647033000";"2184100";"3297";"4717.3"
"648113000";"2184100";"3297";"4725.2"
"649193000";"2184100";"3297";"4733.2"
"650272000";"2264200";"3297";"4741.5"
"651614000";"2264200";"3297";"4749.8"
"652693000";"2264200";"3297";"4757.8"
"653779000";"2264200";"3297";"4765.7"
"654858000";"2264200";"3297";"4773.7"
"655939000";"2264200";"3297";"4781.6"
"657281000";"2264200";"3297";"4790.0"
"658361000";"2127200";"3297";"4798.3"
"659441000";"2127200";"3297";"4806.2"
"660521000";"2127200";"3297";"4814.2"
"661601000";"2127200";"3297";"4822.1"
"662950000";"2127200";"3297";"4830.8"
"664035000";"2127200";"3297";"4838.8"
"665114000";"2127200";"3297";"4846.8"
"666195000";"2196900";"3297";"4855.1"
"667275000";"2196900";"3297";"4863.0"
"668617000";"2196900";"3297";"4871.4"
"669697000";"2196900";"3297";"4879.3"
"670778000";"2196900";"3297";"4887.3"
"671857000";"2196900";"3297";"4895.6"
"672942000";"2196900";"3297";"4903.5"
"674285000";"2127000";"3297";"4911.9"
"675366000";"2127000";"3297";"4919.8"
"676446000";"2127000";"3297";"4928.2"
"677527000";"2127000";"3297";"4936.1"
"678607000";"2127000";"3297";"4944.1"
"679950000";"2127000";"3297";"4952.4"
"681030000";"2127000";"3297";"4960.3"
"682110000";"2199600";"3297";"4968.7"
"683195000";"2199600";"3297";"4976.6"
"684275000";"2199600";"3297";"4984.6"
"685617000";"2199600";"3297";"4993.3"
"686698000";"2199600";"3297";"5001.2"
"687777000";"2199600";"3297";"5009.2"
"688858000";"2199600";"3297";"5017.1"
"689938000";"2198500";"3297";"5025.5"
"691281000";"2198500";"3297";"5034.9"
"692361000";"2198500";"3296";"5043.3"
"693447000";"2198500";"3296";"5051.2"
"694527000";"2198500";"3296";"5059.2"
"695606000";"2198500";"3296";"5067.1"
"696949000";"2160100";"3297";"5075.4"
"698030000";"2160100";"3296";"5083.4"
"699110000";"2160100";"3297";"5091.7"
"700190000";"2160100";"3297";"5099.7"
"701271000";"2160100";"3297";"5107.6"
"702614000";"2160100";"3296";"5115.9"
"703699000";"2160100";"3296";"5124.3"
"704780000";"2197800";"3296";"5132.2"
"705864000";"2197800";"3296";"5140.6"
"706944000";"2197800";"3296";"5148.5"
"708287000";"2197800";"3296";"5158.4"
"709367000";"2197800";"3296";"5166.3"
"710448000";"2197800";"3296";"5174.3"
"711527000";"2245100";"3296";"5182.2"
"712606000";"2245100";"3296";"5190.6"
"713955000";"2245100";"3296";"5198.9"
"715036000";"2245100";"3297";"5206.8"
"716116000";"2245100";"3297";"5214.8"
"717196000";"2245100";"3297";"5222.7"
"718276000";"2245100";"3296";"5230.7"
"719619000";"2126400";"3296";"5239.0"
"720699000";"2126400";"3296";"5247.3"
"721779000";"2126400";"3296";"5255.3"
"722864000";"2126400";"3296";"5263.2"
"723944000";"2126400";"3296";"5271.6"
"725287000";"2126400";"3296";"5279.9"
"726366000";"2126400";"3296";"5287.8"
"727447000";"2198700";"3296";"5295.8"
"728527000";"2198700";"3296";"5304.1"
"729606000";"2198700";"3296";"5312.1"
"730948000";"2198700";"3296";"5320.4"
"732027000";"2198700";"3296";"5328.4"
"733113000";"2198700";"3296";"5336.7"
"734192000";"2198700";"3296";"5344.6"
"735273000";"2199200";"3296";"5352.6"
"736615000";"2199200";"3296";"5360.9"
"737695000";"2199200";"3296";"5368.9"
"738775000";"2199200";"3296";"5376.8"
"739854000";"2199200";"3296";"5385.1"
"740934000";"2199200";"3296";"5393.1"
"742276000";"2199200";"3296";"5401.4"
"743361000";"2127200";"3296";"5409.4"
"744441000";"2127200";"3296";"5417.7"
"745521000";"2127200";"3296";"5425.7"
"746602000";"2127200";"3296";"5433.6"
"747950000";"2127200";"3296";"5441.9"
"749031000";"2127200";"3296";"5450.3"
"750110000";"2127200";"3296";"5458.2"
"751190000";"2198500";"3296";"5466.2"
"752270000";"2198500";"3296";"5474.1"
"753618000";"2198500";"3296";"5482.4"
"754698000";"2198500";"3296";"5490.4"
"755779000";"2198500";"3296";"5498.7"
"756858000";"2198500";"3296";"5506.7"
"757938000";"2198500";"3296";"5514.6"
"759281000";"2183600";"3296";"5524.5"
"760362000";"2183600";"3296";"5532.4"
"761441000";"2183600";"3296";"5540.4"
"762521000";"2183600";"3296";"5548.7"
"763606000";"2183600";"3296";"5556.7"
"764948000";"2183600";"3296";"5565.0"
"766028000";"2183600";"3296";"5573.3"
"767108000";"2199000";"3296";"5581.3"
"768188000";"2199000";"3296";"5589.2"
"769269000";"2199000";"3296";"5597.2"
"770613000";"2199000";"3295";"5605.5"
"771693000";"2199000";"3295";"5613.8"
"772773000";"2199000";"3295";"5621.8"
"773859000";"2199000";"3296";"5629.7"
"774938000";"2183200";"3296";"5637.7"
"776282000";"2183200";"3296";"5646.0"
"777361000";"2183200";"3296";"5654.0"
"778441000";"2183200";"3296";"5662.3"
"779521000";"2183200";"3296";"5670.2"
"780602000";"2183200";"3296";"5678.2"
"781944000";"2183200";"3296";"5686.5"
"783030000";"2140800";"3296";"5694.9"
"784109000";"2140800";"3296";"5702.8"
"785189000";"2140800";"3296";"5711.1"
"786270000";"2140800";"3296";"5719.1"
"787612000";"2140800";"3296";"5727.4"
"788692000";"2140800";"3296";"5735.4"
"789777000";"2140800";"3296";"5743.7"
"790858000";"2198700";"3296";"5751.6"
"791937000";"2198700";"3296";"5759.6"
"793285000";"2198700";"3296";"5767.9"
"794364000";"2198700";"3296";"5775.9"
"795445000";"2198700";"3296";"5783.8"
"796525000";"2198700";"3296";"5791.8"
"797606000";"2198700";"3296";"5800.1"
"798949000";"2126700";"3296";"5808.4"
"800028000";"2126700";"3297";"5816.4"
"801107000";"2126700";"3296";"5824.3"
"802188000";"2126700";"3297";"5832.7"
"803274000";"2126700";"3297";"5840.6"
"804616000";"2126700";"3297";"5848.9"
"805696000";"2126700";"3297";"5856.9"
"806776000";"2198800";"3297";"5865.2"
"807856000";"2198800";"3297";"5873.2"
"808935000";"2198800";"3297";"5881.1"
"810279000";"2198800";"3297";"5889.4"
"811359000";"2198800";"3297";"5897.4"
"812440000";"2198800";"3297";"5905.7"
"813525000";"2198800";"3297";"5913.7"
"814605000";"2183500";"3297";"5921.6"
"815948000";"2183500";"3297";"5930.0"
"817028000";"2183500";"3297";"5937.9"
"818108000";"2183500";"3297";"5945.9"
"819189000";"2183500";"3297";"5954.2"
"820268000";"2183500";"3297";"5962.1"
"821610000";"2183500";"3297";"5970.5"
"822690000";"2128200";"3297";"5978.4"
"823776000";"2128200";"3297";"5986.8"
"824855000";"2128200";"3297";"5994.7"
"825936000";"2128200";"3297";"6002.7"
"827278000";"2128200";"3297";"6011.4"
"828359000";"2128200";"3297";"6019.3"
"829439000";"2128200";"3297";"6027.3"
"830518000";"2198700";"3297";"6035.2"
"831603000";"2198700";"3297";"6043.6"
"832951000";"2198700";"3297";"6051.9"
"834031000";"2198700";"3297";"6059.8"
"835111000";"2198700";"3297";"6067.8"
"836190000";"2198700";"3297";"6075.7"
"837269000";"2198700";"3297";"6083.7"
"838613000";"2182800";"3297";"6093.5"
"839694000";"2182800";"3297";"6101.5"
"840774000";"2182800";"3297";"6109.8"
"841854000";"2182800";"3297";"6117.8"
"842939000";"2182800";"3297";"6126.1"
"844282000";"2182800";"3297";"6134.4"
"845362000";"2182800";"3297";"6142.4"
"846442000";"2198300";"3297";"6150.3"
"847523000";"2198300";"3297";"6158.7"
"848603000";"2198300";"3297";"6166.6"
"849945000";"2198300";"3297";"6174.9"
"851025000";"2198300";"3297";"6182.9"
"852105000";"2198300";"3297";"6191.2"
"853191000";"2198300";"3297";"6199.2"
"854271000";"2198300";"3297";"6207.1"
"855614000";"2198300";"3297";"6217.0"
"856693000";"2198300";"3297";"6224.9"
"857773000";"2198300";"3297";"6232.9"
"858852000";"2198300";"3297";"6240.8"
"859932000";"2198300";"3297";"6249.2"
"861275000";"2178600";"3297";"6257.5"
"862354000";"2178600";"3297";"6265.4"
"863440000";"2178600";"3297";"6273.4"
"864520000";"2178600";"3297";"6281.7"
"865600000";"2178600";"3297";"6289.7"
"866943000";"2178600";"3297";"6298.0"
"868023000";"2178600";"3297";"6305.9"
"869103000";"2198700";"3297";"6314.3"
"870183000";"2198700";"3297";"6322.2"
"871263000";"2198700";"3297";"6330.2"
"872606000";"2198700";"3297";"6338.5"
"873696000";"2198700";"3297";"6346.4"
"874775000";"2198700";"3297";"6354.4"
"875856000";"2198700";"3297";"6362.7"
"876935000";"2182600";"3297";"6370.7"
"878279000";"2182600";"3297";"6380.5"
"879358000";"2182600";"3297";"6388.5"
"880437000";"2182600";"3297";"6396.4"
"881516000";"2182600";"3297";"6404.4"
"882596000";"2182600";"3297";"6412.7"
"883945000";"2242900";"3297";"6422.6"
"885024000";"2242900";"3297";"6430.5"
"886104000";"2242900";"3297";"6438.5"
"887184000";"2242900";"3297";"6446.8"
"888263000";"2242900";"3297";"6454.8"
"889605000";"2242900";"3297";"6463.1"
"890685000";"2242900";"3297";"6471.0"
"891765000";"2185900";"3297";"6479.0"
"892845000";"2185900";"3297";"6487.3"
"893931000";"2185900";"3297";"6495.3"
"895273000";"2185900";"3297";"6504.7"
"896353000";"2185900";"3298";"6513.1"
"897433000";"2185900";"3297";"6521.0"
"898513000";"2244900";"3297";"6529.0"
"899592000";"2244900";"3297";"6536.9"
"900935000";"2244900";"3297";"6545.2"
"902016000";"2244900";"3297";"6553.6"
"903100000";"2244900";"3297";"6561.5"
"904181000";"2244900";"3297";"6569.9"
"905260000";"2244900";"3297";"6577.8"
"906604000";"2141000";"3297";"6586.1"
"907684000";"2141000";"3297";"6594.5"
"908763000";"2141000";"3297";"6602.4"
"909843000";"2141000";"3297";"6610.4"
"910923000";"2141000";"3297";"6618.3"
"912266000";"2141000";"3297";"6628.2"
"913351000";"2245100";"3297";"6636.1"
"914431000";"2245100";"3296";"6644.1"
"915515000";"2245100";"3297";"6652.4"
"916595000";"2245100";"3297";"6660.4"
"917938000";"2245100";"3297";"6670.2"
"919018000";"2245100";"3297";"6678.1"
"920098000";"2244900";"3297";"6686.1"
"921177000";"2244900";"3297";"6694.1"
"922257000";"2244900";"3297";"6702.4"
"923607000";"2244900";"3297";"6711.9"
"924686000";"2244900";"3297";"6720.2"
"925765000";"2244900";"3297";"6728.1"
"926846000";"2262000";"3297";"6736.5"
"927926000";"2262000";"3297";"6744.4"
"929268000";"2262000";"3297";"6754.3"
"930348000";"2262000";"3297";"6762.2"
"931429000";"2262000";"3297";"6770.2"
"932508000";"2262000";"3297";"6778.1"
"933594000";"2244700";"3297";"6786.5"
"934935000";"2244700";"3297";"6795.9"
"936016000";"2244700";"3297";"6803.9"
"937096000";"2244700";"3297";"6812.2"
"938175000";"2244700";"3297";"6820.2"
"939255000";"2244700";"3297";"6828.1"
"940597000";"2162300";"3297";"6836.4"
"941677000";"2162300";"3297";"6844.4"
"942757000";"2162300";"3297";"6852.7"
"943842000";"2162300";"3297";"6860.7"
"944922000";"2162300";"3297";"6868.6"
"946265000";"2162300";"3297";"6877.3"
"947345000";"2162300";"3297";"6885.3"
"948426000";"2198500";"3297";"6893.2"
"949505000";"2198500";"3297";"6901.2"
"950585000";"2198500";"3297";"6909.5"
"951928000";"2198500";"3297";"6917.8"
"953014000";"2198500";"3297";"6925.8"
"954094000";"2198500";"3297";"6933.7"
"955173000";"2198500";"3297";"6942.1"
"956254000";"2198700";"3297";"6950.0"
"957601000";"2198700";"3297";"6958.3"
"958682000";"2198700";"3297";"6966.3"
"959761000";"2198700";"3297";"6974.2"
"960842000";"2198700";"3297";"6982.2"
"961921000";"2198700";"3297";"6990.5"
"963270000";"2198700";"3297";"6998.9"
"964349000";"2125500";"3297";"7006.8"
"965429000";"2125500";"3297";"7015.1"
"966508000";"2125500";"3297";"7023.1"
"967588000";"2125500";"3297";"7031.0"
"968930000";"2125500";"3297";"7040.9"
"970011000";"2125500";"3297";"7048.8"
"971091000";"2264000";"3297";"7057.2"
"972170000";"2264000";"3297";"7065.1"
"973255000";"2264000";"3297";"7073.1"
"974597000";"2264000";"3297";"7081.4"
"975678000";"2264000";"3297";"7089.4"
"976757000";"2264000";"3297";"7097.3"
"977838000";"2264000";"3297";"7105.3"
"978919000";"2183900";"3297";"7113.6"
"980261000";"2183900";"3297";"7121.9"
"981341000";"2183900";"3297";"7129.9"
"982421000";"2183900";"3297";"7137.8"
"983506000";"2183900";"3297";"7146.1"
"984586000";"2183900";"3297";"7154.1"
"985929000";"2183900";"3297";"7162.4"
"987009000";"2126900";"3297";"7170.4"
"988089000";"2126900";"3297";"7178.7"
"989169000";"2126900";"3297";"7186.7"
"990249000";"2126900";"3297";"7194.6"
"991592000";"2126900";"3297";"7202.9"
"992672000";"2126900";"3297";"7210.9"
"993758000";"2126900";"3297";"7219.2"
"994838000";"2198300";"3297";"7227.2"
"995918000";"2198300";"3297";"7235.1"
"997260000";"2198300";"3297";"7243.4"
"998339000";"2198300";"3297";"7251.4"
"999424000";"2198300";"3297";"7259.3"
"1000503000";"2198300";"3297";"7267.7"
"1001583000";"2198300";"3297";"7275.6"
"1002931000";"2126200";"3296";"7283.9"
"1004010000";"2126200";"3296";"7291.9"
"1005090000";"2126200";"3296";"7300.2"
"1006170000";"2126200";"3296";"7308.2"
"1007250000";"2126200";"3297";"7316.1"
"1008593000";"2126200";"3297";"7324.8"
"1009673000";"2126200";"3297";"7332.8"
"1010753000";"2200100";"3297";"7340.7"
"1011833000";"2200100";"3297";"7348.7"
"1012918000";"2200100";"3296";"7356.6"
"1014261000";"2200100";"3296";"7365.0"
"1015341000";"2200100";"3296";"7373.3"
"1016421000";"2200100";"3296";"7381.3"
"1017502000";"2200100";"3296";"7389.2"
"1018581000";"2183900";"3296";"7397.2"
"1019924000";"2183900";"3296";"7405.5"
"1021004000";"2183900";"3296";"7413.4"
"1022085000";"2183900";"3296";"7421.8"
"1023169000";"2183900";"3296";"7429.7"
"1024250000";"2183900";"3296";"7437.7"
"1025593000";"2183900";"3296";"7446.4"
"1026672000";"2141000";"3297";"7454.3"
"1027752000";"2141000";"3296";"7462.3"
"1028832000";"2141000";"3296";"7470.6"
"1029913000";"2141000";"3296";"7478.6"
"1031256000";"2141000";"3297";"7486.9"
"1032335000";"2141000";"3296";"7494.8"
"1033420000";"2141000";"3296";"7502.8"
"1034501000";"2183500";"3296";"7510.7"
"1035582000";"2183500";"3296";"7519.1"
"1036924000";"2183500";"3296";"7527.4"
"1038005000";"2183500";"3296";"7535.3"
"1039085000";"2183500";"3296";"7543.3"
"1040165000";"2183500";"3296";"7551.2"
"1041250000";"2183500";"3296";"7559.6"
"1042593000";"2140600";"3296";"7567.9"
"1043679000";"2140600";"3296";"7575.9"
"1044759000";"2140600";"3296";"7584.2"
"1045839000";"2140600";"3296";"7592.1"
"1046919000";"2140600";"3296";"7600.1"
"1048261000";"2140600";"3296";"7609.9"
"1049342000";"2244700";"3296";"7617.9"
"1050423000";"2244700";"3296";"7626.2"
"1051503000";"2244700";"3296";"7634.2"
"1052583000";"2244700";"3296";"7642.1"
"1053932000";"2244700";"3296";"7650.4"
"1055011000";"2244700";"3296";"7658.4"
"1056090000";"2244700";"3297";"7666.4"
"1057171000";"2198300";"3297";"7674.7"
"1058250000";"2198300";"3297";"7682.6"
"1059593000";"2198300";"3297";"7692.1"
"1060673000";"2198300";"3297";"7700.4"
"1061754000";"2198300";"3297";"7708.4"
"1062833000";"2198300";"3297";"7716.3"
"1063920000";"2244500";"3297";"7724.7"
"1065263000";"2244500";"3297";"7733.0"
"1066343000";"2244500";"3297";"7740.9"
"1067422000";"2244500";"3297";"7748.9"
"1068503000";"2244500";"3297";"7757.2"
"1069582000";"2244500";"3297";"7765.2"
"1070924000";"2244500";"3297";"7773.5"
"1072003000";"2128600";"3297";"7781.5"
"1073089000";"2128600";"3297";"7789.8"
"1074169000";"2128600";"3297";"7797.7"
"1075249000";"2128600";"3297";"7805.7"
"1076592000";"2128600";"3297";"7814.0"
"1077673000";"2128600";"3297";"7822.0"
"1078752000";"2128600";"3297";"7829.9"
"1079833000";"2198100";"3297";"7838.2"
"1080913000";"2198100";"3297";"7846.2"
"1082256000";"2198100";"3297";"7854.5"
"1083346000";"2198100";"3297";"7862.5"
"1084426000";"2198100";"3297";"7870.8"
"1085507000";"2198100";"3297";"7878.8"
"1086587000";"2198100";"3297";"7886.7"
"1087930000";"2139400";"3297";"7895.4"
"1089010000";"2139400";"3297";"7903.4"
"1090090000";"2139400";"3297";"7911.3"
"1091169000";"2139400";"3297";"7919.3"
"1092250000";"2139400";"3298";"7927.2"
"1093599000";"2139400";"3297";"7935.5"
"1094679000";"2139400";"3297";"7943.9"
"1095760000";"2183400";"3297";"7951.8"
"1096840000";"2183400";"3297";"7959.8"
"1097920000";"2183400";"3297";"7967.7"
"1099263000";"2183400";"3297";"7976.1"
"1100343000";"2183400";"3297";"7984.0"
"1101424000";"2183400";"3297";"7992.3"
"1102504000";"2183400";"3297";"8000.3"
"1103589000";"2183500";"3297";"8008.2"
"1104931000";"2183500";"3298";"8016.9"
"1106010000";"2183500";"3298";"8024.9"
"1107090000";"2183500";"3298";"8032.8"
"1108170000";"2183500";"3298";"8040.8"
"1109251000";"2183500";"3298";"8049.1"
"1110594000";"2183500";"3298";"8057.5"
"1111674000";"2142300";"3298";"8065.4"
"1112754000";"2142300";"3298";"8073.4"
"1113840000";"2142300";"3298";"8081.3"
"1114920000";"2142300";"3298";"8089.6"
"1116262000";"2142300";"3298";"8098.0"
"1117342000";"2142300";"3297";"8105.9"
"1118422000";"2142300";"3297";"8113.9"
"1119502000";"2184100";"3297";"8121.8"
"1120581000";"2184100";"3297";"8130.2"
"1121925000";"2184100";"3297";"8138.5"
"1123011000";"2184100";"3298";"8146.4"
"1124090000";"2184100";"3298";"8154.8"
"1125175000";"2184100";"3297";"8162.7"
"1126255000";"2184100";"3297";"8170.7"
"1127598000";"2139400";"3297";"8179.0"
"1128678000";"2139400";"3297";"8187.3"
"1129758000";"2139400";"3297";"8195.3"
"1130839000";"2139400";"3297";"8203.2"
"1131919000";"2139400";"3297";"8211.2"
"1133267000";"2139400";"3298";"8221.0"
"1134346000";"2244700";"3298";"8229.0"
"1135427000";"2244700";"3297";"8236.9"
"1136506000";"2244700";"3297";"8244.9"
"1137587000";"2244700";"3297";"8253.2"
"1138929000";"2244700";"3297";"8261.5"
"1140010000";"2244700";"3297";"8269.5"
"1141089000";"2244700";"3297";"8277.4"
"1142169000";"2185500";"3297";"8285.4"
"1143255000";"2185500";"3297";"8293.7"
"1144598000";"2185500";"3297";"8302.0"
"1145678000";"2185500";"3297";"8310.0"
"1146757000";"2185500";"3297";"8317.9"
"1147838000";"2185500";"3297";"8326.3"
"1148919000";"2185500";"3297";"8334.2"
"1150261000";"2183500";"3297";"8343.7"
"1151340000";"2183500";"3297";"8352.0"
"1152421000";"2183500";"3297";"8360.0"
"1153507000";"2183500";"3297";"8367.9"
"1154587000";"2183500";"3298";"8375.9"
"1155929000";"2183500";"3298";"8384.2"
"1157009000";"2183500";"3297";"8392.2"
"1158089000";"2183700";"3297";"8400.1"
"1159169000";"2183700";"3297";"8408.4"
"1160249000";"2183700";"3297";"8416.4"
"1161591000";"2183700";"3298";"8426.2"
"1162672000";"2183700";"3298";"8434.2"
"1163756000";"2183700";"3298";"8442.1"
"1164836000";"2245100";"3297";"8450.1"
"1165916000";"2245100";"3297";"8458.4"
"1167263000";"2245100";"3297";"8468.3"
"1168343000";"2245100";"3298";"8476.2"
"1169424000";"2245100";"3298";"8484.2"
"1170503000";"2245100";"3298";"8492.1"
"1171582000";"2245300";"3298";"8500.1"
"1172931000";"2245300";"3297";"8508.4"
"1174012000";"2245300";"3297";"8516.4"
"1175091000";"2245300";"3297";"8524.7"
"1176172000";"2245300";"3297";"8532.6"
"1177251000";"2245300";"3297";"8540.6"
"1178594000";"2176200";"3297";"8550.4"
"1179674000";"2176200";"3297";"8558.4"
"1180753000";"2176200";"3297";"8566.3"
"1181833000";"2176200";"3297";"8574.3"
"1182918000";"2176200";"3297";"8582.2"
"1184261000";"2176200";"3297";"8590.6"
"1185341000";"2176200";"3297";"8598.9"
"1186421000";"2184300";"3297";"8606.9"
"1187500000";"2184300";"3297";"8614.8"
"1188581000";"2184300";"3297";"8623.1"
"1189924000";"2184300";"3297";"8631.5"
"1191004000";"2184300";"3297";"8639.4"
"1192085000";"2184300";"3297";"8647.4"
"1193170000";"2184300";"3298";"8655.3"
"1194249000";"2183700";"3297";"8663.3"
"1195592000";"2183700";"3297";"8671.6"
"1196673000";"2183700";"3297";"8679.5"
"1197753000";"2183700";"3297";"8687.5"
"1198834000";"2183700";"3297";"8695.8"
"1199914000";"2183700";"3297";"8703.8"
"1201257000";"2183700";"3297";"8712.1"
"1202336000";"2127700";"3297";"8720.0"
"1203422000";"2127700";"3297";"8728.0"
"1204501000";"2127700";"3297";"8736.0"
"1205582000";"2127700";"3297";"8744.3"
"1206924000";"2127700";"3297";"8752.6"
"1208005000";"2127700";"3297";"8760.6"
"1209088000";"2127700";"3297";"8768.5"
"1210169000";"2182600";"3297";"8776.5"
"1211249000";"2182600";"3297";"8784.8"
"1212592000";"2182600";"3297";"8792.7"
"1213677000";"2182600";"3297";"8801.1"
"1214757000";"2182600";"3297";"8809.0"
"1215836000";"2182600";"3297";"8817.0"
"1216916000";"2182600";"3297";"8824.9"
"1218259000";"2184000";"3297";"8834.8"
"1219338000";"2184000";"3297";"8842.7"
"1220419000";"2184000";"3297";"8850.7"
"1221498000";"2184000";"3297";"8859.0"
"1222578000";"2184000";"3297";"8867.0"
"1223927000";"2184000";"3297";"8876.8"
"1225006000";"2244900";"3297";"8884.8"
"1226085000";"2244900";"3297";"8892.7"
"1227166000";"2244900";"3297";"8901.0"
"1228247000";"2244900";"3297";"8909.0"
"1229589000";"2244900";"3297";"8917.3"
"1230670000";"2244900";"3297";"8925.3"
"1231750000";"2244900";"3297";"8933.2"
"1232829000";"2185300";"3297";"8941.2"
"1233915000";"2185300";"3297";"8949.1"
"1235258000";"2185300";"3297";"8957.4"
"1236338000";"2185300";"3297";"8965.4"
"1237418000";"2185300";"3297";"8973.7"
"1238498000";"2185300";"3297";"8981.7"
"1239578000";"2185300";"3297";"8989.6"
"1240921000";"2126400";"3297";"8998.0"
"1242001000";"2126400";"3297";"9005.9"
"1243086000";"2126400";"3297";"9013.9"
"1244167000";"2126400";"3297";"9022.2"
"1245246000";"2126400";"3297";"9030.1"
"1246589000";"2126400";"3297";"9040.0"
"1247669000";"2244700";"3297";"9047.9"
"1248749000";"2244700";"3297";"9055.9"
"1249829000";"2244700";"3297";"9063.8"
"1250914000";"2244700";"3297";"9072.2"
"1252257000";"2244700";"3297";"9080.1"
"1253342000";"2244700";"3297";"9088.5"
"1254422000";"2244700";"3297";"9096.4"
"1255502000";"2182600";"3297";"9104.4"
"1256581000";"2182600";"3297";"9112.3"
"1257923000";"2182600";"3297";"9120.6"
"1259002000";"2182600";"3297";"9128.6"
"1260083000";"2182600";"3297";"9136.5"
"1261162000";"2182600";"3297";"9144.5"
"1262242000";"2182600";"3297";"9152.8"
"1263591000";"2127200";"3297";"9161.1"
"1264671000";"2127200";"3297";"9169.1"
"1265750000";"2127200";"3296";"9177.0"
"1266831000";"2127200";"3297";"9185.0"
"1267911000";"2127200";"3297";"9193.3"
"1269255000";"2127200";"3297";"9201.6"
"1270335000";"2127200";"3296";"9209.6"
"1271415000";"2185000";"3296";"9217.6"
"1272495000";"2185000";"3296";"9225.5"
"1273580000";"2185000";"3296";"9233.5"
"1274924000";"2185000";"3296";"9241.8"
"1276004000";"2185000";"3296";"9249.7"
"1277085000";"2185000";"3297";"9257.7"
"1278165000";"2185000";"3297";"9266.0"
"1279244000";"2183400";"3297";"9274.0"
"1280586000";"2183400";"3297";"9283.8"
"1281667000";"2183400";"3297";"9291.8"
"1282746000";"2183400";"3297";"9299.7"
"1283832000";"2183400";"3297";"9307.7"
"1284912000";"2183400";"3297";"9316.0"
"1286254000";"2176800";"3297";"9324.3"
"1287333000";"2176800";"3297";"9332.3"
"1288414000";"2176800";"3297";"9340.2"
"1289493000";"2176800";"3297";"9348.6"
"1290573000";"2176800";"3297";"9356.5"
"1291915000";"2176800";"3297";"9364.8"
"1293006000";"2176800";"3297";"9372.8"
"1294085000";"2183000";"3297";"9380.7"
"1295166000";"2183000";"3297";"9388.7"
"1296246000";"2183000";"3297";"9397.0"
"1297589000";"2183000";"3297";"9405.3"
"1298669000";"2183000";"3297";"9413.3"
"1299749000";"2183000";"3297";"9421.2"
"1300828000";"2183000";"3297";"9429.2"
"1301909000";"2185200";"3297";"9437.2"
"1303257000";"2185200";"3297";"9445.5"
"1304337000";"2185200";"3297";"9453.8"
"1305417000";"2185200";"3297";"9461.8"
"1306497000";"2185200";"3297";"9469.7"
"1307577000";"2185200";"3297";"9478.0"
"1308919000";"2185200";"3297";"9486.4"
"1310000000";"2141000";"3297";"9494.3"
"1311080000";"2141000";"3297";"9502.3"
"1312159000";"2141000";"3297";"9510.2"
"1313244000";"2141000";"3297";"9518.2"
"1314588000";"2141000";"3297";"9528.0"
"1315667000";"2141000";"3297";"9536.0"
"1316748000";"2227600";"3297";"9543.9"
"1317828000";"2227600";"3297";"9552.3"
"1318907000";"2227600";"3297";"9560.2"
"1320250000";"2227600";"3297";"9568.5"
"1321329000";"2227600";"3297";"9576.5"
"1322409000";"2227600";"3297";"9584.4"
"1323495000";"2227600";"3297";"9592.8"
"1324574000";"2199000";"3297";"9600.7"
"1325917000";"2199000";"3297";"9609.0"
"1326996000";"2199000";"3297";"9617.0"
"1328077000";"2199000";"3297";"9625.3"
"1329157000";"2199000";"3297";"9633.3"
"1330238000";"2199000";"3297";"9641.2"
"1331580000";"2178000";"3297";"9651.1"
"1332659000";"2178000";"3297";"9659.0"
"1333745000";"2178000";"3297";"9667.0"
"1334829000";"2178000";"3297";"9674.9"
"1335908000";"2178000";"3297";"9682.9"
"1337252000";"2178000";"3297";"9691.2"
"1338332000";"2178000";"3297";"9699.2"
"1339413000";"2182600";"3297";"9707.5"
"1340493000";"2182600";"3297";"9715.4"
"1341573000";"2182600";"3297";"9723.4"
"1342922000";"2182600";"3297";"9731.7"
"1344001000";"2182600";"3297";"9739.7"
"1345082000";"2182600";"3297";"9748.0"
"1346162000";"2182600";"3297";"9755.9"
"1347242000";"2183500";"3297";"9763.9"
"1348585000";"2183500";"3297";"9772.2"
"1349665000";"2183500";"3297";"9780.2"
"1350746000";"2183500";"3297";"9788.5"
"1351826000";"2183500";"3297";"9796.5"
"1352912000";"2183500";"3297";"9804.4"
"1354254000";"2183500";"3297";"9812.7"
"1355335000";"2126200";"3297";"9820.7"
"1356414000";"2126200";"3297";"9828.6"
"1357493000";"2126200";"3297";"9836.6"
"1358574000";"2126200";"3297";"9844.9"
"1359917000";"2126200";"3297";"9852.9"
"1360997000";"2126200";"3297";"9861.2"
"1362076000";"2126200";"3297";"9869.1"
"1363162000";"2184100";"3297";"9877.1"
"1364241000";"2184100";"3297";"9885.1"
"1365584000";"2184100";"3297";"9894.9"
"1366665000";"2184100";"3297";"9903.2"
"1367745000";"2184100";"3297";"9911.2"
"1368824000";"2184100";"3298";"9919.1"
"1369904000";"2246800";"3297";"9927.1"
"1371246000";"2246800";"3297";"9935.4"
"1372327000";"2246800";"3297";"9943.4"
"1373412000";"2246800";"3297";"9951.7"
"1374492000";"2246800";"3297";"9959.6"
"1375573000";"2246800";"3297";"9967.6"
"1376920000";"2246800";"3297";"9975.9"
"1378000000";"2125200";"3297";"9983.9"
"1379079000";"2125200";"3297";"9991.8"
"1380160000";"2125200";"3297";"9999.8"
"1381239000";"2125200";"3297";"10008.1"
"1382583000";"2125200";"3297";"10016.0"
"1383668000";"2125200";"3297";"10024.4"
"1384748000";"2125200";"3297";"10032.3"
"1385827000";"2184100";"3297";"10040.3"
"1386908000";"2184100";"3297";"10048.6"
"1388250000";"2184100";"3297";"10056.9"
"1389330000";"2184100";"3297";"10064.9"
"1390409000";"2184100";"3297";"10072.8"
"1391489000";"2184100";"3297";"10080.8"
"1392570000";"2184100";"3297";"10089.1"
"1393918000";"2126900";"3297";"10097.1"
"1394998000";"2126900";"3297";"10105.4"
"1396078000";"2126900";"3297";"10113.4"
"1397159000";"2126900";"3297";"10121.3"
"1398239000";"2126900";"3297";"10129.3"
"1399582000";"2126900";"3297";"10137.6"
"1400662000";"2126900";"3297";"10145.5"
"1401742000";"2184800";"3297";"10153.5"
"1402822000";"2184800";"3297";"10161.8"
"1403907000";"2184800";"3297";"10169.8"
"1405250000";"2184800";"3297";"10178.1"
"1406329000";"2184800";"3297";"10186.0"
"1407410000";"2184800";"3297";"10194.4"
"1408489000";"2184800";"3297";"10202.3"
"1409569000";"2199000";"3297";"10210.3"
"1410912000";"2199000";"3297";"10218.6"
"1411992000";"2199000";"3297";"10226.5"
"1413077000";"2199000";"3297";"10234.5"
"1414157000";"2199000";"3297";"10242.8"
"1415237000";"2199000";"3297";"10250.8"
"1416581000";"2199000";"3297";"10259.1"
"1417660000";"2126700";"3297";"10267.1"
"1418745000";"2126700";"3297";"10275.0"
"1419826000";"2126700";"3297";"10283.0"
"1420905000";"2126700";"3297";"10290.9"
"1422247000";"2126700";"3297";"10299.2"
"1423333000";"2126700";"3297";"10307.6"
"1424412000";"2126700";"3296";"10315.5"
"1425493000";"2182300";"3296";"10323.5"
"1426574000";"2182300";"3296";"10331.8"
"1427917000";"2182300";"3297";"10340.1"
"1428996000";"2182300";"3297";"10348.1"
"1430076000";"2182300";"3296";"10356.0"
"1431156000";"2182300";"3296";"10364.4"
"1432236000";"2182300";"3296";"10372.3"
"1433585000";"2140800";"3296";"10380.6"
"1434665000";"2140800";"3296";"10388.6"
"1435745000";"2140800";"3297";"10396.5"
"1436824000";"2140800";"3297";"10404.5"
"1437904000";"2140800";"3296";"10412.4"
"1439247000";"2140800";"3296";"10420.8"
"1440327000";"2140800";"3296";"10429.1"
"1441408000";"2185300";"3296";"10437.1"
"1442488000";"2185300";"3296";"10445.0"
"1443573000";"2185300";"3296";"10453.0"
"1444915000";"2185300";"3296";"10461.3"
"1445995000";"2185300";"3296";"10469.6"
"1447075000";"2185300";"3296";"10477.6"
"1448154000";"2185300";"3296";"10485.5"
"1449234000";"2199200";"3296";"10493.8"
"1450576000";"2199200";"3296";"10502.2"
"1451656000";"2199200";"3296";"10510.1"
"1452736000";"2199200";"3296";"10518.1"
"1453821000";"2199200";"3296";"10526.0"
"1454901000";"2199200";"3296";"10534.0"
"1456243000";"2199200";"3296";"10542.3"
"1457323000";"2112800";"3296";"10550.2"
"1458403000";"2112800";"3296";"10558.6"
"1459484000";"2112800";"3296";"10566.5"
"1460569000";"2112800";"3296";"10574.5"
"1461912000";"2112800";"3296";"10582.8"
"1462997000";"2112800";"3296";"10591.1"
"1464076000";"2112800";"3296";"10599.1"
"1465155000";"2197400";"3296";"10607.0"
"1466236000";"2197400";"3296";"10615.4"
"1467578000";"2197400";"3296";"10623.7"
"1468658000";"2197400";"3296";"10631.6"
"1469738000";"2197400";"3296";"10639.6"
"1470818000";"2197400";"3296";"10647.6"
"1471898000";"2197400";"3296";"10655.9"
"1473247000";"2140800";"3296";"10664.2"
"1474327000";"2140800";"3296";"10672.2"
"1475406000";"2140800";"3296";"10680.1"
"1476486000";"2140800";"3296";"10688.1"
"1477566000";"2140800";"3296";"10696.0"
"1478909000";"2140800";"3296";"10704.3"
"1479989000";"2140800";"3296";"10712.3"
"1481070000";"2185300";"3296";"10720.6"
"1482149000";"2185300";"3296";"10728.6"
"1483234000";"2185300";"3296";"10736.5"
"1484578000";"2185300";"3296";"10744.8"
"1485658000";"2185300";"3296";"10752.8"
"1486738000";"2185300";"3296";"10761.1"
"1487818000";"2185300";"3296";"10769.1"
"1488898000";"2183700";"3296";"10777.0"
"1490241000";"2183700";"3296";"10785.4"
"1491320000";"2183700";"3296";"10793.7"
"1492400000";"2183700";"3296";"10801.6"
"1493485000";"2183700";"3296";"10809.6"
"1494565000";"2183700";"3296";"10817.5"
"1495909000";"2183700";"3296";"10825.9"
"1496988000";"2126900";"3296";"10833.8"
"1498069000";"2126900";"3296";"10841.8"
"1499149000";"2126900";"3296";"10850.1"
"1500229000";"2126900";"3296";"10858.1"
"1501571000";"2126900";"3297";"10866.4"
"1502656000";"2126900";"3297";"10874.3"
"1503741000";"2126900";"3296";"10882.3"
"1504821000";"2197200";"3297";"10890.6"
"1505901000";"2197200";"3297";"10898.6"
"1507243000";"2197200";"3296";"10906.9"
"1508323000";"2197200";"3296";"10914.8"
"1509404000";"2197200";"3296";"10923.2"
"1510483000";"2197200";"3296";"10931.1"
"1511562000";"2197200";"3296";"10939.1"
"1512910000";"2184500";"3297";"10948.9"
"1513990000";"2184500";"3297";"10956.9"
"1515070000";"2184500";"3297";"10964.8"
"1516149000";"2184500";"3296";"10972.8"
"1517229000";"2184500";"3297";"10980.7"
"1518572000";"2184500";"3297";"10990.6"
"1519651000";"2229700";"3296";"10998.5"
"1520732000";"2229700";"3296";"11006.9"
"1521811000";"2229700";"3296";"11014.8"
"1522896000";"2229700";"3296";"11022.8"
"1524239000";"2229700";"3296";"11031.1"
"1525319000";"2229700";"3296";"11039.4"
"1526400000";"2229700";"3296";"11047.4"
"1527480000";"2198500";"3296";"11055.3"
"1528560000";"2198500";"3296";"11063.3"
"1529903000";"2198500";"3296";"11071.6"
"1530983000";"2198500";"3296";"11079.9"
"1532063000";"2198500";"3296";"11087.9"
"1533148000";"2198500";"3296";"11095.8"
"1534228000";"2198500";"3296";"11103.8"
"1535571000";"2126500";"3296";"11112.1"
"1536651000";"2126500";"3296";"11120.1"
"1537731000";"2126500";"3296";"11128.4"
"1538811000";"2126500";"3296";"11136.3"
"1539891000";"2126500";"3296";"11144.3"
"1541234000";"2126500";"3296";"11152.6"
"1542313000";"2126500";"3296";"11160.6"
"1543398000";"2184300";"3296";"11168.5"
"1544483000";"2184300";"3296";"11176.9"
"1545564000";"2184300";"3297";"11184.8"
"1546906000";"2184300";"3297";"11194.7"
"1547985000";"2184300";"3297";"11202.6"
"1549065000";"2184300";"3297";"11210.9"
"1550146000";"2262000";"3297";"11218.9"
"1551226000";"2262000";"3297";"11226.8"
"1552569000";"2262000";"3297";"11236.7"
"1553654000";"2262000";"3297";"11244.6"
"1554734000";"2262000";"3297";"11252.6"
"1555813000";"2262000";"3297";"11260.5"
"1556894000";"2244700";"3297";"11268.9"
"1558235000";"2244700";"3297";"11278.3"
"1559315000";"2244700";"3297";"11286.3"
"1560395000";"2244700";"3297";"11294.6"
"1561474000";"2244700";"3297";"11302.6"
"1562554000";"2244700";"3297";"11310.5"
"1563902000";"2226700";"3297";"11320.4"
"1564983000";"2226700";"3297";"11328.3"
"1566062000";"2226700";"3297";"11336.7"
"1567143000";"2226700";"3297";"11344.6"
"1568222000";"2226700";"3297";"11352.6"
"1569565000";"2226700";"3297";"11360.9"
"1570646000";"2226700";"3297";"11368.8"
"1571726000";"2199900";"3297";"11377.2"
"1572805000";"2199900";"3297";"11385.1"
"1573890000";"2199900";"3297";"11393.1"
"1575234000";"2199900";"3297";"11401.4"
"1576314000";"2199900";"3297";"11409.3"
"1577394000";"2199900";"3297";"11417.3"
"1578474000";"2199900";"3297";"11425.6"
"1579555000";"2183500";"3297";"11433.6"
"1580896000";"2183500";"3297";"11441.9"
"1581977000";"2183500";"3297";"11449.9"
"1583063000";"2183500";"3297";"11457.8"
"1584143000";"2183500";"3297";"11465.8"
"1585224000";"2183500";"3297";"11474.1"
"1586572000";"2183500";"3297";"11482.4"
"1587651000";"2125300";"3297";"11490.4"
"1588731000";"2125300";"3297";"11498.7"
"1589811000";"2125300";"3297";"11506.7"
"1590892000";"2125300";"3297";"11514.6"
"1592234000";"2125300";"3297";"11522.9"
"1593319000";"2125300";"3297";"11530.9"
"1594400000";"2125300";"3297";"11538.8"
"1595480000";"2183500";"3297";"11546.8"
"1596560000";"2183500";"3297";"11555.1"
"1597903000";"2183500";"3297";"11563.4"
"1598983000";"2183500";"3297";"11571.4"
"1600064000";"2183500";"3297";"11579.3"
"1601143000";"2183500";"3297";"11587.3"
"1602224000";"2183500";"3297";"11595.2"
"1603571000";"2126500";"3297";"11603.6"
"1604652000";"2126500";"3297";"11611.9"
"1605732000";"2126500";"3297";"11619.8"
"1606812000";"2126500";"3297";"11627.8"
"1607891000";"2126500";"3297";"11636.1"
"1609234000";"2126500";"3297";"11644.5"
"1610314000";"2126500";"3297";"11652.4"
"1611394000";"2200100";"3297";"11660.4"
"1612474000";"2200100";"3297";"11668.3"
"1613559000";"2200100";"3297";"11676.6"
"1614902000";"2200100";"3297";"11686.1"
"1615982000";"2200100";"3297";"11694.1"
"1617063000";"2200100";"3297";"11702.4"
"1618143000";"2244500";"3297";"11710.3"
"1619222000";"2244500";"3297";"11718.3"
"1620565000";"2244500";"3297";"11726.6"
"1621644000";"2244500";"3297";"11734.6"
"1622725000";"2244500";"3297";"11742.5"
"1623810000";"2244500";"3297";"11750.9"
"1624890000";"2244500";"3297";"11758.8"
"1626233000";"2127000";"3297";"11767.1"
"1627312000";"2127000";"3297";"11775.1"
"1628398000";"2127000";"3297";"11783.4"
"1629478000";"2127000";"3297";"11791.4"
"1630557000";"2127000";"3297";"11799.3"
"1631900000";"2127000";"3297";"11807.6"
"1632986000";"2127000";"3297";"11816.0"
"1634066000";"2197000";"3297";"11823.9"
"1635146000";"2197000";"3297";"11831.9"
"1636227000";"2197000";"3297";"11839.8"
"1637570000";"2197000";"3297";"11848.1"
"1638649000";"2197000";"3297";"11856.1"
"1639730000";"2197000";"3297";"11864.4"
"1640809000";"2197000";"3297";"11872.4"
"1641889000";"2185300";"3297";"11880.3"
"1643237000";"2185300";"3297";"11888.7"
"1644318000";"2185300";"3297";"11896.6"
"1645397000";"2185300";"3297";"11904.9"
"1646478000";"2185300";"3297";"11912.9"
"1647558000";"2185300";"3297";"11920.8"
"1648901000";"2185300";"3297";"11929.2"
"1649981000";"2140600";"3297";"11937.5"
"1651061000";"2140600";"3297";"11945.5"
"1652141000";"2140600";"3297";"11953.4"
"1653226000";"2140600";"3296";"11961.4"
"1654569000";"2140600";"3296";"11969.7"
"1655648000";"2140600";"3296";"11977.6"
"1656729000";"2140600";"3296";"11985.6"
"1657809000";"2183900";"3296";"11993.9"
"1658888000";"2183900";"3296";"12001.9"
"1660231000";"2183900";"3296";"12010.2"
"1661310000";"2183900";"3296";"12018.1"
"1662390000";"2183900";"3296";"12026.1"
"1663475000";"2183900";"3296";"12034.0"
"1664554000";"2183900";"3296";"12042.4"
"1665897000";"2127400";"3296";"12050.7"
"1666976000";"2127400";"3296";"12058.7"
"1668057000";"2127400";"3296";"12066.6"
"1669137000";"2127400";"3296";"12074.9"
"1670222000";"2127400";"3296";"12082.9"
"1671564000";"2127400";"3296";"12091.2"
"1672643000";"2127400";"3296";"12099.2"
"1673728000";"2183200";"3296";"12107.1"
"1674809000";"2183200";"3296";"12115.1"
"1675889000";"2183200";"3296";"12123.4"
"1677232000";"2183200";"3296";"12131.7"
"1678311000";"2183200";"3296";"12139.7"
"1679390000";"2183200";"3296";"12147.6"
"1680469000";"2183200";"3296";"12155.6"
"1681549000";"2185700";"3296";"12163.5"
"1682897000";"2185700";"3296";"12171.8"
"1683977000";"2185700";"3296";"12180.2"
"1685057000";"2185700";"3296";"12188.1"
"1686136000";"2185700";"3296";"12196.1"
"1687216000";"2185700";"3296";"12204.0"
"1688560000";"2185700";"3296";"12212.7"
"1689641000";"2140800";"3296";"12220.7"
"1690720000";"2140800";"3296";"12228.6"
"1691800000";"2140800";"3296";"12236.6"
"1692886000";"2140800";"3296";"12244.5"
"1694228000";"2140800";"3296";"12252.9"
"1695308000";"2140800";"3297";"12261.2"
"1696388000";"2140800";"3297";"12269.2"
"1697468000";"2184100";"3297";"12277.1"
"1698548000";"2184100";"3297";"12285.1"
"1699891000";"2184100";"3297";"12293.4"
"1700970000";"2184100";"3297";"12301.3"
"1702050000";"2184100";"3297";"12309.3"
"1703136000";"2184100";"3297";"12317.2"
"1704215000";"2184100";"3297";"12325.6"
"1705557000";"2127200";"3297";"12333.9"
"1706637000";"2127200";"3297";"12341.8"
"1707717000";"2127200";"3297";"12349.8"
"1708797000";"2127200";"3297";"12357.7"
"1709877000";"2127200";"3297";"12366.1"
"1711219000";"2127200";"3297";"12374.4"
"1712304000";"2127200";"3297";"12382.4"
"1713389000";"2182600";"3297";"12390.3"
"1714469000";"2182600";"3297";"12398.3"
"1715549000";"2182600";"3297";"12406.2"
"1716892000";"2182600";"3297";"12414.5"
"1717971000";"2182600";"3297";"12422.5"
"1719051000";"2182600";"3297";"12430.4"
"1720131000";"2182600";"3297";"12438.4"
"1721210000";"2185700";"3297";"12446.7"
"1722554000";"2185700";"3297";"12456.2"
"1723640000";"2185700";"3297";"12464.5"
"1724720000";"2185700";"3297";"12472.5"
"1725801000";"2185700";"3297";"12480.4"
"1726880000";"2185700";"3297";"12488.4"
"1728222000";"2225600";"3296";"12498.2"
"1729303000";"2225600";"3296";"12506.2"
"1730382000";"2225600";"3296";"12514.5"
"1731462000";"2225600";"3297";"12522.5"
"1732542000";"2225600";"3297";"12530.4"
"1733890000";"2225600";"3297";"12538.7"
"1734969000";"2225600";"3296";"12546.7"
"1736048000";"2184400";"3296";"12554.6"
"1737129000";"2184400";"3296";"12562.6"
"1738209000";"2184400";"3296";"12570.5"
"1739552000";"2184400";"3296";"12580.4"
"1740633000";"2184400";"3296";"12588.3"
"1741713000";"2184400";"3296";"12596.3"
"1742793000";"2246000";"3296";"12604.6"
"1743878000";"2246000";"3296";"12612.6"
"1745221000";"2246000";"3296";"12620.9"
"1746300000";"2246000";"3296";"12628.8"
"1747381000";"2246000";"3296";"12637.2"
"1748461000";"2246000";"3296";"12645.1"
"1749541000";"2246000";"3296";"12653.1"
"1750883000";"2184000";"3296";"12662.9"
"1751963000";"2184000";"3296";"12670.9"
"1753048000";"2184000";"3296";"12678.8"
"1754133000";"2184000";"3296";"12686.8"
"1755213000";"2184000";"3296";"12694.7"
"1756556000";"2184000";"3296";"12703.1"
"1757635000";"2184000";"3295";"12711.0"
"1758715000";"2182600";"3295";"12719.3"
"1759795000";"2182600";"3296";"12727.3"
"1760876000";"2182600";"3296";"12735.2"
"1762217000";"2182600";"3296";"12745.1"
"1763303000";"2182600";"3296";"12753.0"
"1764384000";"2182600";"3296";"12761.0"
"1765463000";"2227800";"3296";"12768.9"
"1766542000";"2227800";"3296";"12777.3"
"1767886000";"2227800";"3296";"12785.6"
"1768965000";"2227800";"3296";"12793.6"
"1770046000";"2227800";"3296";"12801.5"
"1771125000";"2227800";"3296";"12809.5"
"1772205000";"2227800";"3296";"12817.8"
"1773553000";"2141100";"3296";"12826.1"
"1774632000";"2141100";"3296";"12834.1"
"1775711000";"2141100";"3296";"12842.0"
"1776791000";"2141100";"3296";"12850.0"
"1777870000";"2141100";"3296";"12857.9"
"1779214000";"2141100";"3296";"12867.8"
"1780294000";"2229900";"3296";"12875.7"
"1781374000";"2229900";"3296";"12883.7"
"1782453000";"2229900";"3296";"12891.6"
"1783538000";"2229900";"3296";"12900.0"
"1784880000";"2229900";"3296";"12908.3"
"1785959000";"2229900";"3296";"12916.2"
"1787040000";"2229900";"3296";"12924.2"
"1788119000";"2199400";"3296";"12932.5"
"1789200000";"2199400";"3296";"12940.5"
"1790542000";"2199400";"3296";"12948.8"
"1791621000";"2199400";"3296";"12956.7"
"1792700000";"2199400";"3296";"12964.7"
"1793786000";"2199400";"3296";"12972.6"
"1794867000";"2199400";"3296";"12981.0"
"1796213000";"2168700";"3296";"12990.4"
"1797294000";"2168700";"3296";"12998.4"
"1798373000";"2168700";"3296";"13006.7"
"1799454000";"2168700";"3296";"13014.7"
"1800534000";"2168700";"3296";"13022.6"
"1801876000";"2168700";"3296";"13030.9"
"1802962000";"2168700";"3296";"13038.9"
"1804042000";"2198500";"3296";"13047.2"
"1805122000";"2198500";"3296";"13055.2"
"1806202000";"2198500";"3296";"13063.1"
"1807545000";"2198500";"3296";"13071.5"
"1808625000";"2198500";"3296";"13079.8"
"1809705000";"2198500";"3296";"13087.7"
"1810786000";"2198500";"3296";"13095.7"
"1811865000";"2185200";"3296";"13103.6"
"1813213000";"2185200";"3296";"13112.0"
"1814293000";"2185200";"3297";"13119.9"
"1815372000";"2185200";"3297";"13127.9"
"1816453000";"2185200";"3297";"13136.2"
"1817533000";"2185200";"3297";"13144.2"
"1818876000";"2185200";"3297";"13152.5"
"1819955000";"2126900";"3297";"13160.4"
"1821035000";"2126900";"3297";"13168.4"
"1822115000";"2126900";"3297";"13176.3"
"1823200000";"2126900";"3297";"13184.3"
"1824543000";"2126900";"3296";"13192.6"
"1825623000";"2126900";"3296";"13200.9"
"1826702000";"2126900";"3296";"13208.9"
"1827782000";"2184300";"3296";"13216.8"
"1828862000";"2184300";"3296";"13225.2"
"1830204000";"2184300";"3296";"13233.5"
"1831285000";"2184300";"3296";"13241.5"
"1832365000";"2184300";"3296";"13249.4"
"1833450000";"2184300";"3296";"13257.4"
"1834531000";"2184300";"3296";"13265.3"
"1835874000";"2183500";"3296";"13275.2"
"1836953000";"2183500";"3296";"13283.1"
"1838038000";"2183500";"3296";"13291.1"
"1839118000";"2183500";"3296";"13299.0"
"1840198000";"2183500";"3296";"13307.3"
"1841541000";"2183500";"3296";"13315.7"
"1842621000";"2183500";"3296";"13323.6"
"1843707000";"2182500";"3297";"13331.6"
"1844787000";"2182500";"3296";"13339.5"
"1845867000";"2182500";"3297";"13347.5"
"1847210000";"2182500";"3297";"13356.2"
"1848290000";"2182500";"3297";"13364.1"
"1849370000";"2182500";"3297";"13372.1"
"1850451000";"2182500";"3297";"13380.0"
"1851530000";"2199900";"3297";"13388.4"
"1852879000";"2199900";"3297";"13396.7"
"1853959000";"2199900";"3297";"13404.6"
"1855040000";"2199900";"3297";"13412.6"
"1856120000";"2199900";"3297";"13420.5"
"1857200000";"2199900";"3297";"13428.5"
"1858542000";"2199900";"3297";"13436.8"
"1859623000";"2112100";"3297";"13444.8"
"1860703000";"2112100";"3297";"13452.7"
"1861784000";"2112100";"3297";"13461.1"
"1862869000";"2112100";"3297";"13469.0"
"1864211000";"2112100";"3297";"13478.5"
"1865292000";"2112100";"3297";"13486.8"
"1866372000";"2244300";"3297";"13494.8"
"1867452000";"2244300";"3297";"13502.7"
"1868531000";"2244300";"3297";"13511.0"
"1869874000";"2244300";"3297";"13519.4"
"1870953000";"2244300";"3297";"13527.3"
"1872032000";"2244300";"3297";"13535.3"
"1873118000";"2244300";"3297";"13543.2"
"1874198000";"2184400";"3297";"13551.2"
"1875541000";"2184400";"3297";"13559.5"
"1876621000";"2184400";"3297";"13567.4"
"1877701000";"2184400";"3297";"13575.8"
"1878780000";"2184400";"3297";"13583.7"
"1879866000";"2184400";"3297";"13591.7"
"1881209000";"2184400";"3297";"13600.0"
"1882290000";"2126500";"3297";"13607.9"
"1883376000";"2126500";"3297";"13616.3"
"1884456000";"2126500";"3297";"13624.2"
"1885535000";"2126500";"3297";"13632.2"
"1886878000";"2126500";"3297";"13640.5"
"1887957000";"2126500";"3297";"13648.8"
"1889038000";"2126500";"3297";"13656.8"
"1890117000";"2198700";"3297";"13664.7"
"1891197000";"2198700";"3297";"13673.1"
"1892540000";"2198700";"3297";"13682.5"
"1893626000";"2198700";"3297";"13690.5"
"1894707000";"2198700";"3297";"13698.8"
"1895786000";"2198700";"3297";"13706.8"
"1896867000";"2244300";"3297";"13714.7"
"1898210000";"2244300";"3297";"13723.1"
"1899290000";"2244300";"3297";"13731.0"
"1900371000";"2244300";"3297";"13739.0"
"1901450000";"2244300";"3297";"13746.9"
"1902530000";"2244300";"3297";"13755.2"
"1903878000";"2244300";"3297";"13763.6"
"1904958000";"2126500";"3297";"13771.5"
"1906039000";"2126500";"3297";"13779.5"
"1907118000";"2126500";"3297";"13787.8"
"1908198000";"2126500";"3297";"13795.8"
"1909541000";"2126500";"3297";"13804.1"
"1910621000";"2126500";"3297";"13812.0"
"1911701000";"2126500";"3297";"13820.0"
"1912780000";"2200300";"3297";"13828.3"
"1913866000";"2200300";"3297";"13836.3"
"1915209000";"2200300";"3297";"13845.7"
"1916289000";"2200300";"3297";"13854.1"
"1917369000";"2200300";"3297";"13862.0"
"1918449000";"2200300";"3297";"13870.0"
"1919529000";"2227600";"3297";"13877.9"
"1920871000";"2227600";"3297";"13887.8"
"1921956000";"2227600";"3296";"13895.7"
"1923042000";"2227600";"3296";"13903.7"
"1924122000";"2227600";"3296";"13912.0"
"1925202000";"2227600";"3296";"13920.0"
"1926545000";"2240700";"3296";"13929.8"
"1927625000";"2240700";"3296";"13937.7"
"1928704000";"2240700";"3296";"13945.7"
"1929784000";"2240700";"3296";"13954.0"
"1930863000";"2240700";"3297";"13962.0"
"1932205000";"2240700";"3297";"13971.8"
"1933290000";"2245800";"3297";"13979.8"
"1934370000";"2245800";"3297";"13987.7"
"1935450000";"2245800";"3296";"13995.7"
"1936530000";"2245800";"3296";"14003.6"
"1937874000";"2245800";"3296";"14013.5"
"1938953000";"2245800";"3296";"14021.4"
"1940033000";"2229300";"3296";"14029.4"
"1941113000";"2229300";"3296";"14037.3"
"1942194000";"2229300";"3296";"14045.7"
"1943541000";"2229300";"3296";"14054.0"
"1944621000";"2229300";"3296";"14061.9"
"1945701000";"2229300";"3296";"14069.9"
"1946782000";"2229300";"3296";"14078.2"
"1947862000";"2198300";"3296";"14086.2"
"1949205000";"2198300";"3297";"14094.5"
"1950284000";"2198300";"3297";"14102.5"
"1951364000";"2198300";"3297";"14110.4"
"1952443000";"2198300";"3297";"14118.7"
"1953529000";"2198300";"3297";"14126.7"
"1954872000";"2198300";"3297";"14135.0"
"1955952000";"2126900";"3297";"14143.0"
"1957032000";"2126900";"3297";"14150.9"
"1958112000";"2126900";"3297";"14158.9"
"1959191000";"2126900";"3297";"14166.8"
"1960533000";"2126900";"3297";"14175.1"
"1961613000";"2126900";"3297";"14183.5"
"1962693000";"2126900";"3297";"14191.4"
"1963783000";"2183200";"3296";"14199.4"
"1964863000";"2183200";"3296";"14207.3"
"1966206000";"2183200";"3296";"14215.7"
"1967287000";"2183200";"3297";"14224.0"
"1968367000";"2183200";"3297";"14231.9"
"1969447000";"2183200";"3297";"14239.9"
"1970528000";"2183200";"3297";"14248.2"
"1971872000";"2184300";"3297";"14257.7"
"1972957000";"2184300";"3297";"14266.0"
"1974036000";"2184300";"3297";"14274.0"
"1975116000";"2184300";"3297";"14281.9"
"1976196000";"2184300";"3296";"14289.9"
"1977539000";"2184300";"3296";"14298.2"
"1978619000";"2184300";"3297";"14306.2"
"1979699000";"2198800";"3297";"14314.5"
"1980778000";"2198800";"3297";"14322.4"
"1981858000";"2198800";"3297";"14330.4"
"1983206000";"2198800";"3297";"14338.7"
"1984286000";"2198800";"3297";"14346.7"
"1985367000";"2198800";"3297";"14355.0"
"1986447000";"2198800";"3297";"14362.9"
"1987527000";"2183700";"3297";"14370.9"
"1988870000";"2183700";"3297";"14380.7"
"1989950000";"2183700";"3296";"14388.7"
"1991030000";"2183700";"3296";"14397.0"
"1992109000";"2183700";"3297";"14405.0"
"1993195000";"2183700";"3297";"14412.9"
"1994538000";"2176600";"3297";"14421.3"
"1995618000";"2176600";"3297";"14429.2"
"1996698000";"2176600";"3297";"14437.2"
"1997779000";"2176600";"3297";"14445.1"
"1998860000";"2176600";"3297";"14453.4"
"2000202000";"2176600";"3297";"14461.8"
"2001283000";"2176600";"3297";"14469.7"
"2002363000";"2184600";"3297";"14477.7"
"2003449000";"2184600";"3297";"14485.6"
"2004529000";"2184600";"3297";"14494.0"
"2005876000";"2184600";"3297";"14502.3"
"2006955000";"2184600";"3297";"14510.2"
"2008035000";"2184600";"3297";"14518.2"
"2009115000";"2184600";"3297";"14526.5"
"2010195000";"2197400";"3297";"14534.5"
"2011538000";"2197400";"3297";"14542.8"
"2012618000";"2197400";"3297";"14550.7"
"2013703000";"2197400";"3297";"14558.7"
"2014784000";"2197400";"3297";"14566.6"
"2015863000";"2197400";"3297";"14575.0"
"2017206000";"2160100";"3297";"14584.4"
"2018287000";"2160100";"3297";"14592.4"
"2019367000";"2160100";"3297";"14600.7"
"2020447000";"2160100";"3297";"14608.7"
"2021527000";"2160100";"3297";"14616.6"
"2022874000";"2160100";"3297";"14624.9"
"2023954000";"2160100";"3296";"14632.9"
"2025034000";"2198700";"3296";"14641.2"
"2026114000";"2198700";"3297";"14649.2"
"2027194000";"2198700";"3296";"14657.1"
"2028538000";"2198700";"3296";"14665.5"
"2029618000";"2198700";"3297";"14673.8"
"2030697000";"2198700";"3297";"14681.7"
"2031777000";"2198700";"3297";"14689.7"
"2032862000";"2183700";"3297";"14697.6"
"2034206000";"2183700";"3297";"14706.0"
"2035286000";"2183700";"3296";"14713.9"
"2036366000";"2183700";"3296";"14722.3"
"2037446000";"2183700";"3297";"14730.2"
"2038526000";"2183700";"3297";"14738.2"
"2039868000";"2178000";"3297";"14748.0"
"2040949000";"2178000";"3297";"14756.0"
"2042029000";"2178000";"3297";"14763.9"
"2043114000";"2178000";"3297";"14772.2"
"2044194000";"2178000";"3297";"14780.2"
"2045536000";"2178000";"3297";"14788.5"
"2046616000";"2178000";"3297";"14796.5"
"2047701000";"2197400";"3297";"14804.8"
"2048781000";"2197400";"3297";"14812.8"
"2049861000";"2197400";"3297";"14820.7"
"2051203000";"2197400";"3297";"14829.0"
"2052284000";"2197400";"3297";"14837.0"
"2053369000";"2197400";"3297";"14845.3"
"2054450000";"2197400";"3297";"14853.3"
"2055530000";"2183500";"3297";"14861.2"
"2056873000";"2183500";"3297";"14869.5"
"2057952000";"2183500";"3297";"14877.5"
"2059031000";"2183500";"3297";"14885.4"
"2060111000";"2183500";"3297";"14893.4"
"2061191000";"2183500";"3297";"14901.7"
"2062533000";"2183500";"3297";"14910.0"
"2063618000";"2127400";"3297";"14918.0"
"2064698000";"2127400";"3297";"14925.9"
"2065777000";"2127400";"3297";"14933.9"
"2066858000";"2127400";"3297";"14942.2"
"2068199000";"2127400";"3297";"14950.6"
"2069279000";"2127400";"3297";"14958.5"
"2070359000";"2127400";"3297";"14966.5"
"2071438000";"2200800";"3297";"14974.8"
"2072518000";"2200800";"3297";"14982.7"
"2073866000";"2200800";"3297";"14991.1"
"2074946000";"2200800";"3297";"14999.0"
"2076025000";"2200800";"3297";"15007.0"
"2077104000";"2200800";"3297";"15014.9"
"2078184000";"2200800";"3297";"15022.9"
"2079526000";"2170400";"3297";"15032.7"
"2080606000";"2170400";"3297";"15040.7"
"2081687000";"2170400";"3297";"15048.6"
"2082767000";"2170400";"3297";"15057.0"
"2083852000";"2170400";"3297";"15064.9"
"2085195000";"2170400";"3297";"15074.8"
"2086275000";"2244300";"3297";"15082.7"
"2087356000";"2244300";"3296";"15090.7"
"2088436000";"2244300";"3297";"15099.0"
"2089520000";"2244300";"3297";"15106.9"
"2090862000";"2244300";"3297";"15115.3"
"2091943000";"2244300";"3297";"15123.2"
"2093028000";"2244300";"3297";"15131.6"
"2094108000";"2197400";"3297";"15139.5"
"2095188000";"2197400";"3296";"15147.5"
"2096531000";"2197400";"3296";"15155.8"
"2097612000";"2197400";"3296";"15163.7"
"2098691000";"2197400";"3296";"15172.1"
"2099772000";"2197400";"3296";"15180.0"
"2100852000";"2197400";"3296";"15188.0"
"2102194000";"2127900";"3296";"15196.3"
"2103280000";"2127900";"3296";"15204.2"
"2104359000";"2127900";"3296";"15212.2"
"2105440000";"2127900";"3296";"15220.5"
"2106520000";"2127900";"3296";"15228.5"
"2107863000";"2127900";"3296";"15236.8"
"2108943000";"2127900";"3296";"15244.7"
"2110023000";"2198300";"3296";"15253.1"
"2111102000";"2198300";"3296";"15261.0"
"2112182000";"2198300";"3296";"15269.0"
"2113530000";"2198300";"3296";"15277.3"
"2114611000";"2198300";"3296";"15285.3"
"2115691000";"2198300";"3296";"15293.6"
"2116771000";"2198300";"3296";"15301.5"
"2117850000";"2184100";"3296";"15309.5"
"2119193000";"2184100";"3296";"15317.8"
"2120273000";"2184100";"3296";"15325.8"
"2121353000";"2184100";"3296";"15333.7"
"2122433000";"2184100";"3296";"15341.7"
"2123518000";"2184100";"3296";"15350.0"
"2124861000";"2184100";"3296";"15358.3"
"2125940000";"2127000";"3296";"15366.3"
"2127020000";"2127000";"3296";"15374.2"
"2128101000";"2127000";"3296";"15382.6"
"2129180000";"2127000";"3296";"15390.5"
"2130522000";"2127000";"3296";"15398.8"
"2131607000";"2127000";"3296";"15406.8"
"2132686000";"2127000";"3296";"15414.7"
"2133772000";"2197400";"3296";"15423.1"
"2134851000";"2197400";"3296";"15431.0"
"2136194000";"2197400";"3296";"15439.3"
"2137274000";"2197400";"3297";"15447.3"
"2138354000";"2197400";"3297";"15455.2"
"2139433000";"2197400";"3297";"15463.2"
"2140514000";"2197400";"3296";"15471.2"
"2141857000";"2114100";"3296";"15479.5"
"2142942000";"2114100";"3296";"15487.8"
"2144022000";"2114100";"3296";"15495.8"
"2145102000";"2114100";"3296";"15503.7"
"2146183000";"2114100";"3296";"15512.0"
"2147525000";"2114100";"3296";"15520.4"
"2148606000";"2114100";"3296";"15528.3"
"2149685000";"2198500";"3296";"15536.3"
"2150765000";"2198500";"3296";"15544.6"
"2151845000";"2198500";"3296";"15552.6"
"2153193000";"2198500";"3297";"15560.9"
"2154273000";"2198500";"3297";"15568.8"
"2155353000";"2198500";"3297";"15576.8"
"2156432000";"2198500";"3297";"15584.7"
"2157512000";"2184300";"3296";"15592.7"
"2158855000";"2184300";"3296";"15601.0"
"2159935000";"2184300";"3296";"15609.0"
"2161015000";"2184300";"3297";"15617.3"
"2162094000";"2184300";"3297";"15625.2"
"2163180000";"2184300";"3297";"15633.2"
"2164522000";"2176800";"3297";"15643.0"
"2165602000";"2176800";"3296";"15651.0"
"2166681000";"2176800";"3296";"15658.9"
"2167762000";"2176800";"3296";"15667.3"
"2168841000";"2176800";"3296";"15675.2"
"2170183000";"2176800";"3296";"15685.1"
"2171263000";"2247100";"3297";"15693.0"
"2172343000";"2247100";"3296";"15701.0"
"2173433000";"2247100";"3296";"15708.9"
"2174513000";"2247100";"3296";"15717.3"
"2175856000";"2247100";"3296";"15725.6"
"2176937000";"2247100";"3296";"15733.5"
"2178016000";"2247100";"3297";"15741.5"
"2179095000";"2182600";"3297";"15749.4"
"2180175000";"2182600";"3297";"15757.4"
"2181518000";"2182600";"3296";"15765.7"
"2182598000";"2182600";"3296";"15773.7"
"2183684000";"2182600";"3296";"15782.0"
"2184764000";"2182600";"3296";"15790.0"
"2185843000";"2182600";"3296";"15797.9"
"2187187000";"2140800";"3296";"15806.6"
"2188266000";"2140800";"3296";"15814.6"
"2189346000";"2140800";"3296";"15822.5"
"2190426000";"2140800";"3296";"15830.5"
"2191506000";"2140800";"3296";"15838.8"
"2192854000";"2140800";"3296";"15847.1"
"2193934000";"2140800";"3296";"15855.1"
"2195015000";"2183900";"3296";"15863.0"
"2196094000";"2183900";"3296";"15871.0"
"2197174000";"2183900";"3296";"15878.9"
"2198517000";"2183900";"3296";"15887.2"
"2199596000";"2183900";"3296";"15895.2"
"2200677000";"2183900";"3296";"15903.5"
"2201757000";"2183900";"3296";"15911.5"
"2202837000";"2185500";"3296";"15919.4"
"2204185000";"2185500";"3296";"15927.8"
"2205265000";"2185500";"3296";"15935.7"
"2206345000";"2185500";"3296";"15944.0"
"2207424000";"2185500";"3296";"15952.0"
"2208503000";"2185500";"3296";"15959.9"
"2209846000";"2185500";"3296";"15968.3"
"2210926000";"2141300";"3296";"15976.6"
"2212005000";"2141300";"3296";"15984.6"
"2213091000";"2141300";"3296";"15992.5"
"2214171000";"2141300";"3296";"16000.8"
"2215518000";"2141300";"3296";"16009.2"
"2216599000";"2141300";"3296";"16017.1"
"2217678000";"2141300";"3296";"16025.1"
"2218757000";"2183200";"3296";"16033.0"
"2219836000";"2183200";"3296";"16041.0"
"2221179000";"2183200";"3296";"16049.3"
"2222259000";"2183200";"3296";"16057.2"
"2223346000";"2183200";"3296";"16065.6"
"2224426000";"2183200";"3296";"16073.5"
"2225506000";"2183200";"3296";"16081.5"
"2226848000";"2183800";"3296";"16091.3"
"2227927000";"2183800";"3296";"16099.3"
"2229008000";"2183800";"3296";"16107.6"
"2230087000";"2183800";"3296";"16115.6"
"2231166000";"2183800";"3296";"16123.5"
"2232508000";"2183800";"3296";"16131.8"
"2233594000";"2183800";"3296";"16139.8"
"2234675000";"2184100";"3296";"16147.7"
"2235754000";"2184100";"3296";"16156.1"
"2236834000";"2184100";"3296";"16164.0"
"2238177000";"2184100";"3296";"16172.3"
"2239256000";"2184100";"3297";"16180.3"
"2240336000";"2184100";"3297";"16188.2"
"2241416000";"2184100";"3297";"16196.2"
"2242497000";"2200300";"3297";"16204.5"
"2243845000";"2200300";"3297";"16212.5"
"2244925000";"2200300";"3297";"16220.8"
"2246005000";"2200300";"3297";"16228.8"
"2247085000";"2200300";"3297";"16236.7"
"2248165000";"2200300";"3297";"16245.0"
"2249507000";"2160300";"3296";"16254.5"
"2250587000";"2160300";"3296";"16262.8"
"2251667000";"2160300";"3297";"16270.8"
"2252748000";"2160300";"3297";"16278.7"
"2253833000";"2160300";"3297";"16286.7"
"2255175000";"2160300";"3297";"16295.0"
"2256255000";"2160300";"3297";"16303.0"
"2257340000";"2182500";"3297";"16310.9"
"2258420000";"2182500";"3297";"16318.9"
"2259500000";"2182500";"3297";"16327.2"
"2260843000";"2182500";"3297";"16335.1"
"2261923000";"2182500";"3297";"16343.5"
"2263008000";"2182500";"3297";"16351.4"
"2264088000";"2182500";"3297";"16359.4"
"2265168000";"2183700";"3297";"16367.3"
"2266512000";"2183700";"3297";"16375.7"
"2267592000";"2183700";"3297";"16384.0"
"2268672000";"2183700";"3297";"16391.9"
"2269751000";"2183700";"3297";"16399.9"
"2270832000";"2183700";"3297";"16407.8"
"2272175000";"2177800";"3297";"16417.7"
"2273260000";"2177800";"3297";"16425.6"
"2274340000";"2177800";"3297";"16434.0"
"2275420000";"2177800";"3297";"16441.9"
"2276501000";"2177800";"3297";"16449.9"
"2277843000";"2177800";"3297";"16458.2"
"2278923000";"2177800";"3297";"16466.2"
"2280003000";"2183700";"3297";"16474.1"
"2281084000";"2183700";"3297";"16482.1"
"2282163000";"2183700";"3297";"16490.4"
"2283511000";"2183700";"3297";"16499.9"
"2284591000";"2183700";"3297";"16507.8"
"2285672000";"2183700";"3297";"16516.1"
"2286752000";"2244500";"3297";"16524.1"
"2287832000";"2244500";"3297";"16532.0"
"2289175000";"2244500";"3297";"16540.4"
"2290256000";"2244500";"3297";"16548.7"
"2291336000";"2244500";"3297";"16556.6"
"2292416000";"2244500";"3297";"16564.6"
"2293502000";"2244500";"3297";"16572.6"
"2294845000";"2126200";"3296";"16580.9"
"2295925000";"2126200";"3296";"16588.8"
"2297004000";"2126200";"3296";"16596.8"
"2298085000";"2126200";"3296";"16604.7"
"2299170000";"2126200";"3296";"16613.1"
"2300512000";"2126200";"3296";"16621.4"
"2301592000";"2126200";"3296";"16629.3"
"2302672000";"2184100";"3296";"16637.3"
"2303757000";"2184100";"3296";"16645.2"
"2304837000";"2184100";"3296";"16653.2"
"2306180000";"2184100";"3296";"16661.5"
"2307260000";"2184100";"3296";"16669.8"
"2308340000";"2184100";"3296";"16677.8"
"2309419000";"2184100";"3296";"16685.7"
"2310499000";"2198800";"3296";"16694.1"
"2311843000";"2198800";"3296";"16703.5"
"2312928000";"2198800";"3296";"16711.9"
"2314009000";"2198800";"3296";"16719.8"
"2315088000";"2198800";"3296";"16727.8"
"2316168000";"2198800";"3296";"16735.7"
"2317510000";"2226000";"3296";"16745.6"
"2318590000";"2226000";"3296";"16753.5"
"2319670000";"2226000";"3296";"16761.5"
"2320750000";"2226000";"3296";"16769.4"
"2321830000";"2226000";"3296";"16777.4"
"2323178000";"2226000";"3296";"16785.7"
"2324258000";"2226000";"3296";"16794.0"
"2325338000";"2183700";"3296";"16802.0"
"2326418000";"2183700";"3296";"16809.9"
"2327497000";"2183700";"3296";"16817.9"
"2328839000";"2183700";"3296";"16827.7"
"2329920000";"2183700";"3296";"16835.7"
"2331001000";"2183700";"3296";"16844.0"
"2332080000";"2247100";"3296";"16852.0"
"2333166000";"2247100";"3296";"16859.9"
"2334508000";"2247100";"3296";"16868.3"
"2335587000";"2247100";"3296";"16876.2"
"2336667000";"2247100";"3296";"16884.2"
"2337747000";"2247100";"3296";"16892.1"
"2338826000";"2247100";"3296";"16900.4"
"2340169000";"2169900";"3296";"16909.9"
"2341254000";"2169900";"3296";"16918.2"
"2342334000";"2169900";"3296";"16926.2"
"2343420000";"2169900";"3296";"16934.1"
"2344499000";"2169900";"3296";"16942.1"
"2345842000";"2169900";"3296";"16950.4"
"2346921000";"2169900";"3296";"16958.8"
"2348001000";"2197600";"3296";"16966.7"
"2349081000";"2197600";"3296";"16974.7"
"2350161000";"2197600";"3296";"16983.0"
"2351504000";"2197600";"3296";"16991.3"
"2352583000";"2197600";"3296";"16999.3"
"2353668000";"2197600";"3296";"17007.2"
"2354748000";"2197600";"3296";"17015.2"
"2355828000";"2184100";"3296";"17023.1"
"2357171000";"2184100";"3296";"17031.4"
"2358251000";"2184100";"3296";"17039.4"
"2359331000";"2184100";"3296";"17047.3"
"2360411000";"2184100";"3296";"17055.7"
"2361490000";"2184100";"3296";"17063.6"
"2362833000";"2161900";"3296";"17073.1"
"2363918000";"2161900";"3296";"17081.4"
"2364999000";"2161900";"3296";"17089.4"
"2366078000";"2161900";"3296";"17097.3"
"2367159000";"2161900";"3296";"17105.7"
"2368502000";"2161900";"3297";"17114.0"
"2369582000";"2161900";"3297";"17121.9"
"2370661000";"2198500";"3297";"17129.9"
"2371741000";"2198500";"3297";"17137.8"
"2372820000";"2198500";"3297";"17146.2"
"2374167000";"2198500";"3297";"17155.6"
"2375248000";"2198500";"3297";"17163.6"
"2376328000";"2198500";"3297";"17171.9"
"2377407000";"2245600";"3297";"17179.9"
"2378487000";"2245600";"3297";"17187.8"
"2379830000";"2245600";"3297";"17197.7"
"2380910000";"2245600";"3297";"17205.6"
"2381989000";"2245600";"3297";"17213.6"
"2383079000";"2245600";"3297";"17221.9"
"2384159000";"2243400";"3297";"17229.9"
"2385502000";"2243400";"3297";"17238.2"
"2386581000";"2243400";"3297";"17246.1"
"2387661000";"2243400";"3297";"17254.5"
"2388741000";"2243400";"3297";"17262.4"
"2389821000";"2243400";"3296";"17270.4"
"2391164000";"2243400";"3296";"17278.7"
"2392245000";"2142300";"3296";"17287.0"
"2393330000";"2142300";"3296";"17295.0"
"2394410000";"2142300";"3296";"17302.9"
"2395490000";"2142300";"3296";"17310.9"
"2396832000";"2142300";"3296";"17320.7"
"2397913000";"2142300";"3296";"17328.7"
"2398992000";"2228000";"3296";"17336.6"
"2400072000";"2228000";"3296";"17344.6"
"2401152000";"2228000";"3296";"17352.5"
"2402496000";"2228000";"3296";"17362.4"
"2403582000";"2228000";"3296";"17370.3"
"2404663000";"2228000";"3296";"17378.7"
"2405743000";"2243600";"3296";"17386.6"
"2406823000";"2243600";"3296";"17394.6"
"2408165000";"2243600";"3296";"17402.9"
"2409246000";"2243600";"3296";"17411.2"
"2410326000";"2243600";"3296";"17419.2"
"2411406000";"2243600";"3296";"17427.1"
"2412487000";"2243600";"3296";"17435.1"
"2413835000";"2183500";"3296";"17444.9"
"2414915000";"2183500";"3296";"17452.9"
"2415996000";"2183500";"3296";"17460.8"
"2417076000";"2183500";"3296";"17469.2"
"2418156000";"2183500";"3296";"17477.1"
"2419498000";"2183500";"3296";"17486.6"
"2420578000";"2229300";"3296";"17494.5"
"2421658000";"2229300";"3296";"17502.5"
"2422738000";"2229300";"3296";"17510.8"
"2423823000";"2229300";"3296";"17518.8"
"2425170000";"2229300";"3296";"17527.1"
"2426250000";"2229300";"3296";"17535.0"
"2427330000";"2229300";"3296";"17543.0"
"2428410000";"2197400";"3296";"17551.3"
"2429490000";"2197400";"3296";"17559.3"
"2430832000";"2197400";"3296";"17567.6"
"2431912000";"2197400";"3296";"17575.6"
"2432997000";"2197400";"3296";"17583.9"
"2434077000";"2197400";"3296";"17591.8"
"2435157000";"2197400";"3296";"17599.8"
"2436499000";"2127200";"3296";"17608.1"
"2437579000";"2127200";"3296";"17616.1"
"2438659000";"2127200";"3296";"17624.0"
"2439739000";"2127200";"3296";"17632.0"
"2440819000";"2127200";"3296";"17640.3"
"2442162000";"2127200";"3296";"17648.2"
"2443248000";"2127200";"3296";"17656.6"
"2444328000";"2183700";"3296";"17664.5"
"2445408000";"2183700";"3296";"17672.5"
"2446487000";"2183700";"3296";"17680.4"
"2447831000";"2183700";"3296";"17689.1"
"2448910000";"2183700";"3296";"17697.1"
"2449990000";"2183700";"3296";"17705.0"
"2451071000";"2183700";"3296";"17713.0"
"2452151000";"2199900";"3296";"17721.3"
"2453500000";"2199900";"3296";"17729.6"
"2454580000";"2199900";"3296";"17737.6"
"2455660000";"2199900";"3296";"17745.5"
"2456740000";"2199900";"3296";"17753.5"
"2457820000";"2199900";"3296";"17761.5"
"2459164000";"2199900";"3296";"17769.8"
"2460244000";"2111900";"3296";"17777.7"
"2461324000";"2111900";"3297";"17785.7"
"2462403000";"2111900";"3297";"17794.0"
"2463488000";"2111900";"3297";"17802.0"
"2464831000";"2111900";"3297";"17811.8"
"2465911000";"2111900";"3297";"17819.8"
"2466996000";"2243400";"3297";"17827.7"
"2468076000";"2243400";"3297";"17836.0"
"2469157000";"2243400";"3297";"17844.0"
"2470500000";"2243400";"3297";"17853.8"
"2471579000";"2243400";"3297";"17861.8"
"2472659000";"2243400";"3297";"17869.7"
"2473745000";"2244500";"3297";"17877.7"
"2474825000";"2244500";"3297";"17885.7"
"2476169000";"2244500";"3297";"17894.0"
"2477249000";"2244500";"3297";"17901.9"
"2478329000";"2244500";"3297";"17910.3"
"2479410000";"2244500";"3297";"17918.2"
"2480490000";"2244500";"3297";"17926.2"
"2481833000";"2127500";"3297";"17934.5"
"2482918000";"2127500";"3297";"17942.4"
"2483998000";"2127500";"3297";"17950.4"
"2485078000";"2127500";"3297";"17958.3"
"2486158000";"2127500";"3297";"17966.7"
"2487500000";"2127500";"3297";"17976.5"
"2488579000";"2245100";"3297";"17984.5"
"2489658000";"2245100";"3297";"17992.4"
"2490738000";"2245100";"3297";"18000.8"
"2491818000";"2245100";"3297";"18008.7"
"2493168000";"2245100";"3297";"18018.6"
"2494248000";"2245100";"3297";"18026.5"
"2495327000";"2244900";"3297";"18034.5"
"2496407000";"2244900";"3297";"18042.4"
"2497487000";"2244900";"3297";"18050.4"
"2498830000";"2244900";"3297";"18058.7"
"2499910000";"2244900";"3297";"18066.6"
"2500991000";"2244900";"3297";"18074.6"
"2502071000";"2244900";"3297";"18082.9"
"2503157000";"2183400";"3297";"18090.9"
"2504499000";"2183400";"3297";"18099.2"
"2505579000";"2183400";"3297";"18107.1"
"2506659000";"2183400";"3297";"18115.1"
"2507740000";"2183400";"3297";"18123.4"
"2508825000";"2183400";"3297";"18131.4"
"2510166000";"2183400";"3297";"18139.7"
"2511246000";"2127200";"3297";"18147.7"
"2512325000";"2127200";"3297";"18156.0"
"2513411000";"2127200";"3297";"18163.9"
"2514492000";"2127200";"3297";"18171.9"
"2515835000";"2127200";"3297";"18180.2"
"2516915000";"2127200";"3297";"18188.2"
"2517995000";"2127200";"3297";"18196.1"
"2519075000";"2183400";"3297";"18204.1"
"2520156000";"2183400";"3297";"18212.0"
"2521498000";"2183400";"3296";"18220.3"
"2522578000";"2183400";"3296";"18228.7"
"2523663000";"2183400";"3297";"18236.6"
"2524743000";"2183400";"3296";"18244.6"
"2525823000";"2183400";"3296";"18252.5"
"2527166000";"2126700";"3296";"18260.8"
"2528246000";"2126700";"3296";"18269.2"
"2529326000";"2126700";"3296";"18277.1"
"2530405000";"2126700";"3296";"18285.1"
"2531486000";"2126700";"3296";"18293.0"
"2532828000";"2126700";"3296";"18301.4"
"2533914000";"2126700";"3297";"18309.7"
"2534994000";"2198700";"3297";"18317.6"
"2536074000";"2198700";"3297";"18325.6"
"2537154000";"2198700";"3297";"18333.5"
"2538498000";"2198700";"3296";"18341.9"
"2539577000";"2198700";"3296";"18349.8"
"2540657000";"2198700";"3296";"18357.8"
"2541737000";"2198700";"3296";"18366.1"
"2542816000";"2185500";"3296";"18374.1"
"2544165000";"2185500";"3296";"18382.4"
"2545245000";"2185500";"3296";"18390.3"
"2546325000";"2185500";"3296";"18398.3"
"2547405000";"2185500";"3297";"18406.2"
"2548485000";"2185500";"3297";"18414.6"
"2549827000";"2176600";"3296";"18424.4"
"2550912000";"2176600";"3296";"18432.4"
"2551991000";"2176600";"3296";"18440.3"
"2553077000";"2176600";"3296";"18448.3"
"2554158000";"2176600";"3296";"18456.6"
"2555500000";"2176600";"3296";"18466.1"
"2556581000";"2225700";"3296";"18474.0"
"2557660000";"2225700";"3296";"18482.0"
"2558741000";"2225700";"3296";"18489.9"
"2559820000";"2225700";"3296";"18498.3"
"2561163000";"2225700";"3296";"18507.7"
"2562242000";"2225700";"3296";"18515.7"
"2563328000";"2244900";"3296";"18524.0"
"2564408000";"2244900";"3296";"18532.0"
"2565487000";"2244900";"3296";"18539.9"
"2566829000";"2244900";"3296";"18549.8"
"2567909000";"2244900";"3296";"18557.7"
"2568989000";"2244900";"3296";"18565.7"
"2570069000";"2247100";"3296";"18574.0"
"2571150000";"2247100";"3296";"18581.9"
"2572492000";"2247100";"3296";"18590.3"
"2573577000";"2247100";"3296";"18598.2"
"2574658000";"2247100";"3296";"18606.2"
"2575738000";"2247100";"3296";"18614.5"
"2576819000";"2247100";"3296";"18622.5"
"2578162000";"2126400";"3297";"18630.8"
"2579242000";"2126400";"3297";"18638.7"
"2580322000";"2126400";"3297";"18646.7"
"2581402000";"2126400";"3297";"18654.6"
"2582482000";"2126400";"3297";"18662.6"
"2583830000";"2126400";"3297";"18672.4"
"2584910000";"2227600";"3297";"18680.4"
"2585990000";"2227600";"3297";"18688.7"
"2587069000";"2227600";"3297";"18696.7"
"2588149000";"2227600";"3297";"18704.6"
"2589493000";"2227600";"3297";"18712.9"
"2590572000";"2227600";"3296";"18720.9"
"2591652000";"2227600";"3296";"18729.2"
"2592737000";"2198800";"3296";"18737.2"
"2593823000";"2198800";"3296";"18745.1"
"2595166000";"2198800";"3296";"18755.0"
"2596245000";"2198800";"3296";"18762.9"
"2597325000";"2198800";"3296";"18770.9"
"2598405000";"2198800";"3296";"18778.8"
"2599484000";"2244900";"3296";"18787.2"
"2600827000";"2244900";"3296";"18795.1"
"2601908000";"2244900";"3296";"18803.4"
"2602994000";"2244900";"3296";"18811.4"
"2604073000";"2244900";"3296";"18819.3"
"2605153000";"2244900";"3296";"18827.7"
"2606496000";"2244900";"3296";"18836.0"
"2607576000";"2126500";"3296";"18843.9"
"2608656000";"2126500";"3296";"18851.9"
"2609736000";"2126500";"3296";"18860.2"
"2610816000";"2126500";"3296";"18868.2"
"2612158000";"2126500";"3296";"18878.0"
"2613243000";"2126500";"3297";"18886.0"
"2614323000";"2244900";"3297";"18893.9"
"2615402000";"2244900";"3297";"18901.9"
"2616482000";"2244900";"3296";"18909.8"
"2617825000";"2244900";"3296";"18918.2"
"2618905000";"2244900";"3296";"18926.1"
"2619985000";"2244900";"3296";"18934.1"
"2621065000";"2244900";"3296";"18942.0"
"2622145000";"2185700";"3296";"18950.4"
"2623493000";"2185700";"3296";"18959.8"
"2624574000";"2185700";"3296";"18968.1"
"2625654000";"2185700";"3296";"18976.1"
"2626734000";"2185700";"3296";"18984.1"
"2627814000";"2185700";"3296";"18992.0"
"2629157000";"2159700";"3296";"19000.3"
"2630236000";"2159700";"3296";"19008.7"
"2631315000";"2159700";"3296";"19016.6"
"2632396000";"2159700";"3296";"19024.6"
"2633481000";"2159700";"3296";"19032.9"
"2634828000";"2159700";"3296";"19040.8"
"2635908000";"2159700";"3296";"19049.2"
"2636988000";"2197600";"3296";"19057.1"
"2638067000";"2197600";"3296";"19065.1"
"2639146000";"2197600";"3296";"19073.0"
"2640490000";"2197600";"3296";"19081.3"
"2641570000";"2197600";"3296";"19089.3"
"2642650000";"2197600";"3296";"19097.2"
"2643735000";"2197600";"3296";"19105.6"
"2644814000";"2184400";"3296";"19113.5"
"2646157000";"2184400";"3296";"19121.9"
"2647237000";"2184400";"3296";"19129.8"
"2648317000";"2184400";"3296";"19137.8"
"2649397000";"2184400";"3296";"19146.1"
"2650477000";"2184400";"3296";"19154.0"
"2651820000";"2184400";"3296";"19162.4"
"2652905000";"2126900";"3296";"19170.3"
"2653986000";"2126900";"3297";"19178.3"
"2655065000";"2126900";"3297";"19186.6"
"2656145000";"2126900";"3297";"19194.6"
"2657488000";"2126900";"3297";"19202.9"
"2658568000";"2126900";"3296";"19210.8"
"2659648000";"2126900";"3296";"19218.8"
"2660727000";"2185300";"3296";"19226.7"
"2661808000";"2185300";"3296";"19234.7"
"2663157000";"2185300";"3296";"19243.0"
"2664237000";"2185300";"3296";"19251.3"
"2665316000";"2185300";"3296";"19259.3"
"2666396000";"2185300";"3296";"19267.2"
"2667477000";"2185300";"3296";"19275.2"
"2668819000";"2183500";"3296";"19285.0"
"2669900000";"2183500";"3296";"19293.0"
"2670980000";"2183500";"3296";"19301.3"
"2672059000";"2183500";"3296";"19309.3"
"2673145000";"2183500";"3296";"19317.2"
"2674489000";"2183500";"3296";"19325.5"
"2675569000";"2183500";"3296";"19333.5"
"2676654000";"2196900";"3296";"19341.8"
"2677733000";"2196900";"3296";"19349.8"
"2678814000";"2196900";"3296";"19357.7"
"2680155000";"2196900";"3296";"19366.1"
"2681235000";"2196900";"3296";"19374.0"
"2682314000";"2196900";"3296";"19382.0"
"2683401000";"2196900";"3296";"19390.3"
"2684480000";"2184400";"3296";"19398.2"
"2685823000";"2184400";"3296";"19406.6"
"2686903000";"2184400";"3296";"19414.5"
"2687983000";"2184400";"3296";"19422.5"
"2689064000";"2184400";"3296";"19430.8"
"2690144000";"2184400";"3296";"19438.8"
"2691486000";"2178000";"3296";"19448.6"
"2692566000";"2178000";"3296";"19456.6"
"2693652000";"2178000";"3296";"19464.9"
"2694731000";"2178000";"3296";"19472.8"
"2695811000";"2178000";"3296";"19480.8"
"2697154000";"2178000";"3296";"19489.1"
"2698234000";"2178000";"3296";"19497.1"
"2699314000";"2183700";"3296";"19505.0"
"2700394000";"2183700";"3296";"19513.0"
"2701474000";"2183700";"3296";"19520.9"
"2702818000";"2183700";"3296";"19529.2"
"2703903000";"2183700";"3296";"19537.6"
"2704983000";"2183700";"3296";"19545.5"
"2706062000";"2183700";"3296";"19553.5"
"2707142000";"2183900";"3296";"19561.4"
"2708485000";"2183900";"3296";"19570.1"
"2709565000";"2183900";"3296";"19578.1"
"2710645000";"2183900";"3296";"19586.0"
"2711724000";"2183900";"3296";"19594.0"
"2712803000";"2183900";"3296";"19602.3"
"2714151000";"2183900";"3296";"19610.6"
"2715232000";"2141300";"3296";"19618.6"
"2716311000";"2141300";"3296";"19626.5"
"2717391000";"2141300";"3296";"19634.5"
"2718483000";"2141300";"3296";"19642.5"
"2719826000";"2141300";"3296";"19650.8"
"2720905000";"2141300";"3296";"19658.7"
"2721986000";"2141300";"3296";"19667.1"
"2723070000";"2180900";"3296";"19675.0"
"2724149000";"2180900";"3296";"19683.0"
"2725492000";"2180900";"3296";"19691.3"
"2726572000";"2180900";"3297";"19699.2"
"2727652000";"2180900";"3297";"19707.6"
"2728732000";"2180900";"3297";"19715.5"
"2729813000";"2180900";"3297";"19723.5"
"2731155000";"2185500";"3297";"19733.3"
"2732235000";"2185500";"3297";"19741.3"
"2733321000";"2185500";"3297";"19749.6"
"2734401000";"2185500";"3297";"19757.6"
"2735480000";"2185500";"3297";"19765.5"
"2736823000";"2185500";"3297";"19773.8"
"2737902000";"2185500";"3297";"19781.8"
"2738981000";"2184300";"3297";"19789.7"
"2740062000";"2184300";"3297";"19797.7"
"2741141000";"2184300";"3297";"19805.6"
"2742484000";"2184300";"3297";"19814.0"
"2743570000";"2184300";"3297";"19821.9"
"2744650000";"2184300";"3297";"19829.9"
"2745731000";"2184300";"3297";"19838.2"
"2746810000";"2183500";"3297";"19846.1"
"2748153000";"2183500";"3297";"19854.5"
"2749234000";"2183500";"3297";"19862.4"
"2750313000";"2183500";"3297";"19870.4"
"2751394000";"2183500";"3297";"19878.7"
"2752474000";"2183500";"3297";"19886.7"
"2753822000";"2183500";"3297";"19895.0"
"2754903000";"2126400";"3297";"19902.9"
"2755983000";"2126400";"3297";"19910.9"
"2757063000";"2126400";"3297";"19918.8"
"2758142000";"2126400";"3296";"19926.8"
"2759485000";"2126400";"3296";"19935.1"
"2760570000";"2126400";"3296";"19943.4"
"2761650000";"2126400";"3296";"19951.4"
"2762730000";"2184100";"3296";"19959.3"
"2763815000";"2184100";"3296";"19967.3"
"2765159000";"2184100";"3296";"19977.1"
"2766239000";"2184100";"3296";"19985.1"
"2767319000";"2184100";"3296";"19993.4"
"2768400000";"2184100";"3296";"20001.4"
"2769479000";"2244300";"3296";"20009.3"
"2770822000";"2244300";"3296";"20017.7"
"2771902000";"2244300";"3296";"20026.0"
"2772986000";"2244300";"3296";"20033.9"
"2774066000";"2244300";"3296";"20041.9"
"2775146000";"2244300";"3296";"20049.8"
"2776489000";"2244300";"3296";"20058.2"
"2777570000";"2126900";"3296";"20066.1"
"2778650000";"2126900";"3296";"20074.1"
"2779730000";"2126900";"3296";"20082.4"
"2780810000";"2126900";"3296";"20090.4"
"2782153000";"2126900";"3296";"20099.8"
"2783239000";"2126900";"3296";"20107.8"
"2784319000";"2244300";"3296";"20116.1"
"2785399000";"2244300";"3296";"20124.1"
"2786480000";"2244300";"3296";"20132.0"
"2787822000";"2244300";"3296";"20140.3"
"2788902000";"2244300";"3297";"20148.3"
"2789983000";"2244300";"3297";"20156.6"
"2791063000";"2244300";"3297";"20164.6"
"2792143000";"2185000";"3296";"20172.5"
"2793491000";"2185000";"3296";"20180.8"
"2794571000";"2185000";"3296";"20188.8"
"2795651000";"2185000";"3296";"20197.1"
"2796732000";"2185000";"3297";"20205.1"
"2797812000";"2185000";"3297";"20213.0"
"2799155000";"2185000";"3297";"20221.3"
"2800235000";"2126400";"3297";"20229.3"
"2801315000";"2126400";"3297";"20237.3"
"2802400000";"2126400";"3297";"20245.2"
"2803486000";"2126400";"3297";"20253.2"
"2804828000";"2126400";"3297";"20261.5"
"2805909000";"2126400";"3297";"20269.8"
"2806988000";"2126400";"3297";"20277.8"
"2808067000";"2182800";"3297";"20285.7"
"2809147000";"2182800";"3297";"20293.7"
"2810490000";"2182800";"3297";"20302.0"
"2811571000";"2182800";"3297";"20310.3"
"2812651000";"2182800";"3297";"20318.3"
"2813737000";"2182800";"3297";"20326.2"
"2814817000";"2182800";"3297";"20334.2"
"2816159000";"2183500";"3297";"20344.0"
"2817239000";"2183500";"3297";"20352.0"
"2818319000";"2183500";"3297";"20359.9"
"2819399000";"2183500";"3297";"20367.9"
"2820478000";"2183500";"3297";"20375.8"
"2821821000";"2183500";"3297";"20385.7"
"2822906000";"2227800";"3297";"20393.6"
"2823987000";"2227800";"3297";"20401.6"
"2825068000";"2227800";"3297";"20409.5"
"2826148000";"2227800";"3297";"20417.9"
"2827491000";"2227800";"3297";"20426.2"
"2828571000";"2227800";"3297";"20434.1"
"2829651000";"2227800";"3297";"20442.1"
"2830732000";"2199400";"3297";"20450.4"
"2831811000";"2199400";"3297";"20458.4"
"2833159000";"2199400";"3297";"20466.7"
"2834238000";"2199400";"3297";"20474.6"
"2835317000";"2199400";"3297";"20482.6"
"2836398000";"2199400";"3297";"20490.6"
"2837477000";"2199400";"3297";"20498.5"
"2838820000";"2113100";"3297";"20506.8"
"2839900000";"2113100";"3297";"20514.8"
"2840980000";"2113100";"3297";"20523.1"
"2842060000";"2113100";"3297";"20531.1"
"2843146000";"2113100";"3297";"20539.0"
"2844493000";"2113100";"3297";"20547.3"
"2845573000";"2113100";"3296";"20555.3"
"2846652000";"2197400";"3296";"20563.6"
"2847732000";"2197400";"3296";"20571.6"
"2848812000";"2197400";"3296";"20579.5"
"2850155000";"2197400";"3296";"20589.4"
"2851235000";"2197400";"3296";"20597.3"
"2852315000";"2197400";"3296";"20605.3"
"2853400000";"2244900";"3296";"20613.6"
"2854479000";"2244900";"3296";"20621.6"
"2855822000";"2244900";"3296";"20629.9"
"2856902000";"2244900";"3296";"20637.8"
"2857982000";"2244900";"3296";"20645.8"
"2859061000";"2244900";"3296";"20653.7"
"2860141000";"2244900";"3296";"20661.7"
"2861483000";"2114400";"3296";"20670.0"
"2862563000";"2114400";"3296";"20678.0"
"2863649000";"2114400";"3296";"20686.3"
"2864729000";"2114400";"3296";"20694.2"
"2865809000";"2114400";"3296";"20702.2"
"2867152000";"2114400";"3296";"20712.0"
"2868232000";"2244500";"3296";"20720.0"
"2869312000";"2244500";"3296";"20728.3"
"2870391000";"2244500";"3296";"20736.3"
"2871471000";"2244500";"3296";"20744.2"
"2872814000";"2244500";"3296";"20752.6"
"2873899000";"2244500";"3296";"20760.9"
"2874978000";"2244500";"3296";"20768.8"
"2876058000";"2199000";"3296";"20776.8"
"2877139000";"2199000";"3296";"20784.7"
"2878482000";"2199000";"3296";"20793.1"
"2879561000";"2199000";"3296";"20801.0"
"2880641000";"2199000";"3296";"20809.0"
"2881721000";"2199000";"3296";"20816.9"
"2882800000";"2199000";"3296";"20824.9"
"2884149000";"2169700";"3296";"20834.7"
"2885228000";"2169700";"3296";"20842.7"
"2886312000";"2169700";"3296";"20850.6"
"2887392000";"2169700";"3296";"20858.6"
"2888472000";"2169700";"3296";"20866.9"
"2889815000";"2169700";"3296";"20875.2"
"2890896000";"2169700";"3296";"20883.2"
"2891976000";"2184100";"3296";"20891.1"
"2893061000";"2184100";"3296";"20899.5"
"2894141000";"2184100";"3296";"20907.4"
"2895484000";"2184100";"3296";"20917.3"
"2896564000";"2184100";"3296";"20925.2"
"2897644000";"2184100";"3296";"20933.2"
"2898723000";"2244900";"3296";"20941.1"
"2899804000";"2244900";"3296";"20949.1"
"2901146000";"2244900";"3296";"20957.4"
"2902227000";"2244900";"3296";"20965.3"
"2903312000";"2244900";"3296";"20973.3"
"2904393000";"2244900";"3296";"20981.6"
"2905473000";"2244900";"3296";"20989.6"
"2906815000";"2183600";"3296";"20999.4"
"2907895000";"2183600";"3296";"21007.4"
"2908976000";"2183600";"3296";"21015.3"
"2910055000";"2183600";"3296";"21023.3"
"2911135000";"2183600";"3296";"21031.6"
"2912478000";"2183600";"3296";"21039.9"
"2913564000";"2183600";"3296";"21047.9"
"2914644000";"2183500";"3296";"21055.8"
"2915724000";"2183500";"3296";"21063.8"
"2916805000";"2183500";"3296";"21071.7"
"2918147000";"2183500";"3296";"21080.1"
"2919228000";"2183500";"3296";"21088.0"
"2920307000";"2183500";"3296";"21096.0"
"2921387000";"2183500";"3296";"21104.3"
"2922467000";"2185300";"3297";"21112.3"
"2923816000";"2185300";"3297";"21120.6"
"2924896000";"2185300";"3297";"21128.5"
"2925976000";"2185300";"3297";"21136.5"
"2927056000";"2185300";"3297";"21144.4"
"2928197000";"2185300";"3297";"21152.8"
"2929539000";"2185300";"3297";"21161.1"
"2930618000";"2110700";"3297";"21169.0"
"2931699000";"2110700";"3297";"21177.4"
"2932780000";"2110700";"3297";"21185.3"
"2933865000";"2110700";"3297";"21193.3"
"2935209000";"2110700";"3297";"21201.6"
"2936288000";"2110700";"3297";"21209.5"
"2937369000";"2110700";"3297";"21217.5"
"2938449000";"2183200";"3297";"21225.4"
"2939529000";"2183200";"3297";"21233.4"
"2940873000";"2183200";"3297";"21241.7"
"2941953000";"2183200";"3296";"21249.7"
"2943039000";"2183200";"3297";"21258.0"
"2944119000";"2183200";"3296";"21266.0"
"2945198000";"2183200";"3296";"21273.9"
"2946540000";"2126700";"3296";"21282.2"
"2947619000";"2126700";"3296";"21290.2"
"2948700000";"2126700";"3296";"21298.5"
"2949779000";"2126700";"3296";"21306.5"
"2950858000";"2126700";"3296";"21314.4"
"2952201000";"2126700";"3296";"21322.7"
"2953287000";"2126700";"3296";"21331.1"
"2954367000";"2198800";"3296";"21339.0"
"2955446000";"2198800";"3296";"21347.0"
"2956526000";"2198800";"3296";"21354.9"
"2957869000";"2198800";"3296";"21363.3"
"2958949000";"2198800";"3296";"21371.2"
"2960029000";"2198800";"3296";"21379.2"
"2961109000";"2198800";"3296";"21387.1"
"2962189000";"2185500";"3296";"21395.4"
"2963538000";"2185500";"3296";"21403.4"
"2964618000";"2185500";"3296";"21411.7"
"2965698000";"2185500";"3296";"21419.7"
"2966778000";"2185500";"3296";"21427.6"
"2967858000";"2185500";"3296";"21435.6"
"2969202000";"2185500";"3296";"21443.9"
"2970286000";"2125000";"3296";"21452.2"
"2971367000";"2125000";"3295";"21460.2"
"2972447000";"2125000";"3295";"21468.1"
"2973532000";"2125000";"3296";"21476.5"
"2974875000";"2125000";"3296";"21484.4"
"2975955000";"2125000";"3296";"21492.7"
"2977035000";"2125000";"3296";"21500.7"
"2978114000";"2183900";"3296";"21508.6"
"2979194000";"2183900";"3296";"21516.6"
"2980536000";"2183900";"3296";"21524.9"
"2981616000";"2183900";"3296";"21532.9"
"2982697000";"2183900";"3296";"21540.8"
"2983781000";"2183900";"3296";"21548.8"
"2984862000";"2183900";"3296";"21556.7"
"2986204000";"2112800";"3296";"21565.0"
"2987283000";"2112800";"3296";"21573.4"
"2988363000";"2112800";"3296";"21581.3"
"2989443000";"2112800";"3296";"21589.3"
"2990523000";"2112800";"3296";"21597.6"
"2991866000";"2112800";"3296";"21605.9"
"2992952000";"2112800";"3296";"21613.9"
"2994032000";"2198700";"3296";"21621.8"
"2995111000";"2198700";"3296";"21629.8"
"2996192000";"2198700";"3296";"21637.7"
"2997534000";"2198700";"3296";"21647.6"
"2998613000";"2198700";"3296";"21655.5"
"2999694000";"2198700";"3296";"21663.5"
"3000774000";"2229500";"3296";"21671.4"
"3001854000";"2229500";"3296";"21679.4"
"3003202000";"2229500";"3296";"21687.7"
"3004282000";"2229500";"3296";"21696.0"
"3005362000";"2229500";"3296";"21704.0"
"3006442000";"2229500";"3296";"21712.0"
"3007522000";"2229500";"3296";"21719.9"
"3008864000";"2127000";"3296";"21728.2"
"3009944000";"2127000";"3296";"21736.2"
"3011024000";"2127000";"3296";"21744.5"
"3012109000";"2127000";"3296";"21752.5"
"3013194000";"2127000";"3296";"21760.4"
"3014537000";"2127000";"3296";"21768.7"
"3015616000";"2127000";"3296";"21776.7"
"3016696000";"2182600";"3296";"21784.6"
"3017776000";"2182600";"3296";"21792.6"
"3018855000";"2182600";"3296";"21800.9"
"3020197000";"2182600";"3296";"21809.2"
"3021278000";"2182600";"3296";"21817.2"
"3022358000";"2182600";"3296";"21825.1"
"3023443000";"2182600";"3296";"21833.1"
"3024523000";"2184100";"3296";"21841.1"
"3025866000";"2184100";"3296";"21849.4"
"3026946000";"2184100";"3296";"21857.7"
"3028026000";"2184100";"3296";"21865.7"
"3029107000";"2184100";"3296";"21873.6"
"3030186000";"2184100";"3297";"21881.6"
"3031529000";"2184100";"3296";"21889.9"
"3032609000";"2142300";"3296";"21898.2"
"3033694000";"2142300";"3296";"21906.2"
"3034773000";"2142300";"3296";"21914.1"
"3035852000";"2142300";"3296";"21922.1"
"3037196000";"2142300";"3296";"21931.9"
"3038275000";"2142300";"3296";"21939.9"
"3039354000";"2228400";"3296";"21947.8"
"3040435000";"2228400";"3296";"21955.8"
"3041515000";"2228400";"3296";"21963.7"
"3042864000";"2228400";"3296";"21972.0"
"3043944000";"2228400";"3296";"21980.0"
"3045024000";"2228400";"3296";"21988.0"
"3046105000";"2228400";"3296";"21996.3"
"3047185000";"2183200";"3296";"22004.2"
"3048528000";"2183200";"3296";"22012.6"
"3049609000";"2183200";"3296";"22020.5"
"3050688000";"2183200";"3296";"22028.8"
"3051768000";"2183200";"3296";"22036.8"
"3052853000";"2183200";"3296";"22044.7"
"3054201000";"2183200";"3296";"22053.1"
"3055281000";"2139600";"3296";"22061.4"
"3056361000";"2139600";"3297";"22069.4"
"3057440000";"2139600";"3297";"22077.3"
"3058520000";"2139600";"3297";"22085.3"
"3059864000";"2139600";"3297";"22093.6"
"3060944000";"2139600";"3297";"22101.5"
"3062024000";"2139600";"3297";"22109.5"
"3063110000";"2183500";"3297";"22117.8"
"3064190000";"2183500";"3297";"22125.8"
"3065533000";"2183500";"3297";"22134.1"
"3066613000";"2183500";"3297";"22142.0"
"3067692000";"2183500";"3297";"22150.0"
"3068773000";"2183500";"3297";"22158.3"
"3069853000";"2183500";"3297";"22166.3"
"3071196000";"2127900";"3297";"22174.6"
"3072276000";"2127900";"3297";"22182.5"
"3073362000";"2127900";"3297";"22190.5"
"3074442000";"2127900";"3297";"22198.8"
"3075521000";"2127900";"3297";"22206.8"
"3076864000";"2127900";"3297";"22215.1"
"3077945000";"2127900";"3297";"22223.1"
"3079024000";"2183900";"3297";"22231.0"
"3080104000";"2183900";"3297";"22239.0"
"3081183000";"2183900";"3297";"22246.9"
"3082526000";"2183900";"3297";"22255.2"
"3083612000";"2183900";"3297";"22263.2"
"3084691000";"2183900";"3297";"22271.1"
"3085772000";"2183900";"3297";"22279.1"
"3086851000";"2184100";"3297";"22287.4"
"3088194000";"2184100";"3297";"22295.7"
"3089274000";"2184100";"3297";"22303.7"
"3090354000";"2184100";"3297";"22311.7"
"3091434000";"2184100";"3297";"22320.0"
"3092515000";"2184100";"3297";"22327.9"
"3093863000";"2184100";"3297";"22336.3"
"3094943000";"2126500";"3297";"22344.2"
"3096027000";"2126500";"3297";"22352.2"
"3097107000";"2126500";"3297";"22360.1"
"3098186000";"2126500";"3297";"22368.4"
"3099530000";"2126500";"3297";"22376.8"
"3100610000";"2126500";"3297";"22384.7"
"3101690000";"2126500";"3297";"22392.7"
"3102771000";"2183900";"3297";"22400.6"
"3103856000";"2183900";"3297";"22408.6"
"3105199000";"2183900";"3297";"22416.9"
"3106279000";"2183900";"3297";"22424.8"
"3107359000";"2183900";"3297";"22433.2"
"3108439000";"2183900";"3297";"22441.1"
"3109518000";"2183900";"3297";"22449.1"
"3110861000";"2126900";"3297";"22457.4"
"3111941000";"2126900";"3297";"22465.4"
"3113027000";"2126900";"3297";"22473.7"
"3114106000";"2126900";"3297";"22481.6"
"3115186000";"2126900";"3297";"22489.6"
"3116528000";"2126900";"3297";"22497.9"
"3117609000";"2126900";"3297";"22505.9"
"3118690000";"2183700";"3297";"22513.8"
"3119769000";"2183700";"3297";"22522.2"
"3120848000";"2183700";"3297";"22530.1"
"3122191000";"2183700";"3296";"22538.4"
"3123276000";"2183700";"3296";"22546.4"
"3124355000";"2183700";"3297";"22554.3"
"3125434000";"2183700";"3296";"22562.3"
"3126515000";"2199400";"3296";"22570.6"
"3127857000";"2199400";"3296";"22580.1"
"3128936000";"2199400";"3297";"22588.4"
"3130016000";"2199400";"3297";"22596.4"
"3131096000";"2199400";"3297";"22604.3"
"3132176000";"2199400";"3296";"22612.3"
"3133525000";"2160300";"3296";"22620.6"
"3134604000";"2160300";"3296";"22628.9"
"3135684000";"2160300";"3296";"22636.9"
"3136764000";"2160300";"3296";"22644.8"
"3137844000";"2160300";"3296";"22652.8"
"3139193000";"2160300";"3296";"22661.1"
"3140273000";"2160300";"3296";"22669.1"
"3141353000";"2183900";"3296";"22677.0"
"3142432000";"2183900";"3296";"22685.0"
"3143518000";"2183900";"3296";"22693.3"
"3144859000";"2183900";"3296";"22701.2"
"3145939000";"2183900";"3296";"22709.6"
"3147020000";"2183900";"3296";"22717.5"
"3148099000";"2183900";"3296";"22725.5"
"3149180000";"2184100";"3296";"22733.4"
"3150522000";"2184100";"3296";"22741.7"
"3151602000";"2184100";"3296";"22750.1"
"3152682000";"2184100";"3296";"22758.0"
"3153767000";"2184100";"3296";"22766.0"
"3154847000";"2184100";"3296";"22773.9"
"3156190000";"2184100";"3296";"22782.2"
"3157270000";"2126900";"3296";"22790.2"
"3158350000";"2126900";"3296";"22798.2"
"3159430000";"2126900";"3296";"22806.5"
"3160510000";"2126900";"3296";"22814.4"
"3161853000";"2126900";"3296";"22822.8"
"3162938000";"2126900";"3296";"22830.7"
"3164018000";"2126900";"3296";"22838.7"
"3165098000";"2198500";"3296";"22847.0"
"3166179000";"2198500";"3296";"22854.9"
"3167521000";"2198500";"3296";"22863.3"
"3168601000";"2198500";"3296";"22871.2"
"3169681000";"2198500";"3296";"22879.2"
"3170761000";"2198500";"3296";"22887.5"
"3171840000";"2198500";"3296";"22895.5"
"3173188000";"2127000";"3296";"22903.8"
"3174268000";"2127000";"3296";"22911.7"
"3175347000";"2127000";"3296";"22919.7"
"3176427000";"2127000";"3296";"22928.0"
"3177507000";"2127000";"3296";"22936.0"
"3178850000";"2127000";"3296";"22944.3"
"3179936000";"2127000";"3296";"22952.2"
"3181015000";"2184300";"3296";"22960.2"
"3182095000";"2184300";"3296";"22968.1"
"3183180000";"2184300";"3296";"22976.1"
"3184522000";"2184300";"3296";"22984.4"
"3185602000";"2184300";"3296";"22992.4"
"3186682000";"2184300";"3296";"23000.3"
"3187762000";"2184300";"3296";"23008.3"
"3188842000";"2183900";"3297";"23016.6"
"3190185000";"2183900";"3297";"23024.9"
"3191266000";"2183900";"3297";"23032.9"
"3192345000";"2183900";"3297";"23040.8"
"3193431000";"2183900";"3297";"23049.2"
"3194510000";"2183900";"3297";"23057.1"
"3195852000";"2183900";"3297";"23065.4"
"3196932000";"2127000";"3297";"23073.4"
"3198011000";"2127000";"3297";"23081.3"
"3199092000";"2127000";"3297";"23089.3"
"3200172000";"2127000";"3297";"23097.2"
"3201515000";"2127000";"3297";"23105.6"
"3202595000";"2127000";"3297";"23113.5"
"3203680000";"2127000";"3297";"23121.9"
"3204760000";"2183900";"3297";"23129.8"
"3205840000";"2183900";"3297";"23137.8"
"3207182000";"2183900";"3297";"23146.1"
"3208263000";"2183900";"3297";"23154.4"
"3209343000";"2183900";"3297";"23162.4"
"3210423000";"2183900";"3297";"23170.3"
"3211504000";"2183900";"3297";"23178.3"
"3212852000";"2126400";"3297";"23186.6"
"3213932000";"2126400";"3297";"23194.9"
"3215011000";"2126400";"3297";"23202.9"
"3216092000";"2126400";"3297";"23210.8"
"3217171000";"2126400";"3297";"23218.8"
"3218515000";"2126400";"3297";"23227.1"
"3219594000";"2126400";"3297";"23235.1"
"3220674000";"2185700";"3297";"23243.0"
"3221799000";"2185700";"3297";"23251.0"
"3222885000";"2185700";"3296";"23258.9"
"3224227000";"2185700";"3296";"23268.7"
"3225308000";"2185700";"3296";"23276.7"
"3226389000";"2185700";"3296";"23284.7"
"3227469000";"2229000";"3296";"23293.0"
"3228549000";"2229000";"3297";"23300.9"
"3229893000";"2229000";"3297";"23310.8"
"3230973000";"2229000";"3297";"23318.7"
"3232053000";"2229000";"3297";"23326.7"
"3233138000";"2229000";"3297";"23334.6"
"3234218000";"2244300";"3297";"23343.0"
"3235561000";"2244300";"3297";"23351.3"
"3236642000";"2244300";"3297";"23359.2"
"3237722000";"2244300";"3297";"23367.2"
"3238802000";"2244300";"3297";"23375.2"
"3239881000";"2244300";"3296";"23383.1"
"3241225000";"2244300";"3296";"23391.4"
"3242306000";"2113400";"3296";"23399.4"
"3243391000";"2113400";"3296";"23407.7"
"3244471000";"2113400";"3296";"23415.7"
"3245551000";"2113400";"3296";"23423.6"
"3246892000";"2113400";"3296";"23431.9"
"3247973000";"2113400";"3296";"23439.9"
"3249053000";"2113400";"3296";"23447.8"
"3250133000";"2198700";"3296";"23456.2"
"3251213000";"2198700";"3296";"23464.1"
"3252556000";"2198700";"3296";"23472.4"
"3253641000";"2198700";"3296";"23480.4"
"3254722000";"2198700";"3296";"23488.3"
"3255801000";"2198700";"3296";"23496.7"
"3256880000";"2198700";"3297";"23504.6"
"3258223000";"2127000";"3297";"23513.0"
"3259303000";"2127000";"3297";"23520.9"
"3260383000";"2127000";"3297";"23528.9"
"3261463000";"2127000";"3297";"23536.8"
"3262543000";"2127000";"3297";"23544.8"
"3263896000";"2127000";"3297";"23553.1"
"3264976000";"2127000";"3297";"23561.4"
"3266056000";"2182500";"3297";"23569.4"
"3267135000";"2182500";"3297";"23577.3"
"3268215000";"2182500";"3297";"23585.3"
"3269558000";"2182500";"3297";"23593.6"
"3270638000";"2182500";"3297";"23601.9"
"3271718000";"2182500";"3297";"23609.9"
"3272798000";"2182500";"3297";"23617.8"
"3273883000";"2184100";"3297";"23625.8"
"3275225000";"2184100";"3297";"23634.1"
"3276306000";"2184100";"3297";"23642.1"
"3277386000";"2184100";"3297";"23650.0"
"3278466000";"2184100";"3297";"23658.0"
"3279546000";"2184100";"3297";"23666.3"
"3280888000";"2184100";"3297";"23674.2"
"3281968000";"2128200";"3297";"23682.6"
"3283054000";"2128200";"3297";"23690.5"
"3284133000";"2128200";"3297";"23698.5"
"3285213000";"2128200";"3297";"23706.4"
"3286556000";"2128200";"3297";"23716.3"
"3287635000";"2128200";"3297";"23724.2"
"3288716000";"2244900";"3297";"23732.6"
"3289796000";"2244900";"3297";"23740.5"
"3290876000";"2244900";"3297";"23748.5"
"3292218000";"2244900";"3297";"23756.8"
"3293305000";"2244900";"3297";"23765.1"
"3294384000";"2244900";"3297";"23773.1"
"3295464000";"2244900";"3297";"23781.0"
"3296544000";"2183900";"3297";"23789.0"
"3297886000";"2183900";"3297";"23797.3"
"3298966000";"2183900";"3297";"23805.2"
"3300046000";"2183900";"3297";"23813.2"
"3301126000";"2183900";"3297";"23821.1"
"3302207000";"2183900";"3297";"23829.1"
"3303555000";"2183900";"3297";"23837.4"
"3304636000";"2126400";"3297";"23845.7"
"3305721000";"2126400";"3297";"23853.7"
"3306801000";"2126400";"3297";"23861.7"
"3307881000";"2126400";"3297";"23869.6"
"3309223000";"2126400";"3297";"23877.9"
"3310303000";"2126400";"3297";"23885.9"
"3311384000";"2126400";"3297";"23894.2"
"3312463000";"2184100";"3297";"23902.2"
"3313548000";"2184100";"3297";"23910.1"
"3314890000";"2184100";"3297";"23918.4"
"3315970000";"2184100";"3297";"23926.4"
"3317050000";"2184100";"3297";"23934.3"
"3318130000";"2184100";"3297";"23942.3"
"3319210000";"2184100";"3297";"23950.6"
"3320553000";"2126900";"3297";"23958.9"
"3321634000";"2126900";"3297";"23966.9"
"3322714000";"2126900";"3297";"23974.9"
"3323800000";"2126900";"3297";"23982.8"
"3324880000";"2126900";"3297";"23990.8"
"3326222000";"2126900";"3297";"24000.6"
"3327302000";"2227400";"3297";"24008.6"
"3328382000";"2227400";"3297";"24016.5"
"3329462000";"2227400";"3297";"24024.8"
"3330542000";"2227400";"3297";"24032.8"
"3331884000";"2227400";"3297";"24041.1"
"3332969000";"2227400";"3297";"24049.4"
"3334050000";"2227400";"3297";"24057.4"
"3335130000";"2198700";"3297";"24065.3"
"3336210000";"2198700";"3297";"24073.3"
"3337552000";"2198700";"3297";"24081.6"
"3338632000";"2198700";"3296";"24089.6"
"3339712000";"2198700";"3296";"24097.5"
"3340791000";"2198700";"3296";"24105.9"
"3341870000";"2198700";"3297";"24113.8"
"3343219000";"2127000";"3297";"24122.1"
"3344298000";"2127000";"3297";"24130.1"
"3345378000";"2127000";"3297";"24138.0"
"3346458000";"2127000";"3297";"24146.0"
"3347538000";"2127000";"3297";"24154.3"
"3348885000";"2127000";"3297";"24162.6"
"3349964000";"2127000";"3297";"24170.6"
"3351044000";"2184800";"3297";"24178.5"
"3352125000";"2184800";"3297";"24186.9"
"3353210000";"2184800";"3297";"24194.8"
"3354553000";"2184800";"3297";"24204.7"
"3355634000";"2184800";"3297";"24212.6"
"3356713000";"2184800";"3297";"24220.6"
"3357792000";"2244700";"3297";"24228.5"
"3358872000";"2244700";"3297";"24236.5"
"3360215000";"2244700";"3297";"24244.8"
"3361294000";"2244700";"3297";"24252.8"
"3362374000";"2244700";"3297";"24260.7"
"3363460000";"2244700";"3297";"24269.0"
"3364540000";"2244700";"3297";"24277.0"
"3365884000";"2126500";"3297";"24285.3"
"3366964000";"2126500";"3297";"24293.3"
"3368044000";"2126500";"3297";"24301.2"
"3369125000";"2126500";"3297";"24309.6"
"3370204000";"2126500";"3297";"24317.5"
"3371546000";"2126500";"3297";"24325.8"
"3372626000";"2126500";"3297";"24333.8"
"3373712000";"2198700";"3297";"24342.1"
"3374791000";"2198700";"3297";"24350.1"
"3375872000";"2198700";"3297";"24358.0"
"3377214000";"2198700";"3297";"24366.3"
"3378294000";"2198700";"3297";"24374.3"
"3379374000";"2198700";"3297";"24382.2"
"3380454000";"2198700";"3296";"24390.2"
"3381534000";"2185500";"3297";"24398.5"
"3382882000";"2185500";"3297";"24408.0"
"3383962000";"2185500";"3297";"24415.9"
"3385042000";"2185500";"3297";"24424.3"
"3386122000";"2185500";"3297";"24432.2"
"3387201000";"2185500";"3297";"24440.2"
"3388544000";"2160300";"3297";"24448.5"
"3389628000";"2160300";"3297";"24456.5"
"3390708000";"2160300";"3297";"24464.8"
"3391788000";"2160300";"3297";"24472.7"
"3392873000";"2160300";"3297";"24480.7"
"3394216000";"2160300";"3297";"24489.0"
"3395296000";"2160300";"3297";"24497.0"
"3396375000";"2197600";"3297";"24505.3"
"3397455000";"2197600";"3297";"24513.2"
"3398535000";"2197600";"3297";"24521.2"
"3399879000";"2197600";"3297";"24529.5"
"3400960000";"2197600";"3297";"24537.5"
"3402039000";"2197600";"3297";"24545.4"
"3403124000";"2197600";"3297";"24553.4"
"3404204000";"2169000";"3297";"24561.3"
"3405545000";"2169000";"3297";"24571.2"
"3406626000";"2169000";"3297";"24579.1"
"3407705000";"2169000";"3297";"24587.1"
"3408786000";"2169000";"3297";"24595.0"
"3409866000";"2169000";"3297";"24603.4"
"3411209000";"2178200";"3297";"24611.7"
"3412289000";"2178200";"3297";"24619.6"
"3413376000";"2178200";"3297";"24627.6"
"3414456000";"2178200";"3297";"24635.9"
"3415536000";"2178200";"3297";"24643.9"
"3416878000";"2178200";"3297";"24652.2"
"3417959000";"2178200";"3297";"24660.1"
"3419038000";"2183500";"3298";"24668.1"
"3420118000";"2183500";"3298";"24676.1"
"3421198000";"2183500";"3297";"24684.0"
"3422541000";"2183500";"3297";"24692.3"
"3423626000";"2183500";"3297";"24700.3"
"3424706000";"2183500";"3297";"24708.6"
"3425786000";"2183500";"3297";"24716.6"
"3426865000";"2184300";"3297";"24724.5"
"3428208000";"2184300";"3297";"24732.8"
"3429289000";"2184300";"3297";"24740.8"
"3430368000";"2184300";"3297";"24749.1"
"3431514000";"2184300";"3297";"24757.1"
"3432595000";"2184300";"3297";"24765.0"
"3433944000";"2184300";"3297";"24773.3"
"3435024000";"2122900";"3297";"24781.7"
"3436104000";"2122900";"3298";"24789.6"
"3437184000";"2122900";"3298";"24797.6"
"3438263000";"2122900";"3298";"24805.5"
"3439605000";"2122900";"3298";"24813.9"
"3440685000";"2122900";"3298";"24821.8"
"3441765000";"2122900";"3297";"24829.8"
"3442846000";"2185700";"3297";"24838.1"
"3443932000";"2185700";"3297";"24846.0"
"3445275000";"2185700";"3298";"24854.4"
"3446355000";"2185700";"3297";"24862.3"
"3447435000";"2185700";"3297";"24870.3"
"3448514000";"2185700";"3297";"24878.2"
"3449594000";"2185700";"3298";"24886.2"
"3450938000";"2169200";"3298";"24896.0"
"3452018000";"2169200";"3298";"24904.3"
"3453104000";"2169200";"3298";"24912.3"
"3454183000";"2169200";"3298";"24920.3"
"3455263000";"2169200";"3298";"24928.6"
"3456606000";"2169200";"3298";"24936.5"
"3457687000";"2169200";"3298";"24944.9"
"3458766000";"2198700";"3298";"24952.8"
"3459845000";"2198700";"3298";"24960.8"
"3460925000";"2198700";"3298";"24968.7"
"3462267000";"2198700";"3298";"24977.0"
"3463353000";"2198700";"3298";"24985.0"
"3464434000";"2198700";"3298";"24992.9"
"3465513000";"2198700";"3297";"25000.9"
"3466594000";"2169100";"3297";"25008.8"
"3467938000";"2169100";"3297";"25017.2"
"3469017000";"2169100";"3297";"25025.5"
"3470097000";"2169100";"3297";"25033.4"
"3471177000";"2169100";"3297";"25041.4"
"3472256000";"2169100";"3297";"25049.4"
"3473609000";"2169100";"3297";"25058.1"
"3474690000";"2139600";"3297";"25066.0"
"3475769000";"2139600";"3297";"25074.0"
"3476850000";"2139600";"3297";"25081.9"
"3477930000";"2139600";"3297";"25090.2"
"3479274000";"2139600";"3298";"25098.2"
"3480354000";"2139600";"3298";"25106.5"
"3481434000";"2139600";"3298";"25114.5"
"3482515000";"2184600";"3298";"25122.4"
"3483600000";"2184600";"3298";"25130.4"
"3484942000";"2184600";"3298";"25138.7"
"3486021000";"2184600";"3298";"25146.6"
"3487102000";"2184600";"3298";"25154.6"
"3488181000";"2184600";"3298";"25162.9"
"3489262000";"2184600";"3298";"25170.9"
"3490604000";"2127000";"3297";"25179.2"
"3491685000";"2127000";"3297";"25187.2"
"3492765000";"2127000";"3297";"25195.5"
"3493851000";"2127000";"3297";"25203.4"
"3494931000";"2127000";"3297";"25211.4"
"3496274000";"2127000";"3297";"25221.2"
"3497354000";"2244300";"3297";"25229.2"
"3498434000";"2244300";"3297";"25237.1"
"3499513000";"2244300";"3297";"25245.1"
"3500594000";"2244300";"3297";"25253.0"
"3501937000";"2244300";"3297";"25261.4"
"3503023000";"2244300";"3297";"25269.7"
"3504103000";"2244300";"3297";"25277.7"
"3505184000";"2183400";"3297";"25285.6"
"3506263000";"2183400";"3297";"25293.6"
"3507605000";"2183400";"3297";"25301.9"
"3508686000";"2183400";"3297";"25309.8"
"3509765000";"2183400";"3297";"25318.2"
"3510845000";"2183400";"3297";"25326.1"
"3511925000";"2183400";"3297";"25334.1"
"3513273000";"2127000";"3297";"25342.4"
"3514354000";"2127000";"3297";"25350.7"
"3515438000";"2127000";"3297";"25358.7"
"3516517000";"2127000";"3297";"25366.6"
"3517597000";"2127000";"3297";"25374.6"
"3518940000";"2127000";"3296";"25382.9"
"3520020000";"2127000";"3296";"25390.8"
"3521100000";"2184100";"3296";"25398.8"
"3522180000";"2184100";"3297";"25406.8"
"3523266000";"2184100";"3296";"25415.1"
"3524609000";"2184100";"3297";"25423.4"
"3525689000";"2184100";"3297";"25431.4"
"3526770000";"2184100";"3297";"25439.3"
"3527849000";"2184100";"3297";"25447.3"
"3528929000";"2198500";"3296";"25455.6"
"3530272000";"2198500";"3296";"25463.9"
"3531351000";"2198500";"3296";"25471.9"
"3532430000";"2198500";"3296";"25479.8"
"3533516000";"2198500";"3297";"25487.8"
"3534596000";"2198500";"3296";"25496.1"
"3535939000";"2160100";"3296";"25505.6"
"3537020000";"2160100";"3296";"25513.9"
"3538100000";"2160100";"3296";"25521.9"
"3539180000";"2160100";"3296";"25529.8"
"3540259000";"2160100";"3296";"25537.8"
"3541602000";"2160100";"3296";"25546.1"
"3542682000";"2160100";"3296";"25554.0"
"3543767000";"2183900";"3296";"25562.0"
"3544847000";"2183900";"3296";"25570.3"
"3545927000";"2183900";"3296";"25578.3"
"3547269000";"2183900";"3296";"25586.6"
"3548349000";"2183900";"3297";"25594.5"
"3549429000";"2183900";"3296";"25602.5"
"3550509000";"2183900";"3297";"25610.8"
"3551589000";"2200300";"3297";"25618.8"
"3552938000";"2200300";"3297";"25628.6"
"3554018000";"2200300";"3296";"25636.6"
"3555097000";"2200300";"3296";"25644.9"
"3556176000";"2200300";"3297";"25652.9"
"3557256000";"2200300";"3297";"25660.8"
"3558604000";"2241300";"3297";"25670.7"
"3559683000";"2241300";"3297";"25678.6"
"3560762000";"2241300";"3297";"25686.6"
"3561843000";"2241300";"3297";"25694.5"
"3562928000";"2241300";"3297";"25702.5"
"3564270000";"2241300";"3297";"25710.8"
"3565349000";"2241300";"3297";"25718.7"
"3566430000";"2169500";"3297";"25726.7"
"3567511000";"2169500";"3297";"25735.0"
"3568590000";"2169500";"3297";"25743.0"
"3569932000";"2169500";"3297";"25751.3"
"3571012000";"2169500";"3297";"25759.3"
"3572092000";"2169500";"3297";"25767.6"
"3573177000";"2169500";"3297";"25775.5"
"3574256000";"2199200";"3297";"25783.5"
"3575599000";"2199200";"3297";"25791.8"
"3576680000";"2199200";"3297";"25799.8"
"3577760000";"2199200";"3297";"25808.1"
"3578839000";"2199200";"3297";"25816.0"
"3579919000";"2199200";"3297";"25824.0"
"3581262000";"2199200";"3297";"25832.3"
"3582341000";"2128200";"3297";"25840.3"
"3583426000";"2128200";"3297";"25848.2"
"3584507000";"2128200";"3297";"25856.2"
"3585587000";"2128200";"3297";"25864.5"
"3586930000";"2128200";"3297";"25872.8"
"3588009000";"2128200";"3297";"25880.8"
"3589090000";"2128200";"3297";"25888.7"
"3590170000";"2183700";"3297";"25896.7"
"3591250000";"2183700";"3297";"25905.0"
"3592593000";"2183700";"3297";"25913.3"
"3593679000";"2183700";"3297";"25921.3"
"3594758000";"2183700";"3297";"25929.6"
"3595838000";"2183700";"3297";"25937.6"
"3596919000";"2183700";"3297";"25945.5"
"3598261000";"2140800";"3297";"25953.9"
"3599346000";"2140800";"3297";"25961.8"
"3600426000";"2140800";"3297";"25969.8"
"3601506000";"2140800";"3297";"25977.7"
"3602586000";"2140800";"3297";"25986.0"
"3603936000";"2140800";"3297";"25994.4"
"3605016000";"2140800";"3297";"26002.3"
"3606096000";"2181900";"3297";"26010.3"
"3607176000";"2181900";"3297";"26018.2"
"3608256000";"2181900";"3297";"26026.2"
"3609598000";"2181900";"3298";"26034.9"
"3610679000";"2181900";"3298";"26042.8"
"3611759000";"2181900";"3298";"26050.8"
"3612839000";"2181900";"3298";"26058.7"
"3613925000";"2198300";"3298";"26067.1"
"3615267000";"2198300";"3298";"26076.5"
"3616347000";"2198300";"3298";"26084.9"
"3617427000";"2198300";"3298";"26092.8"
"3618508000";"2198300";"3298";"26100.8"
"3619587000";"2198300";"3298";"26108.7"
"3620929000";"2228300";"3298";"26118.6"
"3622009000";"2228300";"3298";"26126.5"
"3623095000";"2228300";"3298";"26134.5"
"3624176000";"2228300";"3298";"26142.8"
"3625256000";"2228300";"3298";"26150.8"
"3626599000";"2228300";"3298";"26159.1"
"3627680000";"2228300";"3298";"26167.0"
"3628759000";"2183200";"3298";"26175.0"
"3629839000";"2183200";"3298";"26183.3"
"3630919000";"2183200";"3298";"26191.3"
"3632261000";"2183200";"3298";"26199.6"
"3633346000";"2183200";"3298";"26207.5"
"3634426000";"2183200";"3298";"26215.9"
"3635506000";"2183200";"3298";"26223.8"
"3636586000";"2198800";"3298";"26231.8"
"3637930000";"2198800";"3298";"26240.1"
"3639010000";"2198800";"3298";"26248.0"
"3640090000";"2198800";"3298";"26256.0"
"3641230000";"2198800";"3299";"26263.9"
"3642309000";"2198800";"3299";"26272.3"
"3643657000";"2198800";"3299";"26280.6"
"3644736000";"2111200";"3299";"26288.6"
"3645817000";"2111200";"3299";"26296.5"
"3646896000";"2111200";"3299";"26304.5"
"3647977000";"2111200";"3298";"26312.4"
"3649319000";"2111200";"3298";"26320.7"
"3650400000";"2111200";"3298";"26329.1"
"3651479000";"2111200";"3298";"26337.0"
"3652558000";"2185500";"3298";"26345.0"
"3653644000";"2185500";"3298";"26353.3"
"3654987000";"2185500";"3298";"26362.8"
"3656067000";"2185500";"3298";"26371.1"
"3657147000";"2185500";"3298";"26379.0"
"3658227000";"2185500";"3298";"26387.0"
"3659307000";"2244500";"3298";"26395.0"
"3660650000";"2244500";"3298";"26403.3"
"3661730000";"2244500";"3298";"26411.2"
"3662810000";"2244500";"3298";"26419.2"
"3663896000";"2244500";"3298";"26427.5"
"3664976000";"2244500";"3298";"26435.5"
"3666318000";"2244500";"3297";"26443.8"
"3667398000";"2126700";"3297";"26451.7"
"3668478000";"2126700";"3297";"26459.7"
"3669557000";"2126700";"3297";"26467.6"
"3670638000";"2126700";"3297";"26476.0"
"3671980000";"2126700";"3297";"26484.3"
"3673066000";"2126700";"3297";"26492.2"
"3674146000";"2126700";"3297";"26500.2"
"3675226000";"2198500";"3297";"26508.5"
"3676307000";"2198500";"3297";"26516.5"
"3677649000";"2198500";"3297";"26524.8"
"3678729000";"2198500";"3297";"26532.8"
"3679808000";"2198500";"3297";"26540.7"
"3680889000";"2198500";"3297";"26548.7"
"3681968000";"2198500";"3297";"26557.0"
"3683322000";"2125500";"3297";"26565.3"
"3684401000";"2125500";"3297";"26573.3"
"3685481000";"2125500";"3297";"26581.2"
"3686562000";"2125500";"3297";"26589.2"
"3687642000";"2125500";"3297";"26597.5"
"3688985000";"2125500";"3297";"26605.8"
"3690066000";"2125500";"3297";"26613.8"
"3691146000";"2185000";"3297";"26621.7"
"3692226000";"2185000";"3297";"26630.1"
"3693310000";"2185000";"3297";"26638.0"
"3694654000";"2185000";"3297";"26647.9"
"3695734000";"2185000";"3297";"26655.8"
"3696814000";"2185000";"3297";"26663.8"
"3697893000";"2244900";"3297";"26671.7"
"3698972000";"2244900";"3297";"26679.7"
"3700315000";"2244900";"3297";"26688.0"
"3701395000";"2244900";"3296";"26695.9"
"3702474000";"2244900";"3297";"26703.9"
"3703561000";"2244900";"3297";"26712.2"
"3704640000";"2244900";"3297";"26720.2"
"3705982000";"2127200";"3297";"26728.5"
"3707062000";"2127200";"3297";"26736.4"
"3708142000";"2127200";"3297";"26744.4"
"3709223000";"2127200";"3297";"26752.7"
"3710303000";"2127200";"3297";"26760.7"
"3711646000";"2127200";"3297";"26769.0"
"3712725000";"2127200";"3297";"26777.0"
"3713811000";"2198300";"3297";"26785.3"
"3714892000";"2198300";"3297";"26793.2"
"3715972000";"2198300";"3297";"26801.2"
"3717315000";"2198300";"3297";"26809.5"
"3718394000";"2198300";"3297";"26817.5"
"3719475000";"2198300";"3297";"26825.4"
"3720555000";"2198300";"3297";"26833.4"
"3721635000";"2185000";"3297";"26841.7"
"3722984000";"2185000";"3297";"26851.2"
"3724064000";"2185000";"3297";"26859.5"
"3725149000";"2185000";"3297";"26867.5"
"3726229000";"2185000";"3297";"26875.4"
"3727309000";"2185000";"3297";"26883.4"
"3728652000";"2158300";"3297";"26891.7"
"3729731000";"2158300";"3297";"26900.0"
"3730811000";"2158300";"3297";"26908.0"
"3731891000";"2158300";"3297";"26915.9"
"3732976000";"2158300";"3297";"26924.3"
"3734318000";"2158300";"3297";"26932.6"
"3735397000";"2158300";"3297";"26940.5"
"3736477000";"2199400";"3297";"26948.5"
"3737557000";"2199400";"3297";"26956.4"
"3738636000";"2199400";"3297";"26964.4"
"3739979000";"2199400";"3297";"26972.7"
"3741059000";"2199400";"3297";"26980.7"
"3742140000";"2199400";"3297";"26989.0"
"3743225000";"2199400";"3297";"26996.9"
"3744305000";"2183900";"3297";"27004.9"
"3745647000";"2183900";"3297";"27013.2"
"3746727000";"2183900";"3297";"27021.2"
"3747808000";"2183900";"3297";"27029.1"
"3748887000";"2183900";"3297";"27037.1"
"3749966000";"2183900";"3297";"27045.4"
"3751309000";"2183900";"3297";"27053.7"
"3752389000";"2128400";"3297";"27061.7"
"3753474000";"2128400";"3297";"27070.0"
"3754554000";"2128400";"3297";"27078.0"
"3755634000";"2128400";"3297";"27085.9"
"3756976000";"2128400";"3297";"27094.2"
"3758057000";"2128400";"3297";"27102.2"
"3759137000";"2128400";"3297";"27110.1"
"3760217000";"2183900";"3296";"27118.1"
"3761298000";"2183900";"3296";"27126.4"
"3762640000";"2183900";"3297";"27134.4"
"3763725000";"2183900";"3297";"27142.7"
"3764805000";"2183900";"3297";"27150.6"
"3765886000";"2183900";"3297";"27158.6"
"3766965000";"2183900";"3297";"27166.6"
"3768311000";"2125800";"3297";"27174.9"
"3769392000";"2125800";"3297";"27183.2"
"3770471000";"2125800";"3297";"27191.2"
"3771552000";"2125800";"3297";"27199.1"
"3772631000";"2125800";"3297";"27207.1"
"3773980000";"2125800";"3297";"27215.8"
"3775059000";"2125800";"3297";"27223.7"
"3776140000";"2198500";"3297";"27231.7"
"3777219000";"2198500";"3297";"27239.6"
"3778300000";"2198500";"3297";"27247.6"
"3779642000";"2198500";"3296";"27255.9"
"3780722000";"2198500";"3296";"27263.8"
"3781802000";"2198500";"3296";"27271.8"
"3782888000";"2198500";"3296";"27280.1"
"3783968000";"2183700";"3297";"27288.1"
"3785311000";"2183700";"3297";"27296.4"
"3786390000";"2183700";"3297";"27304.4"
"3787470000";"2183700";"3297";"27312.3"
"3788551000";"2183700";"3297";"27320.3"
"3789631000";"2183700";"3297";"27328.6"
"3790974000";"2183700";"3297";"27336.9"
"3792055000";"2127900";"3297";"27344.9"
"3793139000";"2127900";"3297";"27352.8"
"3794220000";"2127900";"3297";"27361.1"
"3795300000";"2127900";"3297";"27369.1"
"3796643000";"2127900";"3297";"27377.4"
"3797724000";"2127900";"3297";"27385.4"
"3798803000";"2127900";"3297";"27393.3"
"3799884000";"2183500";"3297";"27401.3"
"3800963000";"2183500";"3297";"27409.2"
"3802306000";"2183500";"3297";"27419.1"
"3803392000";"2183500";"3297";"27427.0"
"3804472000";"2183500";"3297";"27435.0"
"3805552000";"2183500";"3297";"27443.3"
"3806633000";"2244500";"3297";"27451.3"
"3807975000";"2244500";"3297";"27459.6"
"3809060000";"2244500";"3297";"27467.5"
"3810139000";"2244500";"3297";"27475.5"
"3811219000";"2244500";"3297";"27483.8"
"3812298000";"2244500";"3297";"27491.8"
"3813646000";"2244500";"3297";"27500.1"
"3814727000";"2125800";"3297";"27508.0"
"3815806000";"2125800";"3297";"27516.4"
"3816885000";"2125800";"3297";"27524.3"
"3817971000";"2125800";"3297";"27532.3"
"3819314000";"2125800";"3297";"27541.7"
"3820394000";"2125800";"3297";"27550.1"
"3821473000";"2245300";"3297";"27558.0"
"3822553000";"2245300";"3297";"27566.0"
"3823637000";"2245300";"3297";"27573.9"
"3824979000";"2245300";"3297";"27582.3"
"3826059000";"2245300";"3297";"27590.2"
"3827139000";"2245300";"3297";"27598.2"
"3828220000";"2245300";"3297";"27606.5"
"3829300000";"2184100";"3297";"27614.4"
"3830643000";"2184100";"3297";"27622.8"
"3831724000";"2184100";"3297";"27630.7"
"3832803000";"2184100";"3297";"27638.7"
"3833888000";"2184100";"3297";"27647.0"
"3834969000";"2184100";"3297";"27655.0"
"3836311000";"2176400";"3298";"27664.8"
"3837392000";"2176400";"3298";"27672.8"
"3838472000";"2176400";"3298";"27680.7"
"3839551000";"2176400";"3297";"27688.7"
"3840631000";"2176400";"3297";"27696.6"
"3841974000";"2176400";"3297";"27704.9"
"3843059000";"2176400";"3297";"27712.9"
"3844139000";"2169100";"3297";"27720.8"
"3845219000";"2169100";"3297";"27729.2"
"3846299000";"2169100";"3297";"27737.1"
"3847642000";"2169100";"3297";"27745.4"
"3848723000";"2169100";"3297";"27753.4"
"3849802000";"2169100";"3297";"27761.3"
"3850946000";"2169100";"3297";"27769.7"
"3852025000";"2182300";"3297";"27777.6"
"3853374000";"2182300";"3297";"27786.0"
"3854454000";"2182300";"3297";"27793.9"
"3855534000";"2182300";"3297";"27802.2"
"3856615000";"2182300";"3297";"27810.2"
"3857695000";"2182300";"3297";"27818.1"
"3859037000";"2182300";"3297";"27826.5"
"3860117000";"2126500";"3297";"27834.4"
"3861196000";"2126500";"3297";"27842.4"
"3862276000";"2126500";"3297";"27850.3"
"3863362000";"2126500";"3297";"27858.3"
"3864705000";"2126500";"3297";"27866.6"
"3865784000";"2126500";"3297";"27874.9"
"3866864000";"2126500";"3297";"27882.9"
"3867944000";"2184100";"3297";"27890.8"
"3869023000";"2184100";"3297";"27898.8"
"3870366000";"2184100";"3297";"27907.1"
"3871445000";"2184100";"3297";"27915.4"
"3872524000";"2184100";"3297";"27923.4"
"3873610000";"2184100";"3297";"27931.3"
"3874690000";"2184100";"3297";"27939.3"
"3876033000";"2127200";"3297";"27947.6"
"3877113000";"2127200";"3297";"27955.9"
"3878194000";"2127200";"3297";"27963.9"
"3879274000";"2127200";"3297";"27971.8"
"3880354000";"2127200";"3297";"27979.8"
"3881696000";"2127200";"3297";"27988.1"
"3882775000";"2127200";"3297";"27996.1"
"3883861000";"2183900";"3297";"28004.0"
"3884942000";"2183900";"3297";"28012.0"
"3886022000";"2183900";"3297";"28020.3"
"3887365000";"2183900";"3297";"28029.8"
"3888446000";"2183900";"3297";"28037.7"
"3889525000";"2183900";"3296";"28046.1"
"3890604000";"2246200";"3296";"28054.0"
"3891683000";"2246200";"3296";"28062.0"
"3893036000";"2246200";"3296";"28070.7"
"3894116000";"2246200";"3296";"28078.6"
"3895196000";"2246200";"3296";"28086.6"
"3896275000";"2246200";"3296";"28094.5"
"3897356000";"2246200";"3297";"28102.9"
"3898699000";"2125700";"3297";"28110.8"
"3899779000";"2125700";"3297";"28119.1"
"3900860000";"2125700";"3297";"28127.1"
"3901939000";"2125700";"3297";"28135.0"
"3903024000";"2125700";"3297";"28143.0"
"3904367000";"2125700";"3297";"28151.3"
"3905447000";"2125700";"3297";"28159.3"
"3906526000";"2198800";"3297";"28167.6"
"3907605000";"2198800";"3297";"28175.5"
"3908686000";"2198800";"3297";"28183.5"
"3910028000";"2198800";"3297";"28191.8"
"3911109000";"2198800";"3297";"28199.8"
"3912189000";"2198800";"3297";"28208.1"
"3913274000";"2198800";"3297";"28216.1"
"3914354000";"2183900";"3297";"28224.0"
"3915696000";"2183900";"3297";"28232.3"
"3916777000";"2183900";"3297";"28240.3"
"3917857000";"2183900";"3297";"28248.6"
"3918936000";"2183900";"3297";"28256.6"
"3920016000";"2183900";"3297";"28264.5"
"3921359000";"2161900";"3297";"28274.0"
"3922439000";"2161900";"3297";"28282.3"
"3923524000";"2161900";"3297";"28290.3"
"3924605000";"2161900";"3297";"28298.2"
"3925685000";"2161900";"3297";"28306.2"
"3927027000";"2161900";"3297";"28314.5"
"3928108000";"2161900";"3297";"28322.4"
"3929188000";"2198300";"3297";"28330.8"
"3930267000";"2198300";"3297";"28338.7"
"3931347000";"2198300";"3297";"28346.7"
"3932691000";"2198300";"3297";"28356.5"
"3933776000";"2198300";"3297";"28364.9"
"3934861000";"2198300";"3297";"28372.8"
"3935941000";"2243000";"3297";"28380.8"
"3937020000";"2243000";"3297";"28388.7"
"3938362000";"2243000";"3297";"28397.0"
"3939442000";"2243000";"3297";"28405.0"
"3940521000";"2243000";"3297";"28412.9"
"3941602000";"2243000";"3297";"28420.9"
"3942681000";"2243000";"3297";"28428.8"
"3944030000";"2170200";"3297";"28438.7"
"3945109000";"2170200";"3297";"28446.6"
"3946190000";"2170200";"3297";"28454.6"
"3947271000";"2170200";"3297";"28462.5"
"3948351000";"2170200";"3297";"28470.9"
"3949693000";"2170200";"3297";"28479.2"
"3950773000";"2170200";"3297";"28487.1"
"3951853000";"2185200";"3297";"28495.1"
"3952939000";"2185200";"3297";"28503.4"
"3954018000";"2185200";"3297";"28511.4"
"3955362000";"2185200";"3297";"28519.7"
"3956441000";"2185200";"3296";"28527.7"
"3957521000";"2185200";"3296";"28535.6"
"3958601000";"2185200";"3296";"28543.9"
"3959681000";"2198700";"3297";"28551.9"
"3961022000";"2198700";"3297";"28560.2"
"3962103000";"2198700";"3297";"28568.2"
"3963188000";"2198700";"3296";"28576.1"
"3964267000";"2198700";"3296";"28584.1"
"3965348000";"2198700";"3296";"28592.0"
"3966691000";"2198700";"3296";"28600.3"
"3967772000";"2112400";"3296";"28608.3"
"3968852000";"2112400";"3296";"28616.6"
"3969932000";"2112400";"3296";"28624.6"
"3971013000";"2112400";"3296";"28632.5"
"3972356000";"2112400";"3296";"28640.9"
"3973442000";"2112400";"3296";"28649.2"
"3974522000";"2112400";"3296";"28657.1"
"3975602000";"2197900";"3296";"28665.1"
"3976682000";"2197900";"3296";"28673.0"
"3978030000";"2197900";"3296";"28681.4"
"3979110000";"2197900";"3296";"28689.3"
"3980190000";"2197900";"3296";"28697.3"
"3981270000";"2197900";"3296";"28705.6"
"3982349000";"2197900";"3296";"28713.6"
"3983698000";"2182600";"3296";"28723.4"
"3984778000";"2182600";"3296";"28731.4"
"3985857000";"2182600";"3296";"28739.3"
"3986937000";"2182600";"3296";"28747.3"
"3988016000";"2182600";"3296";"28755.2"
"3989360000";"2182600";"3296";"28763.5"
"3990440000";"2182600";"3296";"28771.9"
"3991519000";"2185700";"3296";"28779.8"
"3992599000";"2185700";"3296";"28787.8"
"3993685000";"2185700";"3296";"28796.1"
"3995027000";"2185700";"3296";"28804.4"
"3996106000";"2185700";"3296";"28812.4"
"3997187000";"2185700";"3296";"28820.3"
"3998267000";"2185700";"3296";"28828.3"
"3999347000";"2198500";"3296";"28836.6"
"4000690000";"2198500";"3296";"28844.6"
"4001769000";"2198500";"3296";"28852.9"
"4002855000";"2198500";"3296";"28860.8"
"4003936000";"2198500";"3296";"28868.8"
"4005016000";"2198500";"3296";"28876.7"
"4006359000";"2198500";"3296";"28885.1"
"4007439000";"2112200";"3296";"28893.0"
"4008520000";"2112200";"3296";"28901.0"
"4009600000";"2112200";"3296";"28909.3"
"4010679000";"2112200";"3296";"28917.3"
"4012021000";"2112200";"3296";"28927.1"
"4013106000";"2112200";"3296";"28935.0"
"4014186000";"2244900";"3296";"28943.0"
"4015266000";"2244900";"3296";"28951.3"
"4016346000";"2244900";"3296";"28959.3"
"4017689000";"2244900";"3296";"28969.1"
"4018774000";"2244900";"3296";"28977.1"
"4019854000";"2244900";"3296";"28985.0"
"4020935000";"2244700";"3296";"28993.0"
"4022014000";"2244700";"3296";"29000.9"
"4023362000";"2244700";"3296";"29010.8"
"4024441000";"2244700";"3296";"29018.7"
"4025521000";"2244700";"3296";"29026.7"
"4026601000";"2244700";"3296";"29034.6"
"4027682000";"2228000";"3296";"29042.6"
"4029024000";"2228000";"3296";"29050.9"
"4030103000";"2228000";"3296";"29059.2"
"4031183000";"2228000";"3296";"29067.2"
"4032263000";"2228000";"3296";"29075.2"
"4033349000";"2228000";"3296";"29083.5"
"4034691000";"2176800";"3296";"29092.9"
"4035772000";"2176800";"3296";"29101.3"
"4036851000";"2176800";"3296";"29109.2"
"4037932000";"2176800";"3296";"29117.2"
"4039011000";"2176800";"3296";"29125.1"
"4040353000";"2176800";"3296";"29133.5"
"4041432000";"2176800";"3296";"29141.4"
"4042512000";"2186100";"3296";"29149.4"
"4043598000";"2186100";"3296";"29157.3"
"4044677000";"2186100";"3296";"29165.3"
"4046021000";"2186100";"3296";"29173.6"
"4047101000";"2186100";"3296";"29181.9"
"4048181000";"2186100";"3296";"29189.9"
"4049260000";"2186100";"3296";"29197.8"
"4050340000";"2183700";"3296";"29205.8"
"4051683000";"2183700";"3296";"29214.1"
"4052763000";"2183700";"3296";"29222.4"
"4053849000";"2183700";"3296";"29230.4"
"4054929000";"2183700";"3296";"29238.3"
"4056009000";"2183700";"3297";"29246.3"
"4057352000";"2183700";"3297";"29254.6"
"4058432000";"2140600";"3297";"29262.9"
"4059512000";"2140600";"3297";"29270.9"
"4060592000";"2140600";"3297";"29278.8"
"4061677000";"2140600";"3297";"29286.8"
"4063024000";"2140600";"3297";"29295.1"
"4064105000";"2140600";"3297";"29303.1"
"4065185000";"2140600";"3297";"29311.4"
"4066265000";"2182500";"3297";"29319.4"
"4067345000";"2182500";"3297";"29327.3"
"4068688000";"2182500";"3297";"29335.6"
"4069767000";"2182500";"3297";"29343.6"
"4070848000";"2182500";"3297";"29351.9"
"4071927000";"2182500";"3297";"29359.9"
"4073013000";"2182500";"3297";"29368.2"
"4074355000";"2141100";"3297";"29376.5"
"4075436000";"2141100";"3297";"29384.5"
"4076516000";"2141100";"3297";"29392.4"
"4077595000";"2141100";"3297";"29400.4"
"4078675000";"2141100";"3297";"29408.3"
"4080019000";"2141100";"3297";"29416.6"
"4081099000";"2141100";"3297";"29425.0"
"4082179000";"2185000";"3297";"29432.9"
"4083266000";"2185000";"3297";"29440.9"
"4084346000";"2185000";"3297";"29448.8"
"4085689000";"2185000";"3297";"29457.2"
"4086768000";"2185000";"3297";"29465.1"
"4087848000";"2185000";"3297";"29473.1"
"4088929000";"2185000";"3297";"29481.4"
"4090008000";"2183700";"3297";"29489.3"
"4091351000";"2183700";"3297";"29499.2"
"4092430000";"2183700";"3297";"29507.1"
"4093516000";"2183700";"3297";"29515.1"
"4094597000";"2183700";"3297";"29523.4"
"4095677000";"2183700";"3297";"29531.4"
"4097019000";"2176400";"3297";"29539.7"
"4098099000";"2176400";"3297";"29547.7"
"4099179000";"2176400";"3297";"29555.6"
"4100259000";"2176400";"3297";"29563.6"
"4101340000";"2176400";"3297";"29571.9"
"4102686000";"2176400";"3297";"29580.2"
"4103771000";"2176400";"3297";"29588.2"
"4104851000";"2182600";"3297";"29596.1"
"4105931000";"2182600";"3297";"29604.1"
"4107011000";"2182600";"3297";"29612.0"
"4108355000";"2182600";"3298";"29620.3"
"4109435000";"2182600";"3298";"29628.7"
"4110515000";"2182600";"3298";"29636.6"
"4111595000";"2182600";"3298";"29644.6"
"4112675000";"2199800";"3298";"29652.9"
"4114023000";"2199800";"3298";"29661.2"
"4115103000";"2199800";"3298";"29669.2"
"4116183000";"2199800";"3298";"29677.1"
"4117264000";"2199800";"3297";"29685.1"
"4118344000";"2199800";"3297";"29693.0"
"4119687000";"2199800";"3297";"29701.4"
"4120766000";"2112400";"3297";"29709.3"
"4121846000";"2112400";"3297";"29717.3"
"4122931000";"2112400";"3297";"29725.6"
"4124012000";"2112400";"3297";"29733.6"
"4125354000";"2112400";"3297";"29741.9"
"4126434000";"2112400";"3297";"29749.8"
"4127513000";"2112400";"3297";"29757.8"
"4128594000";"2184100";"3297";"29765.7"
"4129674000";"2184100";"3297";"29773.7"
"4131017000";"2184100";"3297";"29783.5"
"4132097000";"2184100";"3297";"29791.5"
"4133183000";"2184100";"3297";"29799.8"
"4134263000";"2184100";"3297";"29807.8"
"4135344000";"2244100";"3297";"29815.7"
"4136687000";"2244100";"3297";"29824.0"
"4137766000";"2244100";"3297";"29832.0"
"4138846000";"2244100";"3297";"29839.9"
"4139927000";"2244100";"3296";"29847.9"
"4141006000";"2244100";"3296";"29855.8"
"4142349000";"2244100";"3296";"29864.2"
"4143435000";"2112200";"3296";"29872.1"
"4144546000";"2112200";"3297";"29880.5"
"4145626000";"2112200";"3296";"29888.4"
"4146707000";"2112200";"3296";"29896.4"
"4148050000";"2112200";"3296";"29904.7"
"4149129000";"2112200";"3296";"29912.6"
"4150210000";"2112200";"3296";"29921.0"
"4151290000";"2191100";"3296";"29928.9"
"4152370000";"2191100";"3296";"29936.9"
"4153718000";"2191100";"3296";"29945.6"
"4154797000";"2191100";"3296";"29953.5"
"4155877000";"2191100";"3296";"29961.5"
"4156956000";"2191100";"3296";"29969.4"
"4158037000";"2191100";"3296";"29977.4"
"4159381000";"2183800";"3296";"29987.2"
"4160461000";"2183800";"3296";"29995.2"
"4161541000";"2183800";"3296";"30003.1"
"4162621000";"2183800";"3296";"30011.1"
"4163707000";"2183800";"3296";"30019.4"
"4165050000";"2183800";"3296";"30027.3"
"4166131000";"2183800";"3296";"30035.7"
"4167210000";"2183400";"3296";"30043.6"
"4168291000";"2183400";"3296";"30051.6"
"4169371000";"2183400";"3296";"30059.5"
"4170714000";"2183400";"3296";"30067.9"
"4171793000";"2183400";"3296";"30075.8"
"4172878000";"2183400";"3296";"30084.1"
"4173959000";"2183400";"3296";"30092.1"
"4175039000";"2183700";"3296";"30100.0"
"4176382000";"2183700";"3296";"30108.4"
"4177461000";"2183700";"3296";"30116.3"
"4178541000";"2183700";"3296";"30124.3"
"4179621000";"2183700";"3296";"30132.2"
"4180701000";"2183700";"3296";"30140.6"
"4182044000";"2183700";"3297";"30148.5"
"4183130000";"2126500";"3297";"30156.8"
"4184210000";"2126500";"3297";"30164.8"
"4185290000";"2126500";"3297";"30172.7"
"4186369000";"2126500";"3297";"30180.7"
"4187717000";"2126500";"3297";"30190.5"
"4188796000";"2126500";"3297";"30198.5"
"4189877000";"2228200";"3297";"30206.4"
"4190957000";"2228200";"3297";"30214.4"
"4192038000";"2228200";"3297";"30222.7"
"4193385000";"2228200";"3297";"30231.0"
"4194465000";"2228200";"3297";"30239.0"
"4195545000";"2228200";"3297";"30246.9"
"4196625000";"2228200";"3297";"30254.9"
"4197705000";"2198500";"3297";"30263.2"
"4199047000";"2198500";"3297";"30271.2"
"4200128000";"2198500";"3297";"30279.5"
"4201208000";"2198500";"3297";"30287.5"
"4202288000";"2198500";"3297";"30295.4"
"4203373000";"2198500";"3297";"30303.4"
"4204716000";"2160100";"3297";"30313.2"
"4205796000";"2160100";"3297";"30321.2"
"4206876000";"2160100";"3297";"30329.1"
"4207957000";"2160100";"3297";"30337.1"
"4209036000";"2160100";"3297";"30345.0"
"4210379000";"2160100";"3297";"30354.9"
"4211459000";"2229300";"3297";"30362.8"
"4212539000";"2229300";"3297";"30370.8"
"4213625000";"2229300";"3297";"30379.1"
"4214706000";"2229300";"3297";"30387.1"
"4216048000";"2229300";"3297";"30395.4"
"4217127000";"2229300";"3297";"30403.3"
"4218207000";"2229300";"3297";"30411.3"
"4219286000";"2184100";"3297";"30419.2"
"4220366000";"2184100";"3297";"30427.2"
"4221708000";"2184100";"3297";"30437.0"
"4222788000";"2184100";"3297";"30445.0"
"4223874000";"2184100";"3297";"30452.9"
"4224955000";"2184100";"3297";"30461.3"
"4226034000";"2244700";"3297";"30469.2"
"4227378000";"2244700";"3297";"30477.5"
"4228462000";"2244700";"3297";"30485.5"
"4229541000";"2244700";"3297";"30493.4"
"4230622000";"2244700";"3297";"30501.4"
"4231701000";"2244700";"3297";"30509.7"
"4233049000";"2244700";"3297";"30518.0"
"4234129000";"2125700";"3297";"30526.0"
"4235209000";"2125700";"3297";"30533.9"
"4236289000";"2125700";"3297";"30541.9"
"4237369000";"2125700";"3297";"30550.2"
"4238711000";"2125700";"3297";"30559.7"
"4239792000";"2125700";"3296";"30567.7"
"4240872000";"2229300";"3297";"30575.6"
"4241952000";"2229300";"3297";"30583.9"
"4243038000";"2229300";"3297";"30591.9"
"4244380000";"2229300";"3297";"30601.7"
"4245461000";"2229300";"3297";"30609.7"
"4246541000";"2229300";"3297";"30617.6"
"4247621000";"2244500";"3297";"30625.6"
"4248700000";"2244500";"3297";"30633.5"
"4250044000";"2244500";"3297";"30643.4"
"4251123000";"2244500";"3297";"30651.3"
"4252204000";"2244500";"3297";"30659.7"
"4253289000";"2244500";"3297";"30667.6"
"4254369000";"2244700";"3297";"30675.6"
"4255711000";"2244700";"3297";"30683.9"
"4256791000";"2244700";"3297";"30691.8"
"4257870000";"2244700";"3297";"30699.8"
"4258951000";"2244700";"3296";"30707.8"
"4260030000";"2244700";"3297";"30715.7"
"4261374000";"2244700";"3296";"30724.0"
"4262454000";"2113900";"3297";"30732.0"
"4263539000";"2113900";"3297";"30740.3"
"4264618000";"2113900";"3297";"30748.3"
"4265698000";"2113900";"3297";"30756.2"
"4267041000";"2113900";"3297";"30766.1"
"4268121000";"2113900";"3297";"30774.0"
"4269201000";"2245100";"3297";"30782.0"
"4270281000";"2245100";"3297";"30789.9"
"4271365000";"2245100";"3297";"30798.3"
"4272709000";"2245100";"3297";"30806.6"
"4273794000";"2245100";"3297";"30814.5"
"4274874000";"2245100";"3297";"30822.5"
"4275954000";"2245100";"3297";"30830.8"
"4277033000";"2197400";"3297";"30838.8"
"4278377000";"2197400";"3297";"30847.1"
"4279456000";"2197400";"3297";"30855.0"
"4280536000";"2197400";"3297";"30863.0"
"4281615000";"2197400";"3297";"30870.9"
"4282695000";"2197400";"3297";"30878.9"
"4284044000";"2197400";"3297";"30887.2"
"4285124000";"2112400";"3297";"30895.2"
"4286204000";"2112400";"3297";"30903.1"
"4287283000";"2112400";"3297";"30911.4"
"4288364000";"2112400";"3297";"30919.4"
"4289707000";"2112400";"3297";"30927.7"
"4290787000";"2112400";"3297";"30935.7"
"4291867000";"2112400";"3297";"30943.6"
"4292953000";"2183700";"3297";"30951.6"
"4294033000";"2183700";"3297";"30959.9"
"4295376000";"2183700";"3297";"30968.2"
"4296457000";"2183700";"3297";"30976.2"
"4297537000";"2183700";"3297";"30984.1"
"4298617000";"2183700";"3297";"30992.1"
"4299697000";"2183700";"3297";"31000.0"
"4301040000";"2127700";"3297";"31008.4"
"4302119000";"2127700";"3297";"31016.3"
"4303205000";"2127700";"3297";"31024.6"
"4304285000";"2127700";"3297";"31032.6"
"4305364000";"2127700";"3297";"31040.5"
"4306707000";"2127700";"3297";"31048.9"
"4307788000";"2127700";"3297";"31056.8"
"4308868000";"2183700";"3297";"31064.8"
"4309947000";"2183700";"3297";"31072.7"
"4311027000";"2183700";"3297";"31081.1"
"4312374000";"2183700";"3297";"31089.4"
"4313459000";"2183700";"3297";"31097.3"
"4314538000";"2183700";"3297";"31105.3"
"4315619000";"2183700";"3297";"31113.2"
"4316699000";"2197800";"3297";"31121.6"
"4318041000";"2197800";"3297";"31129.5"
"4319121000";"2197800";"3297";"31137.8"
"4320201000";"2197800";"3297";"31145.8"
"4321281000";"2197800";"3297";"31153.7"
"4322360000";"2197800";"3297";"31161.7"
"4323707000";"2160900";"3297";"31171.5"
"4324787000";"2160900";"3297";"31179.5"
"4325867000";"2160900";"3297";"31187.4"
"4326947000";"2160900";"3297";"31195.4"
"4328028000";"2160900";"3297";"31203.7"
"4329371000";"2160900";"3297";"31212.1"
"4330451000";"2160900";"3297";"31220.0"
"4331531000";"2185000";"3297";"31228.0"
"4332611000";"2185000";"3297";"31235.9"
"4333697000";"2185000";"3297";"31244.2"
"4335039000";"2185000";"3297";"31252.6"
"4336119000";"2185000";"3297";"31260.5"
"4337198000";"2185000";"3297";"31268.5"
"4338278000";"2185000";"3297";"31276.4"
"4339358000";"2184100";"3297";"31284.4"
"4340702000";"2184100";"3297";"31292.7"
"4341781000";"2184100";"3297";"31300.6"
"4342867000";"2184100";"3297";"31309.0"
"4343947000";"2184100";"3297";"31316.9"
"4345027000";"2184100";"3297";"31324.9"
"4346370000";"2184100";"3297";"31333.2"
"4347450000";"2126500";"3297";"31341.2"
"4348529000";"2126500";"3297";"31349.1"
"4349609000";"2126500";"3297";"31357.4"
"4350688000";"2126500";"3297";"31365.4"
"4352032000";"2126500";"3297";"31375.2"
"4353116000";"2126500";"3297";"31383.2"
"4354260000";"2224100";"3297";"31391.1"
"4355340000";"2224100";"3297";"31399.5"
"4356419000";"2224100";"3297";"31407.4"
"4357762000";"2224100";"3297";"31415.7"
"4358842000";"2224100";"3297";"31423.7"
"4359922000";"2224100";"3297";"31431.7"
"4361002000";"2224100";"3297";"31439.6"
"4362082000";"2185500";"3297";"31447.6"
"4363429000";"2185500";"3297";"31455.9"
"4364510000";"2185500";"3297";"31463.8"
"4365590000";"2185500";"3297";"31471.8"
"4366670000";"2185500";"3297";"31479.7"
"4367751000";"2185500";"3297";"31487.7"
"4369094000";"2185500";"3297";"31496.0"
"4370174000";"2126400";"3297";"31504.3"
"4371255000";"2126400";"3297";"31512.3"
"4372335000";"2126400";"3297";"31520.2"
"4373420000";"2126400";"3297";"31528.6"
"4374764000";"2126400";"3297";"31536.9"
"4375845000";"2126400";"3297";"31544.8"
"4376924000";"2126400";"3297";"31552.8"
"4378005000";"2183200";"3297";"31560.8"
"4379084000";"2183200";"3297";"31568.7"
"4380426000";"2183200";"3296";"31577.0"
"4381506000";"2183200";"3296";"31585.0"
"4382585000";"2183200";"3296";"31593.3"
"4383670000";"2183200";"3297";"31601.3"
"4384750000";"2183200";"3297";"31609.2"
"4386092000";"2127500";"3296";"31617.5"
"4387172000";"2127500";"3296";"31625.5"
"4388252000";"2127500";"3296";"31633.4"
"4389333000";"2127500";"3296";"31641.4"
"4390414000";"2127500";"3296";"31649.7"
"4391755000";"2127500";"3297";"31659.2"
"4392836000";"2246200";"3297";"31667.5"
"4393922000";"2246200";"3297";"31675.5"
"4395001000";"2246200";"3297";"31683.4"
"4396081000";"2246200";"3297";"31691.8"
"4397429000";"2246200";"3297";"31700.1"
"4398509000";"2246200";"3297";"31708.0"
"4399589000";"2246200";"3297";"31716.0"
"4400670000";"2182300";"3297";"31723.9"
"4401749000";"2182300";"3297";"31731.9"
"4403097000";"2182300";"3297";"31740.2"
"4404176000";"2182300";"3297";"31748.2"
"4405256000";"2182300";"3297";"31756.1"
"4406336000";"2182300";"3297";"31764.1"
"4407415000";"2182300";"3297";"31772.4"
"4408758000";"2113100";"3297";"31780.3"
"4409838000";"2113100";"3297";"31788.7"
"4410918000";"2113100";"3297";"31796.6"
"4411998000";"2113100";"3297";"31804.6"
"4413084000";"2113100";"3297";"31812.9"
"4414426000";"2113100";"3297";"31821.2"
"4415507000";"2113100";"3297";"31829.2"
"4416586000";"2198500";"3297";"31837.1"
"4417666000";"2198500";"3297";"31845.1"
"4418745000";"2198500";"3297";"31853.4"
"4420088000";"2198500";"3297";"31862.9"
"4421168000";"2198500";"3297";"31870.8"
"4422247000";"2198500";"3297";"31879.2"
"4423333000";"2245300";"3297";"31887.1"
"4424413000";"2245300";"3297";"31895.1"
"4425756000";"2245300";"3297";"31903.4"
"4426835000";"2245300";"3297";"31911.3"
"4427915000";"2245300";"3297";"31919.3"
"4428995000";"2245300";"3297";"31927.2"
"4430075000";"2245300";"3297";"31935.2"
"4431418000";"2171100";"3297";"31945.0"
"4432498000";"2171100";"3297";"31953.0"
"4433584000";"2171100";"3297";"31961.3"
"4434663000";"2171100";"3297";"31969.3"
"4435743000";"2171100";"3297";"31977.2"
"4437086000";"2171100";"3297";"31987.1"
"4438170000";"2243400";"3297";"31995.0"
"4439249000";"2243400";"3297";"32003.0"
"4440329000";"2243400";"3297";"32010.9"
"4441410000";"2243400";"3297";"32018.9"
"4442752000";"2243400";"3297";"32027.2"
"4443837000";"2243400";"3297";"32035.2"
"4444917000";"2243400";"3297";"32043.1"
"4445997000";"2184100";"3297";"32051.4"
"4447077000";"2184100";"3297";"32059.4"
"4448419000";"2184100";"3297";"32067.7"
"4449500000";"2184100";"3297";"32075.7"
"4450580000";"2184100";"3297";"32083.6"
"4451659000";"2184100";"3297";"32091.6"
"4452739000";"2184100";"3297";"32099.9"
"4454087000";"2169900";"3296";"32109.4"
"4455167000";"2169900";"3296";"32117.7"
"4456247000";"2169900";"3296";"32125.7"
"4457326000";"2169900";"3296";"32133.6"
"4458406000";"2169900";"3296";"32141.6"
"4459748000";"2169900";"3296";"32149.9"
"4460827000";"2169900";"3296";"32157.8"
"4461907000";"2185900";"3296";"32165.8"
"4462993000";"2185900";"3296";"32174.1"
"4464073000";"2185900";"3296";"32182.1"
"4465415000";"2185900";"3296";"32190.4"
"4466494000";"2185900";"3296";"32198.3"
"4467573000";"2185900";"3296";"32206.3"
"4468654000";"2185900";"3296";"32214.3"
"4469734000";"2199000";"3296";"32222.6"
"4471076000";"2199000";"3296";"32230.9"
"4472156000";"2199000";"3296";"32238.9"
"4473241000";"2199000";"3296";"32246.8"
"4474321000";"2199000";"3296";"32255.1"
"4475400000";"2199000";"3296";"32263.1"
"4476743000";"2160500";"3296";"32272.6"
"4477823000";"2160500";"3297";"32280.9"
"4478903000";"2160500";"3297";"32288.8"
"4479982000";"2160500";"3297";"32296.8"
"4481066000";"2160500";"3297";"32304.7"
"4482409000";"2160500";"3297";"32314.6"
"4483495000";"2243600";"3297";"32322.5"
"4484575000";"2243600";"3297";"32330.5"
"4485655000";"2243600";"3297";"32338.4"
"4486735000";"2243600";"3297";"32346.4"
"4488077000";"2243600";"3297";"32354.7"
"4489157000";"2243600";"3297";"32362.7"
"4490237000";"2243600";"3297";"32370.6"
"4491317000";"2185500";"3297";"32379.0"
"4492396000";"2185500";"3297";"32386.9"
"4493744000";"2185500";"3297";"32395.2"
"4494823000";"2185500";"3297";"32403.2"
"4495904000";"2185500";"3297";"32411.5"
"4496983000";"2185500";"3297";"32419.5"
"4498062000";"2185500";"3297";"32427.4"
"4499406000";"2127200";"3297";"32435.7"
"4500486000";"2127200";"3297";"32443.7"
"4501566000";"2127200";"3297";"32451.6"
"4502646000";"2127200";"3297";"32459.6"
"4503732000";"2127200";"3297";"32467.9"
"4505074000";"2127200";"3296";"32475.9"
"4506154000";"2127200";"3296";"32484.2"
"4507234000";"2183700";"3296";"32492.2"
"4508314000";"2183700";"3297";"32500.1"
"4509394000";"2183700";"3296";"32508.1"
"4510738000";"2183700";"3296";"32516.4"
"4511817000";"2183700";"3296";"32524.3"
"4512903000";"2183700";"3296";"32532.7"
"4513983000";"2183700";"3296";"32540.6"
"4515063000";"2183700";"3296";"32548.6"
"4516406000";"2183700";"3296";"32556.9"
"4517486000";"2183700";"3296";"32564.8"
"4518566000";"2183700";"3296";"32572.8"
"4519646000";"2183700";"3296";"32581.1"
"4520725000";"2183700";"3296";"32589.1"
"4522073000";"2183700";"3297";"32597.4"
"4523158000";"2125500";"3297";"32605.4"
"4524238000";"2125500";"3297";"32613.3"
"4525317000";"2125500";"3297";"32621.3"
"4526397000";"2125500";"3297";"32629.2"
"4527740000";"2125500";"3297";"32639.1"
"4528819000";"2125500";"3297";"32647.0"
"4529898000";"2230100";"3297";"32655.0"
"4530979000";"2230100";"3297";"32662.9"
"4532060000";"2230100";"3297";"32671.2"
"4533409000";"2230100";"3297";"32681.1"
"4534489000";"2230100";"3297";"32689.0"
"4535570000";"2230100";"3296";"32697.0"
"4536650000";"2243600";"3296";"32704.9"
"4537730000";"2243600";"3296";"32713.3"
"4539072000";"2243600";"3296";"32722.7"
"4540151000";"2243600";"3296";"32730.7"
"4541232000";"2243600";"3296";"32738.6"
"4542311000";"2243600";"3296";"32747.0"
"4543396000";"2245300";"3296";"32754.9"
"4544739000";"2245300";"3297";"32763.3"
"4545818000";"2245300";"3297";"32771.2"
"4546898000";"2245300";"3297";"32779.2"
"4547977000";"2245300";"3297";"32787.1"
"4549056000";"2245300";"3297";"32795.1"
"4550398000";"2245300";"3297";"32803.4"
"4551477000";"2114900";"3297";"32811.3"
"4552558000";"2114900";"3297";"32819.7"
"4553644000";"2114900";"3297";"32827.6"
"4554723000";"2114900";"3297";"32835.6"
"4556066000";"2114900";"3297";"32843.9"
"4557146000";"2114900";"3297";"32851.8"
"4558226000";"2114900";"3297";"32860.2"
"4559306000";"2198500";"3297";"32868.1"
"4560386000";"2198500";"3297";"32876.1"
"4561729000";"2198500";"3297";"32884.4"
"4562809000";"2198500";"3297";"32892.4"
"4563895000";"2198500";"3297";"32900.3"
"4564979000";"2198500";"3297";"32908.3"
"4566059000";"2198500";"3297";"32916.2"
"4567402000";"2110900";"3297";"32924.5"
"4568482000";"2110900";"3297";"32932.5"
"4569563000";"2110900";"3297";"32940.8"
"4570642000";"2110900";"3297";"32948.8"
"4571722000";"2110900";"3297";"32956.7"
"4573070000";"2110900";"3297";"32966.6"
"4574150000";"2262000";"3297";"32974.9"
"4575230000";"2262000";"3297";"32982.9"
"4576309000";"2262000";"3297";"32990.8"
"4577390000";"2262000";"3297";"32998.8"
"4578733000";"2262000";"3297";"33007.1"
"4579813000";"2262000";"3297";"33015.0"
"4580894000";"2262000";"3297";"33023.0"
"4581973000";"2170400";"3297";"33030.9"
"4583059000";"2170400";"3297";"33039.3"
"4584402000";"2170400";"3297";"33047.2"
"4585483000";"2170400";"3297";"33055.5"
"4586563000";"2170400";"3297";"33063.5"
"4587642000";"2170400";"3297";"33071.4"
"4588722000";"2170400";"3297";"33079.4"
"4590064000";"2183800";"3297";"33089.2"
"4591145000";"2183800";"3297";"33097.2"
"4592224000";"2183800";"3297";"33105.1"
"4593309000";"2183800";"3297";"33113.5"
"4594389000";"2183800";"3297";"33121.4"
"4595732000";"2183800";"3297";"33129.8"
"4596812000";"2183800";"3297";"33137.7"
"4597892000";"2183900";"3297";"33145.7"
"4598972000";"2183900";"3297";"33154.0"
"4600051000";"2183900";"3297";"33161.9"
"4601395000";"2183900";"3297";"33171.4"
"4602474000";"2183900";"3297";"33179.4"
"4603560000";"2183900";"3297";"33187.7"
"4604639000";"2245100";"3297";"33195.6"
"4605719000";"2245100";"3297";"33203.6"
"4607066000";"2245100";"3297";"33211.9"
"4608147000";"2245100";"3297";"33219.9"
"4609226000";"2245100";"3297";"33227.8"
"4610306000";"2245100";"3297";"33235.8"
"4611386000";"2245100";"3297";"33244.1"
"4612729000";"2127000";"3297";"33252.4"
"4613814000";"2127000";"3297";"33260.4"
"4614894000";"2127000";"3297";"33268.3"
"4615973000";"2127000";"3297";"33276.7"
"4617052000";"2127000";"3297";"33284.6"
"4618395000";"2127000";"3296";"33292.9"
"4619474000";"2127000";"3296";"33300.9"
"4620554000";"2184600";"3296";"33308.8"
"4621634000";"2184600";"3296";"33316.8"
"4622714000";"2184600";"3296";"33324.7"
"4624064000";"2184600";"3296";"33333.1"
"4625144000";"2184600";"3296";"33341.0"
"4626224000";"2184600";"3296";"33349.4"
"4627304000";"2184600";"3296";"33357.3"
"4628383000";"2183500";"3296";"33365.3"
"4629726000";"2183500";"3297";"33375.1"
"4630807000";"2183500";"3297";"33383.1"
"4631887000";"2183500";"3297";"33391.0"
"4632973000";"2183500";"3297";"33399.3"
"4634053000";"2183500";"3297";"33407.3"
"4635395000";"2176000";"3297";"33415.6"
"4636476000";"2176000";"3297";"33423.6"
"4637555000";"2176000";"3297";"33431.5"
"4638636000";"2176000";"3297";"33439.8"
"4639715000";"2176000";"3297";"33447.8"
"4641058000";"2176000";"3297";"33456.1"
"4642138000";"2176000";"3297";"33464.1"
"4643224000";"2183700";"3297";"33472.0"
"4644304000";"2183700";"3297";"33480.0"
"4645384000";"2183700";"3296";"33487.9"
"4646727000";"2183700";"3296";"33496.2"
"4647863000";"2183700";"3296";"33504.2"
"4648942000";"2183700";"3296";"33512.5"
"4650021000";"2183700";"3296";"33520.5"
"4651101000";"2170100";"3296";"33528.4"
"4652444000";"2170100";"3296";"33536.8"
"4653530000";"2170100";"3296";"33544.7"
"4654610000";"2170100";"3296";"33553.0"
"4655690000";"2170100";"3296";"33561.0"
"4656770000";"2170100";"3296";"33568.9"
"4658113000";"2170100";"3296";"33577.3"
"4659193000";"2126500";"3296";"33585.2"
"4660272000";"2126500";"3296";"33593.6"
"4661353000";"2126500";"3296";"33601.5"
"4662432000";"2126500";"3296";"33609.5"
"4663779000";"2126500";"3296";"33617.8"
"4664858000";"2126500";"3296";"33625.7"
"4665938000";"2126500";"3296";"33633.7"
"4667018000";"2184600";"3296";"33641.6"
"4668098000";"2184600";"3296";"33650.0"
"4669440000";"2184600";"3296";"33657.9"
"4670521000";"2184600";"3296";"33666.2"
"4671601000";"2184600";"3296";"33674.2"
"4672681000";"2184600";"3296";"33682.1"
"4673767000";"2184600";"3296";"33690.5"
"4675109000";"2141000";"3296";"33698.8"
"4676189000";"2141000";"3296";"33706.7"
"4677269000";"2141000";"3296";"33714.7"
"4678349000";"2141000";"3296";"33722.7"
"4679429000";"2141000";"3296";"33731.0"
"4680706000";"2141000";"3296";"33738.9"
"4681852000";"2141000";"3296";"33747.3"
"4682938000";"2183400";"3296";"33755.2"
"4684018000";"2183400";"3296";"33763.2"
"4685098000";"2183400";"3296";"33771.1"
"4686440000";"2183400";"3296";"33779.4"
"4687520000";"2183400";"3296";"33787.8"
"4688601000";"2183400";"3296";"33795.7"
"4689681000";"2183400";"3296";"33803.7"
"4690765000";"2184300";"3296";"33811.6"
"4692108000";"2184300";"3296";"33819.9"
"4693194000";"2184300";"3296";"33828.3"
"4694274000";"2184300";"3296";"33836.2"
"4695354000";"2184300";"3296";"33844.2"
"4696434000";"2184300";"3296";"33852.1"
"4697777000";"2184300";"3296";"33860.5"
"4698857000";"2140800";"3296";"33868.8"
"4699937000";"2140800";"3296";"33876.7"
"4701016000";"2140800";"3296";"33884.7"
"4702096000";"2140800";"3296";"33892.6"
"4703445000";"2140800";"3296";"33901.0"
"4704524000";"2140800";"3296";"33908.9"
"4705605000";"2140800";"3296";"33916.9"
"4706686000";"2168800";"3296";"33924.8"
"4707765000";"2168800";"3296";"33933.2"
"4709107000";"2168800";"3297";"33941.5"
"4710188000";"2168800";"3297";"33949.4"
"4711267000";"2168800";"3297";"33957.4"
"4712348000";"2168800";"3296";"33965.3"
"4713433000";"2168800";"3297";"33973.7"
"4714776000";"2141100";"3297";"33982.0"
"4715856000";"2141100";"3297";"33989.9"
"4716935000";"2141100";"3297";"33997.9"
"4718016000";"2141100";"3297";"34005.8"
"4719096000";"2141100";"3297";"34014.2"
"4720438000";"2141100";"3297";"34022.5"
"4721518000";"2141100";"3297";"34030.4"
"4722599000";"2185300";"3297";"34038.4"
"4723683000";"2185300";"3297";"34046.4"
"4724762000";"2185300";"3297";"34054.7"
"4726106000";"2185300";"3297";"34063.0"
"4727186000";"2185300";"3297";"34071.0"
"4728265000";"2185300";"3297";"34078.9"
"4729346000";"2185300";"3297";"34086.9"
"4730426000";"2184100";"3297";"34094.8"
"4731774000";"2184100";"3297";"34103.1"
"4732858000";"2184100";"3297";"34111.5"
"4733938000";"2184100";"3297";"34119.4"
"4735017000";"2184100";"3297";"34127.4"
"4736097000";"2184100";"3297";"34135.7"
"4737440000";"2184100";"3298";"34144.0"
"4738520000";"2140100";"3297";"34152.0"
"4739600000";"2140100";"3297";"34159.9"
"4740679000";"2140100";"3297";"34167.9"
"4741760000";"2140100";"3297";"34175.8"
"4743108000";"2140100";"3297";"34184.5"
"4744188000";"2140100";"3297";"34192.5"
"4745268000";"2140100";"3297";"34200.4"
"4746348000";"2183900";"3297";"34208.4"
"4747428000";"2183900";"3297";"34216.3"
"4748771000";"2183900";"3297";"34224.7"
"4749852000";"2183900";"3297";"34233.0"
"4750932000";"2183900";"3297";"34241.0"
"4752012000";"2183900";"3297";"34248.9"
"4753097000";"2183900";"3297";"34257.2"
"4754440000";"2140600";"3297";"34265.6"
"4755520000";"2140600";"3297";"34273.5"
"4756599000";"2140600";"3297";"34281.8"
"4757679000";"2140600";"3297";"34289.8"
"4758758000";"2140600";"3297";"34297.7"
"4760101000";"2140600";"3297";"34306.1"
"4761181000";"2140600";"3297";"34314.0"
"4762261000";"2185900";"3297";"34322.0"
"4763347000";"2185900";"3297";"34329.9"
"4764428000";"2185900";"3297";"34338.3"
"4765769000";"2185900";"3297";"34347.7"
"4766849000";"2185900";"3297";"34355.7"
"4767929000";"2185900";"3297";"34364.0"
"4769008000";"2244900";"3297";"34372.0"
"4770089000";"2244900";"3297";"34379.9"
"4771431000";"2244900";"3297";"34389.8"
"4772511000";"2244900";"3297";"34397.7"
"4773596000";"2244900";"3297";"34405.7"
"4774681000";"2244900";"3297";"34414.0"
"4775760000";"2243400";"3297";"34421.9"
"4777104000";"2243400";"3297";"34431.8"
"4778184000";"2243400";"3297";"34439.7"
"4779264000";"2243400";"3297";"34447.7"
"4780344000";"2243400";"3296";"34455.6"
"4781424000";"2243400";"3296";"34464.0"
"4782768000";"2161100";"3296";"34471.9"
"4783853000";"2161100";"3296";"34480.3"
"4784933000";"2161100";"3296";"34488.2"
"4786014000";"2161100";"3296";"34496.2"
"4787093000";"2161100";"3296";"34504.1"
"4788435000";"2161100";"3296";"34514.0"
"4789515000";"2244900";"3296";"34521.9"
"4790595000";"2244900";"3296";"34529.9"
"4791674000";"2244900";"3296";"34538.2"
"4792755000";"2244900";"3296";"34546.1"
"4794103000";"2244900";"3296";"34554.5"
"4795183000";"2244900";"3296";"34562.4"
"4796263000";"2244900";"3296";"34570.8"
"4797343000";"2198700";"3296";"34578.7"
"4798422000";"2198700";"3296";"34586.7"
"4799765000";"2198700";"3296";"34595.0"
"4800844000";"2198700";"3296";"34602.9"
"4801925000";"2198700";"3296";"34610.9"
"4803010000";"2198700";"3296";"34619.2"
"4804090000";"2198700";"3296";"34627.2"
"4805433000";"2126900";"3296";"34635.5"
"4806513000";"2126900";"3296";"34643.4"
"4807593000";"2126900";"3296";"34651.8"
"4808673000";"2126900";"3296";"34659.7"
"4809752000";"2126900";"3296";"34667.7"
"4811095000";"2126900";"3296";"34676.0"
"4812176000";"2126900";"3296";"34683.9"
"4813262000";"2198500";"3296";"34692.3"
"4814341000";"2198500";"3296";"34700.2"
"4815420000";"2198500";"3296";"34708.2"
"4816768000";"2198500";"3296";"34716.5"
"4817848000";"2198500";"3296";"34724.5"
"4818928000";"2198500";"3296";"34732.8"
"4820007000";"2198500";"3296";"34740.7"
"4821086000";"2184800";"3296";"34748.7"
"4822429000";"2184800";"3296";"34758.5"
"4823514000";"2184800";"3296";"34766.5"
"4824595000";"2184800";"3296";"34774.4"
"4825674000";"2184800";"3296";"34782.4"
"4826755000";"2184800";"3296";"34790.4"
"4828098000";"2159700";"3296";"34798.7"
"4829178000";"2159700";"3296";"34807.0"
"4830258000";"2159700";"3296";"34815.0"
"4831337000";"2159700";"3296";"34822.9"
"4832418000";"2159700";"3296";"34830.9"
"4833766000";"2159700";"3296";"34839.6"
"4834846000";"2159700";"3296";"34847.5"
"4835926000";"2198700";"3296";"34855.5"
"4837006000";"2198700";"3296";"34863.8"
"4838087000";"2198700";"3296";"34871.8"
"4839430000";"2198700";"3296";"34880.1"
"4840510000";"2198700";"3296";"34888.0"
"4841590000";"2198700";"3296";"34896.0"
"4842670000";"2198700";"3296";"34903.9"
"4843755000";"2183500";"3296";"34911.9"
"4845098000";"2183500";"3296";"34920.2"
"4846178000";"2183500";"3296";"34928.5"
"4847258000";"2183500";"3296";"34936.5"
"4848338000";"2183500";"3296";"34944.4"
"4849418000";"2183500";"3296";"34952.4"
"4850761000";"2183500";"3296";"34960.7"
"4851842000";"2127900";"3296";"34968.7"
"4852928000";"2127900";"3296";"34977.0"
"4854008000";"2127900";"3296";"34984.9"
"4855088000";"2127900";"3297";"34992.9"
"4856430000";"2127900";"3297";"35001.6"
"4857510000";"2127900";"3297";"35009.6"
"4858594000";"2127900";"3297";"35017.5"
"4859673000";"2197600";"3297";"35025.5"
"4860754000";"2197600";"3297";"35033.4"
"4862096000";"2197600";"3297";"35041.7"
"4863181000";"2197600";"3297";"35049.7"
"4864262000";"2197600";"3297";"35058.0"
"4865342000";"2197600";"3297";"35066.0"
"4866423000";"2197600";"3297";"35073.9"
"4867765000";"2126400";"3297";"35082.2"
"4868846000";"2126400";"3297";"35090.2"
"4869926000";"2126400";"3297";"35098.1"
"4871006000";"2126400";"3297";"35106.5"
"4872087000";"2126400";"3297";"35114.4"
"4873436000";"2126400";"3297";"35124.3"
"4874515000";"2244300";"3297";"35132.2"
"4875594000";"2244300";"3297";"35140.2"
"4876674000";"2244300";"3297";"35148.5"
"4877753000";"2244300";"3297";"35156.5"
"4879095000";"2244300";"3297";"35164.8"
"4880175000";"2244300";"3297";"35172.7"
"4881255000";"2244300";"3297";"35180.7"
"4882335000";"2186100";"3297";"35188.6"
"4883421000";"2186100";"3297";"35197.0"
"4884764000";"2186100";"3297";"35205.3"
"4885844000";"2186100";"3297";"35213.2"
"4886924000";"2186100";"3297";"35221.2"
"4888004000";"2186100";"3297";"35229.2"
"4889083000";"2186100";"3297";"35237.1"
"4890426000";"2183800";"3297";"35247.0"
"4891506000";"2183800";"3297";"35254.9"
"4892586000";"2183800";"3297";"35263.2"
"4893672000";"2183800";"3297";"35271.2"
"4894752000";"2183800";"3297";"35279.5"
"4896095000";"2183800";"3297";"35287.8"
"4897175000";"2183800";"3297";"35295.8"
"4898254000";"2198700";"3297";"35303.7"
"4899333000";"2198700";"3297";"35311.7"
"4900419000";"2198700";"3297";"35320.0"
"4901762000";"2198700";"3297";"35329.5"
"4902841000";"2198700";"3297";"35337.4"
"4903926000";"2198700";"3297";"35345.8"
"4905006000";"2243400";"3297";"35353.7"
"4906085000";"2243400";"3297";"35361.7"
"4907429000";"2243400";"3297";"35371.5"
"4908509000";"2243400";"3297";"35379.5"
"4909589000";"2243400";"3297";"35387.4"
"4910668000";"2243400";"3297";"35395.4"
"4911749000";"2246400";"3297";"35403.7"
"4913096000";"2246400";"3297";"35412.0"
"4914175000";"2246400";"3296";"35420.0"
"4915256000";"2246400";"3296";"35428.3"
"4916336000";"2246400";"3297";"35436.3"
"4917415000";"2246400";"3297";"35444.2"
"4918759000";"2246400";"3297";"35452.6"
"4919839000";"2126900";"3296";"35460.5"
"4920919000";"2126900";"3296";"35468.8"
"4921999000";"2126900";"3296";"35476.8"
"4923085000";"2126900";"3296";"35484.7"
"4924428000";"2126900";"3296";"35494.6"
"4925508000";"2126900";"3297";"35502.5"
"4926588000";"2244300";"3297";"35510.5"
"4927668000";"2244300";"3297";"35518.4"
"4928748000";"2244300";"3296";"35526.4"
"4930091000";"2244300";"3296";"35534.7"
"4931171000";"2244300";"3296";"35543.0"
"4932250000";"2244300";"3296";"35551.0"
"4933336000";"2244300";"3296";"35559.0"
"4934416000";"2198700";"3296";"35567.3"
"4935758000";"2198700";"3296";"35576.8"
"4936839000";"2198700";"3296";"35585.1"
"4937918000";"2198700";"3297";"35593.0"
"4938997000";"2198700";"3297";"35601.0"
"4940078000";"2198700";"3296";"35608.9"
"4941463000";"2148900";"3296";"35617.3"
"4942544000";"2148900";"3296";"35625.2"
"4943629000";"2148900";"3296";"35633.5"
"4944709000";"2148900";"3296";"35641.5"
"4945790000";"2148900";"3296";"35649.4"
"4947132000";"2148900";"3296";"35659.3"
"4948213000";"2244300";"3297";"35667.2"
"4949293000";"2244300";"3297";"35675.2"
"4950373000";"2244300";"3297";"35683.1"
"4951453000";"2244300";"3296";"35691.1"
"4952795000";"2244300";"3296";"35699.8"
"4953881000";"2244300";"3296";"35707.8"
"4954962000";"2244300";"3296";"35715.7"
"4956041000";"2183700";"3297";"35723.7"
"4957120000";"2183700";"3297";"35732.0"
"4958463000";"2183700";"3297";"35740.3"
"4959543000";"2183700";"3297";"35748.3"
"4960624000";"2183700";"3297";"35756.2"
"4961703000";"2183700";"3297";"35764.2"
"4962783000";"2183700";"3297";"35772.1"
"4964132000";"2126700";"3297";"35780.4"
"4965212000";"2126700";"3297";"35788.8"
"4966292000";"2126700";"3297";"35796.7"
"4967372000";"2126700";"3297";"35804.7"
"4968451000";"2126700";"3297";"35812.6"
"4969794000";"2126700";"3297";"35821.0"
"4970874000";"2126700";"3297";"35828.9"
"4971954000";"2200500";"3297";"35837.2"
"4973039000";"2200500";"3297";"35845.2"
"4974119000";"2200500";"3297";"35853.1"
"4975463000";"2200500";"3297";"35861.5"
"4976542000";"2200500";"3297";"35869.8"
"4977623000";"2200500";"3297";"35877.7"
"4978703000";"2200500";"3297";"35885.7"
"4979782000";"2183700";"3296";"35893.7"
"4981125000";"2183700";"3296";"35902.0"
"4982205000";"2183700";"3296";"35909.9"
"4983291000";"2183700";"3296";"35918.3"
"4984376000";"2183700";"3296";"35926.2"
"4985456000";"2183700";"3296";"35934.2"
"4986799000";"2183700";"3296";"35942.5"
"4987879000";"2125000";"3296";"35950.4"
"4988959000";"2125000";"3296";"35958.4"
"4990039000";"2125000";"3296";"35966.3"
"4991118000";"2125000";"3296";"35974.7"
"4992462000";"2125000";"3296";"35983.0"
"4993546000";"2125000";"3296";"35990.9"
"4994626000";"2125000";"3296";"35998.9"
"4995706000";"2184100";"3296";"36006.8"
"4996787000";"2184100";"3297";"36015.2"
"4998130000";"2184100";"3297";"36023.5"
"4999210000";"2184100";"3297";"36031.5"
"5000291000";"2184100";"3297";"36039.4"
"5001371000";"2184100";"3297";"36047.4"
"5002451000";"2184100";"3296";"36055.3"
"5003800000";"2183100";"3296";"36065.2"
"5004880000";"2183100";"3296";"36073.1"
"5005960000";"2183100";"3296";"36081.1"
"5007040000";"2183100";"3296";"36089.0"
"5008121000";"2183100";"3296";"36097.3"
"5009463000";"2183100";"3296";"36105.7"
"5010542000";"2183100";"3296";"36113.6"
"5011622000";"2185500";"3296";"36121.6"
"5012702000";"2185500";"3296";"36129.5"
"5013787000";"2185500";"3296";"36137.5"
"5015130000";"2185500";"3296";"36146.2"
"5016210000";"2185500";"3296";"36154.1"
"5017290000";"2185500";"3296";"36162.1"
"5018370000";"2185500";"3296";"36170.0"
"5019450000";"2183900";"3296";"36178.0"
"5020793000";"2183900";"3296";"36187.8"
"5021874000";"2183900";"3296";"36195.8"
"5022960000";"2183900";"3296";"36204.1"
"5024040000";"2183900";"3296";"36212.1"
"5025120000";"2183900";"3296";"36220.0"
"5026467000";"2240300";"3296";"36229.9"
"5027546000";"2240300";"3296";"36237.8"
"5028627000";"2240300";"3296";"36245.8"
"5029706000";"2240300";"3296";"36253.7"
"5030786000";"2240300";"3296";"36261.7"
"5032130000";"2240300";"3296";"36270.0"
"5033215000";"2240300";"3296";"36278.3"
"5034295000";"2184100";"3296";"36286.3"
"5035374000";"2184100";"3296";"36294.2"
"5036454000";"2184100";"3296";"36302.6"
"5037797000";"2184100";"3297";"36310.9"
"5038877000";"2184100";"3297";"36318.8"
"5039957000";"2184100";"3297";"36326.8"
"5041037000";"2184100";"3297";"36334.7"
"5042117000";"2185300";"3297";"36342.7"
"5043466000";"2185300";"3297";"36351.0"
"5044546000";"2185300";"3296";"36359.0"
"5045626000";"2185300";"3296";"36366.9"
"5046706000";"2185300";"3297";"36375.3"
"5047785000";"2185300";"3297";"36383.2"
"5049127000";"2185300";"3297";"36391.5"
"5050206000";"2127200";"3297";"36399.5"
"5051286000";"2127200";"3297";"36407.4"
"5052365000";"2127200";"3296";"36415.4"
"5053451000";"2127200";"3296";"36423.7"
"5054794000";"2127200";"3296";"36432.0"
"5055875000";"2127200";"3296";"36440.0"
"5056954000";"2127200";"3296";"36447.9"
"5058035000";"2183700";"3296";"36455.9"
"5059115000";"2183700";"3297";"36464.2"
"5060457000";"2183700";"3297";"36472.5"
"5061538000";"2183700";"3297";"36480.5"
"5062617000";"2183700";"3297";"36488.4"
"5063702000";"2183700";"3297";"36496.4"
"5064782000";"2183700";"3297";"36504.4"
"5066126000";"2183600";"3297";"36514.2"
"5067206000";"2183600";"3297";"36522.2"
"5068290000";"2183600";"3297";"36530.1"
"5069370000";"2183600";"3297";"36538.1"
"5070450000";"2183600";"3297";"36546.4"
"5071793000";"2183600";"3297";"36555.9"
"5072878000";"2243400";"3297";"36564.2"
"5073959000";"2243400";"3297";"36572.1"
"5075038000";"2243400";"3297";"36580.1"
"5076119000";"2243400";"3297";"36588.4"
"5077462000";"2243400";"3297";"36596.7"
"5078542000";"2243400";"3297";"36604.7"
"5079623000";"2243400";"3297";"36612.6"
"5080702000";"2185000";"3297";"36620.6"
"5081781000";"2185000";"3297";"36628.6"
"5083129000";"2185000";"3297";"36636.9"
"5084210000";"2185000";"3297";"36644.8"
"5085290000";"2185000";"3296";"36652.8"
"5086370000";"2185000";"3296";"36661.1"
"5087449000";"2185000";"3297";"36669.1"
"5088793000";"2126900";"3297";"36677.4"
"5089872000";"2126900";"3297";"36685.3"
"5090952000";"2126900";"3297";"36693.3"
"5092032000";"2126900";"3297";"36701.2"
"5093118000";"2126900";"3297";"36709.6"
"5094460000";"2126900";"3297";"36717.9"
"5095539000";"2126900";"3296";"36725.8"
"5096618000";"2184400";"3296";"36733.8"
"5097699000";"2184400";"3296";"36742.1"
"5098778000";"2184400";"3297";"36750.1"
"5100121000";"2184400";"3297";"36758.4"
"5101200000";"2184400";"3297";"36766.4"
"5102280000";"2184400";"3297";"36774.3"
"5103365000";"2184400";"3297";"36782.3"
"5104446000";"2183900";"3297";"36790.2"
"5105789000";"2183900";"3297";"36798.5"
"5106869000";"2183900";"3297";"36806.5"
"5107950000";"2183900";"3296";"36814.4"
"5109029000";"2183900";"3296";"36822.4"
"5110115000";"2183900";"3297";"36830.3"
"5111458000";"2183900";"3297";"36838.7"
"5112538000";"2126500";"3297";"36847.0"
"5113623000";"2126500";"3297";"36854.9"
"5114702000";"2126500";"3297";"36862.9"
"5115782000";"2126500";"3296";"36870.9"
"5117125000";"2126500";"3296";"36879.2"
"5118205000";"2126500";"3296";"36887.5"
"5119285000";"2126500";"3296";"36895.5"
"5120366000";"2183900";"3296";"36903.4"
"5121445000";"2183900";"3296";"36911.4"
"5122788000";"2183900";"3296";"36919.7"
"5123874000";"2183900";"3296";"36927.6"
"5124954000";"2183900";"3296";"36935.6"
"5126035000";"2183900";"3296";"36943.5"
"5127115000";"2183900";"3296";"36951.9"
"5128458000";"2169000";"3296";"36961.3"
"5129538000";"2169000";"3296";"36969.3"
"5130618000";"2169000";"3296";"36977.6"
"5131698000";"2169000";"3296";"36985.6"
"5132778000";"2169000";"3296";"36993.5"
"5134127000";"2169000";"3296";"37001.8"
"5135208000";"2169000";"3296";"37010.2"
"5136288000";"2198100";"3296";"37018.1"
"5137369000";"2198100";"3296";"37026.1"
"5138449000";"2198100";"3296";"37034.0"
"5139792000";"2198100";"3296";"37042.4"
"5140872000";"2198100";"3296";"37050.7"
"5141952000";"2198100";"3296";"37058.6"
"5143038000";"2198100";"3296";"37066.6"
"5144117000";"2183500";"3296";"37074.5"
"5145461000";"2183500";"3296";"37082.9"
"5146541000";"2183500";"3296";"37090.8"
"5147621000";"2183500";"3296";"37098.8"
"5148701000";"2183500";"3296";"37107.1"
"5149781000";"2183500";"3296";"37115.1"
"5151177000";"2144900";"3296";"37124.5"
"5152257000";"2144900";"3296";"37132.9"
"5153342000";"2144900";"3296";"37140.8"
"5154422000";"2144900";"3296";"37148.8"
"5155502000";"2144900";"3296";"37157.1"
"5156845000";"2144900";"3296";"37165.4"
"5157925000";"2144900";"3296";"37173.4"
"5159006000";"2198500";"3296";"37181.3"
"5160085000";"2198500";"3296";"37189.3"
"5161165000";"2198500";"3296";"37197.2"
"5162508000";"2198500";"3296";"37205.5"
"5163593000";"2198500";"3296";"37213.5"
"5164674000";"2198500";"3296";"37221.8"
"5165754000";"2198500";"3296";"37229.8"
"5166833000";"2184100";"3296";"37237.7"
"5168176000";"2184100";"3296";"37246.0"
"5169255000";"2184100";"3296";"37254.0"
"5170335000";"2184100";"3296";"37262.0"
"5171414000";"2184100";"3296";"37269.9"
"5172494000";"2184100";"3296";"37277.9"
"5173842000";"2184100";"3296";"37286.2"
"5174922000";"2127200";"3296";"37294.5"
"5176001000";"2127200";"3296";"37302.5"
"5177081000";"2127200";"3296";"37310.4"
"5178162000";"2127200";"3296";"37318.4"
"5179504000";"2127200";"3296";"37326.7"
"5180585000";"2127200";"3296";"37335.0"
"5181665000";"2127200";"3296";"37343.0"
"5182745000";"2185300";"3296";"37350.9"
"5183830000";"2185300";"3296";"37358.9"
"5185173000";"2185300";"3296";"37368.7"
"5186252000";"2185300";"3296";"37376.7"
"5187333000";"2185300";"3296";"37384.6"
"5188413000";"2185300";"3296";"37392.6"
"5189493000";"2227600";"3296";"37400.5"
"5190835000";"2227600";"3296";"37410.4"
"5191916000";"2227600";"3296";"37418.3"
"5193002000";"2227600";"3296";"37426.7"
"5194087000";"2227600";"3296";"37434.6"
"5195167000";"2227600";"3296";"37442.6"
"5196510000";"2174600";"3296";"37450.9"
"5197589000";"2174600";"3296";"37459.2"
"5198670000";"2174600";"3296";"37467.2"
"5199750000";"2174600";"3296";"37475.1"
"5200830000";"2174600";"3296";"37483.1"
"5202173000";"2174600";"3296";"37491.4"
"5203258000";"2174600";"3297";"37499.3"
"5204337000";"2184100";"3297";"37507.3"
"5205417000";"2184100";"3297";"37515.3"
"5206498000";"2184100";"3296";"37523.2"
"5207841000";"2184100";"3296";"37533.0"
"5208921000";"2184100";"3296";"37541.0"
"5210001000";"2184100";"3296";"37549.0"
"5211081000";"2246200";"3296";"37557.3"
"5212160000";"2246200";"3296";"37565.2"
"5213507000";"2246200";"3296";"37573.6"
"5214586000";"2246200";"3296";"37581.5"
"5215666000";"2246200";"3296";"37589.5"
"5216746000";"2246200";"3296";"37597.8"
"5217826000";"2246200";"3297";"37605.7"
"5219168000";"2127500";"3297";"37614.1"
"5220248000";"2127500";"3297";"37622.0"
"5221328000";"2127500";"3297";"37630.0"
"5222408000";"2127500";"3296";"37637.9"
"5223494000";"2127500";"3296";"37645.9"
"5224837000";"2127500";"3296";"37654.2"
"5225918000";"2127500";"3296";"37662.2"
"5226998000";"2183400";"3296";"37670.5"
"5228078000";"2183400";"3296";"37678.4"
"5229157000";"2183400";"3296";"37686.4"
"5230499000";"2183400";"3296";"37694.7"
"5231580000";"2183400";"3296";"37702.7"
"5232660000";"2183400";"3296";"37710.6"
"5233746000";"2183400";"3296";"37718.9"
"5234825000";"2184100";"3296";"37726.9"
"5236172000";"2184100";"3297";"37736.7"
"5237253000";"2184100";"3297";"37744.7"
"5238333000";"2184100";"3296";"37752.6"
"5239413000";"2184100";"3296";"37760.6"
"5240494000";"2184100";"3296";"37768.9"
"5241837000";"2159700";"3296";"37776.9"
"5242923000";"2159700";"3296";"37785.2"
"5244003000";"2159700";"3296";"37793.2"
"5245083000";"2159700";"3296";"37801.1"
"5246163000";"2159700";"3296";"37809.1"
"5247506000";"2159700";"3296";"37818.9"
"5248586000";"2244500";"3297";"37826.9"
"5249666000";"2244500";"3296";"37834.8"
"5250745000";"2244500";"3296";"37842.8"
"5251824000";"2244500";"3297";"37851.1"
"5253173000";"2244500";"3297";"37859.4"
"5254253000";"2244500";"3297";"37867.4"
"5255333000";"2244500";"3297";"37875.3"
"5256413000";"2184100";"3297";"37883.3"
"5257493000";"2184100";"3297";"37891.6"
"5258836000";"2184100";"3297";"37901.1"
"5259916000";"2184100";"3297";"37909.4"
"5260996000";"2184100";"3297";"37917.4"
"5262076000";"2184100";"3297";"37925.3"
"5263162000";"2244500";"3297";"37933.3"
"5264505000";"2244500";"3297";"37943.1"
"5265584000";"2244500";"3297";"37951.1"
"5266664000";"2244500";"3297";"37959.0"
"5267743000";"2244500";"3297";"37967.0"
"5268824000";"2244500";"3297";"37974.9"
"5270167000";"2161700";"3297";"37983.2"
"5271248000";"2161700";"3297";"37991.2"
"5272327000";"2161700";"3297";"37999.5"
"5273413000";"2161700";"3297";"38007.5"
"5274493000";"2161700";"3297";"38015.4"
"5275835000";"2161700";"3297";"38023.7"
"5276915000";"2161700";"3297";"38032.1"
"5277999000";"2197600";"3297";"38040.0"
"5279078000";"2197600";"3297";"38048.0"
"5280158000";"2197600";"3297";"38055.9"
"5281502000";"2197600";"3297";"38064.3"
"5282581000";"2197600";"3297";"38072.2"
"5283666000";"2197600";"3297";"38080.2"
"5284746000";"2197600";"3297";"38088.5"
"5285827000";"2183900";"3297";"38096.4"
"5287170000";"2183900";"3297";"38105.9"
"5288249000";"2183900";"3297";"38113.9"
"5289330000";"2183900";"3297";"38122.2"
"5290409000";"2183900";"3297";"38130.1"
"5291490000";"2183900";"3297";"38138.1"
"5292833000";"2161500";"3297";"38146.4"
"5293918000";"2161500";"3297";"38154.4"
"5294998000";"2161500";"3297";"38162.7"
"5296078000";"2161500";"3297";"38170.7"
"5297159000";"2161500";"3297";"38178.6"
"5298501000";"2161500";"3297";"38186.9"
"5299582000";"2161500";"3297";"38194.9"
"5300661000";"2183900";"3297";"38202.8"
"5301741000";"2183900";"3297";"38210.8"
"5302821000";"2183900";"3296";"38218.7"
"5304170000";"2183900";"3296";"38227.1"
"5305250000";"2183900";"3296";"38235.0"
"5306330000";"2183900";"3296";"38243.0"
"5307410000";"2183900";"3296";"38251.3"
"5308490000";"2183400";"3296";"38259.2"
"5309833000";"2183400";"3296";"38267.6"
"5310914000";"2183400";"3296";"38275.5"
"5311993000";"2183400";"3296";"38283.5"
"5313079000";"2183400";"3296";"38291.4"
"5314159000";"2183400";"3296";"38299.8"
"5315501000";"2183400";"3296";"38308.1"
"5316581000";"2126700";"3296";"38316.0"
"5317660000";"2126700";"3296";"38324.0"
"5318741000";"2126700";"3296";"38332.3"
"5319826000";"2126700";"3296";"38340.3"
"5321167000";"2126700";"3296";"38348.6"
"5322247000";"2126700";"3296";"38356.5"
"5323331000";"2126700";"3296";"38364.5"
"5324411000";"2183400";"3296";"38372.4"
"5325490000";"2183400";"3296";"38380.4"
"5326834000";"2183400";"3297";"38390.2"
"5327914000";"2183400";"3296";"38398.2"
"5328993000";"2183400";"3296";"38406.1"
"5330073000";"2183400";"3296";"38414.1"
"5331152000";"2230100";"3296";"38422.1"
"5332494000";"2230100";"3296";"38430.4"
"5333580000";"2230100";"3297";"38438.7"
"5334660000";"2230100";"3297";"38446.7"
"5335740000";"2230100";"3297";"38454.6"
"5336821000";"2230100";"3297";"38462.6"
"5338163000";"2230100";"3297";"38470.9"
"5339244000";"2126200";"3297";"38478.8"
"5340323000";"2126200";"3297";"38486.8"
"5341404000";"2126200";"3297";"38495.1"
"5342484000";"2126200";"3297";"38503.1"
"5343833000";"2126200";"3297";"38511.4"
"5344912000";"2126200";"3297";"38519.3"
"5345992000";"2126200";"3297";"38527.3"
"5347072000";"2183900";"3297";"38535.2"
"5348153000";"2183900";"3297";"38543.2"
"5349496000";"2183900";"3297";"38551.5"
"5350576000";"2183900";"3297";"38559.5"
"5351656000";"2183900";"3297";"38567.4"
"5352736000";"2183900";"3297";"38575.8"
"5353822000";"2183900";"3297";"38583.7"
"5355164000";"2126400";"3297";"38592.0"
"5356245000";"2126400";"3297";"38600.0"
"5357325000";"2126400";"3297";"38608.3"
"5358405000";"2126400";"3297";"38616.3"
"5359484000";"2126400";"3297";"38624.2"
"5360894000";"2126400";"3297";"38632.5"
"5361974000";"2126400";"3297";"38640.5"
"5363059000";"2165200";"3297";"38648.4"
"5364140000";"2165200";"3297";"38656.8"
"5365220000";"2165200";"3297";"38664.7"
"5366562000";"2165200";"3297";"38673.0"
"5367641000";"2165200";"3297";"38681.0"
"5368722000";"2165200";"3297";"38689.0"
"5369801000";"2165200";"3297";"38696.9"
"5370880000";"2185900";"3297";"38704.9"
"5372224000";"2185900";"3297";"38713.2"
"5373309000";"2185900";"3297";"38721.1"
"5374389000";"2185900";"3297";"38729.5"
"5375468000";"2185900";"3297";"38737.4"
"5376548000";"2185900";"3297";"38745.4"
"5377891000";"2185900";"3297";"38753.7"
"5378971000";"2126700";"3297";"38761.6"
"5380052000";"2126700";"3296";"38769.6"
"5381132000";"2126700";"3297";"38777.9"
"5382212000";"2126700";"3297";"38785.9"
"5383561000";"2126700";"3297";"38794.2"
"5384642000";"2126700";"3297";"38802.1"
"5385721000";"2126700";"3297";"38810.1"
"5386800000";"2183500";"3297";"38818.1"
"5387881000";"2183500";"3297";"38826.0"
"5389223000";"2183500";"3297";"38835.9"
"5390302000";"2183500";"3297";"38843.8"
"5391382000";"2183500";"3297";"38851.8"
"5392462000";"2183500";"3297";"38859.7"
"5393547000";"2245100";"3297";"38868.0"
"5394890000";"2245100";"3297";"38876.4"
"5395971000";"2245100";"3297";"38884.3"
"5397050000";"2245100";"3297";"38892.3"
"5398131000";"2245100";"3297";"38900.6"
"5399211000";"2245100";"3297";"38908.6"
"5400553000";"2245100";"3297";"38916.9"
"5401634000";"2127900";"3297";"38924.8"
"5402713000";"2127900";"3297";"38932.8"
"5403804000";"2127900";"3297";"38940.7"
"5404884000";"2127900";"3297";"38948.7"
"5406228000";"2127900";"3297";"38957.0"
"5407308000";"2127900";"3297";"38965.0"
"5408387000";"2127900";"3297";"38972.9"
"5409468000";"2167200";"3297";"38980.9"
"5410547000";"2167200";"3297";"38989.2"
"5411890000";"2167200";"3297";"38997.5"
"5412974000";"2167200";"3297";"39005.5"
"5414055000";"2167200";"3297";"39013.4"
"5415134000";"2167200";"3297";"39021.7"
"5416215000";"2167200";"3297";"39029.7"
"5417557000";"2141500";"3297";"39038.0"
"5418638000";"2141500";"3297";"39046.0"
"5419717000";"2141500";"3297";"39053.9"
"5420797000";"2141500";"3297";"39061.9"
"5421878000";"2141500";"3297";"39069.8"
"5423226000";"2141500";"3297";"39078.1"
"5424306000";"2141500";"3297";"39086.1"
"5425386000";"2183500";"3297";"39094.4"
"5426467000";"2183500";"3297";"39102.4"
"5427547000";"2183500";"3297";"39110.3"
"5428890000";"2183500";"3297";"39118.7"
"5429970000";"2183500";"3297";"39126.6"
"5431049000";"2183500";"3297";"39134.6"
"5432129000";"2183500";"3297";"39142.5"
"5433214000";"2183900";"3297";"39150.8"
"5434556000";"2183900";"3297";"39159.2"
"5435635000";"2183900";"3297";"39167.1"
"5436715000";"2183900";"3297";"39175.1"
"5437794000";"2183900";"3297";"39183.0"
"5438874000";"2183900";"3297";"39191.4"
"5440218000";"2183900";"3297";"39199.7"
"5441297000";"2128900";"3297";"39207.6"
"5442377000";"2128900";"3297";"39215.6"
"5443463000";"2128900";"3297";"39223.5"
"5444542000";"2128900";"3297";"39231.5"
"5445889000";"2128900";"3297";"39239.8"
"5446969000";"2128900";"3297";"39247.8"
"5448048000";"2128900";"3297";"39255.7"
"5449128000";"2168300";"3297";"39263.7"
"5450208000";"2168300";"3297";"39271.6"
"5451550000";"2168300";"3297";"39279.9"
"5452631000";"2168300";"3297";"39287.9"
"5453716000";"2168300";"3297";"39296.2"
"5454795000";"2168300";"3297";"39304.2"
"5455875000";"2168300";"3297";"39312.1"
"5457218000";"2127000";"3297";"39320.4"
"5458297000";"2127000";"3297";"39328.8"
"5459378000";"2127000";"3297";"39336.7"
"5460457000";"2127000";"3297";"39344.7"
"5461537000";"2127000";"3297";"39352.6"
"5462885000";"2127000";"3297";"39361.0"
"5463964000";"2127000";"3297";"39368.9"
"5465043000";"2184400";"3297";"39376.9"
"5466123000";"2184400";"3296";"39384.8"
"5467203000";"2184400";"3296";"39392.8"
"5468546000";"2184400";"3296";"39402.6"
"5469625000";"2184400";"3296";"39410.6"
"5470706000";"2184400";"3296";"39418.5"
"5471786000";"2229500";"3296";"39426.5"
"5472871000";"2229500";"3296";"39434.8"
"5474215000";"2229500";"3296";"39444.3"
"5475296000";"2229500";"3296";"39452.6"
"5476375000";"2229500";"3296";"39460.6"
"5477456000";"2229500";"3296";"39468.5"
"5478535000";"2244300";"3297";"39476.5"
"5479877000";"2244300";"3297";"39486.3"
"5480957000";"2244300";"3297";"39494.3"
"5482038000";"2244300";"3296";"39502.2"
"5483124000";"2244300";"3297";"39510.2"
"5484204000";"2244300";"3297";"39518.5"
"5485548000";"2159500";"3297";"39526.4"
"5486628000";"2159500";"3297";"39534.8"
"5487713000";"2159500";"3297";"39542.7"
"5488793000";"2159500";"3297";"39550.7"
"5489874000";"2159500";"3297";"39558.6"
"5491217000";"2159500";"3297";"39568.1"
"5492296000";"2244700";"3297";"39576.4"
"5493382000";"2244700";"3297";"39584.4"
"5494462000";"2244700";"3297";"39592.3"
"5495543000";"2244700";"3297";"39600.3"
"5496886000";"2244700";"3297";"39610.1"
"5497966000";"2244700";"3297";"39618.5"
"5499045000";"2244300";"3297";"39626.4"
"5500126000";"2244300";"3297";"39634.4"
"5501206000";"2244300";"3297";"39642.3"
"5502548000";"2244300";"3297";"39650.6"
"5503634000";"2244300";"3297";"39658.6"
"5504714000";"2244300";"3297";"39666.5"
"5505794000";"2244300";"3297";"39674.5"
"5506874000";"2183700";"3297";"39682.8"
"5508216000";"2183700";"3297";"39691.1"
"5509296000";"2183700";"3297";"39699.1"
"5510376000";"2183700";"3297";"39707.0"
"5511455000";"2183700";"3297";"39715.0"
"5512536000";"2183700";"3297";"39722.9"
"5513884000";"2183700";"3297";"39731.3"
"5514963000";"2127000";"3297";"39739.6"
"5516044000";"2127000";"3297";"39747.6"
"5517123000";"2127000";"3297";"39755.5"
"5518203000";"2127000";"3297";"39763.5"
"5519546000";"2127000";"3297";"39771.8"
"5520627000";"2127000";"3297";"39779.7"
"5521706000";"2127000";"3297";"39788.1"
"5522787000";"2185200";"3297";"39796.0"
"5523872000";"2185200";"3298";"39804.0"
"5525214000";"2185200";"3298";"39812.3"
"5526293000";"2185200";"3298";"39820.2"
"5527373000";"2185200";"3298";"39828.2"
"5528453000";"2185200";"3298";"39836.1"
"5529538000";"2185200";"3297";"39844.1"
"5530881000";"2111600";"3297";"39852.4"
"5531961000";"2111600";"3298";"39860.4"
"5533045000";"2111600";"3298";"39868.7"
"5534124000";"2111600";"3298";"39876.7"
"5535204000";"2111600";"3297";"39884.6"
"5536547000";"2111600";"3297";"39892.9"
"5537626000";"2111600";"3297";"39901.3"
"5538706000";"2199400";"3297";"39909.2"
"5539786000";"2199400";"3297";"39917.2"
"5540866000";"2199400";"3297";"39925.1"
"5542210000";"2199400";"3297";"39935.0"
"5543295000";"2199400";"3297";"39942.9"
"5544374000";"2199400";"3297";"39950.9"
"5545454000";"2227800";"3297";"39958.8"
"5546534000";"2227800";"3297";"39966.8"
"5547876000";"2227800";"3297";"39976.6"
"5548956000";"2227800";"3297";"39984.6"
"5550036000";"2227800";"3296";"39992.5"
"5551117000";"2227800";"3297";"40000.5"
"5552197000";"2246400";"3297";"40008.8"
"5553545000";"2246400";"3297";"40017.1"
"5554625000";"2246400";"3297";"40025.1"
"5555705000";"2246400";"3297";"40033.0"
"5556786000";"2246400";"3297";"40041.4"
"5557865000";"2246400";"3297";"40049.3"
"5559207000";"2176600";"3297";"40059.2"
"5560286000";"2176600";"3297";"40067.1"
"5561367000";"2176600";"3297";"40075.1"
"5562447000";"2176600";"3297";"40083.0"
"5563532000";"2176600";"3297";"40091.0"
"5564876000";"2176600";"3297";"40099.3"
"5565956000";"2176600";"3297";"40107.2"
"5567036000";"2168800";"3296";"40115.2"
"5568117000";"2168800";"3297";"40123.5"
"5569196000";"2168800";"3297";"40131.5"
"5570538000";"2168800";"3297";"40139.8"
"5571623000";"2168800";"3297";"40147.8"
"5572702000";"2168800";"3297";"40155.7"
"5573786000";"2168800";"3297";"40163.7"
"5574867000";"2197800";"3297";"40172.0"
"5576210000";"2197800";"3297";"40180.3"
"5577290000";"2197800";"3297";"40188.3"
"5578370000";"2197800";"3297";"40196.2"
"5579450000";"2197800";"3297";"40204.5"
"5580531000";"2197800";"3297";"40212.5"
"5581874000";"2197800";"3297";"40220.8"
"5582960000";"2126400";"3297";"40228.8"
"5584039000";"2126400";"3296";"40236.7"
"5585120000";"2126400";"3296";"40244.7"
"5586200000";"2126400";"3297";"40253.0"
"5587543000";"2126400";"3297";"40260.9"
"5588624000";"2126400";"3297";"40269.3"
"5589704000";"2126400";"3297";"40277.2"
"5590784000";"2184800";"3297";"40285.2"
"5591864000";"2184800";"3297";"40293.1"
"5593212000";"2184800";"3297";"40303.0"
"5594291000";"2184800";"3297";"40310.9"
"5595372000";"2184800";"3297";"40319.3"
"5596451000";"2184800";"3297";"40327.2"
"5597531000";"2245100";"3297";"40335.2"
"5598874000";"2245100";"3297";"40345.0"
"5599954000";"2245100";"3297";"40353.0"
"5601033000";"2245100";"3297";"40360.9"
"5602114000";"2245100";"3297";"40368.9"
"5603199000";"2245100";"3297";"40377.2"
"5604541000";"2160300";"3297";"40385.1"
"5605621000";"2160300";"3297";"40393.5"
"5606701000";"2160300";"3297";"40401.4"
"5607780000";"2160300";"3297";"40409.4"
"5608860000";"2160300";"3297";"40417.3"
"5610202000";"2160300";"3297";"40425.7"
"5611283000";"2160300";"3297";"40433.6"
"5612362000";"2185900";"3297";"40441.6"
"5613452000";"2185900";"3297";"40449.9"
"5614533000";"2185900";"3297";"40457.8"
"5615875000";"2185900";"3297";"40466.2"
"5616954000";"2185900";"3297";"40474.1"
"5618034000";"2185900";"3297";"40482.5"
"5619113000";"2185900";"3297";"40490.4"
"5620194000";"2197600";"3297";"40498.4"
"5621537000";"2197600";"3297";"40506.7"
"5622617000";"2197600";"3297";"40514.6"
"5623702000";"2197600";"3297";"40522.6"
"5624782000";"2197600";"3297";"40530.5"
"5625862000";"2197600";"3297";"40538.5"
"5627205000";"2197600";"3297";"40546.8"
"5628284000";"2126700";"3297";"40555.1"
"5629364000";"2126700";"3297";"40563.1"
"5630444000";"2126700";"3297";"40571.0"
"5631525000";"2126700";"3297";"40579.0"
"5632873000";"2126700";"3297";"40587.3"
"5633953000";"2126700";"3297";"40595.3"
"5635033000";"2126700";"3297";"40603.6"
"5636114000";"2183500";"3297";"40611.6"
"5637193000";"2183500";"3297";"40619.5"
"5638536000";"2183500";"3297";"40627.8"
"5639616000";"2183500";"3297";"40635.8"
"5640697000";"2183500";"3297";"40643.7"
"5641776000";"2183500";"3297";"40652.1"
"5642861000";"2183500";"3297";"40660.0"
"5644204000";"2126700";"3297";"40668.3"
"5645285000";"2126700";"3297";"40676.3"
"5646364000";"2126700";"3297";"40684.2"
"5647445000";"2126700";"3297";"40692.2"
"5648524000";"2126700";"3297";"40700.1"
"5649866000";"2126700";"3297";"40708.5"
"5650946000";"2126700";"3297";"40716.4"
"5652025000";"2171100";"3297";"40724.4"
"5653111000";"2171100";"3297";"40732.7"
"5654192000";"2171100";"3297";"40740.7"
"5655539000";"2171100";"3297";"40750.5"
"5656620000";"2171100";"3297";"40758.5"
"5657701000";"2171100";"3297";"40766.8"
"5658781000";"2259200";"3297";"40774.7"
"5659861000";"2259200";"3297";"40782.7"
"5661203000";"2259200";"3297";"40791.0"
"5662283000";"2259200";"3297";"40799.0"
"5663370000";"2259200";"3297";"40806.9"
"5664450000";"2259200";"3297";"40815.2"
"5665529000";"2259200";"3297";"40823.2"
"5666873000";"2126400";"3297";"40831.5"
"5667954000";"2126400";"3297";"40839.5"
"5669033000";"2126400";"3297";"40847.4"
"5670112000";"2126400";"3297";"40855.4"
"5671193000";"2126400";"3297";"40863.3"
"5672535000";"2126400";"3297";"40871.7"
"5673620000";"2126400";"3297";"40880.0"
"5674700000";"2184300";"3297";"40887.9"
"5675780000";"2184300";"3297";"40895.9"
"5676860000";"2184300";"3297";"40903.8"
"5678202000";"2184300";"3297";"40912.2"
"5679283000";"2184300";"3297";"40920.5"
"5680363000";"2184300";"3297";"40928.4"
"5681443000";"2184300";"3297";"40936.4"
"5682522000";"2185300";"3297";"40944.4"
"5683870000";"2185300";"3297";"40952.7"
"5684951000";"2185300";"3297";"40960.6"
"5686030000";"2185300";"3297";"40968.6"
"5687111000";"2185300";"3297";"40976.5"
"5688191000";"2185300";"3297";"40984.9"
"5689534000";"2159700";"3297";"40994.3"
"5690615000";"2159700";"3297";"41002.3"
"5691695000";"2159700";"3297";"41010.6"
"5692775000";"2159700";"3297";"41018.6"
"5693860000";"2159700";"3297";"41026.5"
"5695203000";"2159700";"3297";"41034.8"
"5696283000";"2159700";"3297";"41043.2"
"5697368000";"2197000";"3297";"41051.1"
"5698448000";"2197000";"3297";"41059.1"
"5699527000";"2197000";"3297";"41067.0"
"5700871000";"2197000";"3297";"41076.9"
"5701950000";"2197000";"3296";"41084.8"
"5703035000";"2197000";"3296";"41093.2"
"5704115000";"2245100";"3296";"41101.1"
"5705194000";"2245100";"3296";"41109.1"
"5706537000";"2245100";"3296";"41117.4"
"5707616000";"2245100";"3296";"41125.3"
"5708697000";"2245100";"3296";"41133.3"
"5709776000";"2245100";"3296";"41141.2"
"5710857000";"2245100";"3296";"41149.2"
"5712200000";"2113900";"3296";"41157.5"
"5713286000";"2113900";"3296";"41165.8"
"5714366000";"2113900";"3296";"41173.8"
"5715446000";"2113900";"3296";"41181.7"
"5716526000";"2113900";"3296";"41190.1"
"5717870000";"2113900";"3296";"41198.4"
"5718949000";"2113900";"3296";"41206.4"
"5720029000";"2198300";"3296";"41214.3"
"5721109000";"2198300";"3296";"41222.3"
"5722190000";"2198300";"3296";"41230.2"
"5723538000";"2198300";"3296";"41238.5"
"5724618000";"2198300";"3296";"41246.9"
"5725698000";"2198300";"3296";"41254.8"
"5726778000";"2198300";"3296";"41262.8"
"5727858000";"2183700";"3296";"41270.7"
"5729201000";"2183700";"3296";"41279.0"
"5730281000";"2183700";"3296";"41287.0"
"5731361000";"2183700";"3296";"41294.9"
"5732442000";"2183700";"3296";"41303.3"
"5733527000";"2183700";"3296";"41311.2"
"5734870000";"2183700";"3296";"41319.5"
"5735950000";"2126400";"3296";"41327.5"
"5737029000";"2126400";"3296";"41335.8"
"5738108000";"2126400";"3296";"41343.8"
"5739193000";"2126400";"3296";"41351.7"
"5740535000";"2126400";"3296";"41360.1"
"5741614000";"2126400";"3296";"41368.0"
"5742695000";"2126400";"3296";"41376.3"
"5743780000";"2197900";"3296";"41384.3"
"5744860000";"2197900";"3296";"41392.2"
"5746202000";"2197900";"3296";"41400.6"
"5747282000";"2197900";"3296";"41408.5"
"5748363000";"2197900";"3296";"41416.5"
"5749443000";"2197900";"3296";"41424.4"
"5750522000";"2197900";"3296";"41432.8"
"5751865000";"2128400";"3296";"41441.1"
"5752950000";"2128400";"3296";"41449.0"
"5754030000";"2128400";"3296";"41457.0"
"5755111000";"2128400";"3296";"41465.3"
"5756191000";"2128400";"3296";"41473.3"
"5757534000";"2128400";"3296";"41481.6"
"5758614000";"2128400";"3296";"41489.5"
"5759694000";"2198100";"3296";"41497.9"
"5760773000";"2198100";"3296";"41505.8"
"5761854000";"2198100";"3296";"41513.8"
"5763202000";"2198100";"3296";"41522.1"
"5764281000";"2198100";"3296";"41530.1"
"5765362000";"2198100";"3296";"41538.0"
"5766441000";"2198100";"3296";"41546.0"
"5767521000";"2169500";"3296";"41553.9"
"5768864000";"2169500";"3296";"41562.2"
"5769944000";"2169500";"3296";"41570.6"
"5771024000";"2169500";"3296";"41578.5"
"5772104000";"2169500";"3297";"41586.5"
"5773189000";"2169500";"3296";"41594.4"
"5774531000";"2169500";"3296";"41602.7"
"5775612000";"2140800";"3296";"41611.1"
"5776692000";"2140800";"3296";"41619.0"
"5777772000";"2140800";"3296";"41627.0"
"5778851000";"2140800";"3296";"41635.3"
"5780194000";"2140800";"3296";"41643.6"
"5781280000";"2140800";"3296";"41651.6"
"5782359000";"2140800";"3296";"41659.5"
"5783445000";"2182500";"3296";"41667.5"
"5784525000";"2182500";"3296";"41675.4"
"5785868000";"2182500";"3296";"41683.8"
"5786947000";"2182500";"3296";"41691.7"
"5788028000";"2182500";"3296";"41700.0"
"5789107000";"2182500";"3296";"41708.0"
"5790187000";"2182500";"3296";"41715.9"
"5791529000";"2185700";"3296";"41725.8"
"5792610000";"2185700";"3296";"41733.7"
"5793695000";"2185700";"3296";"41741.7"
"5794775000";"2185700";"3296";"41750.0"
"5795854000";"2185700";"3296";"41758.0"
"5797196000";"2185700";"3296";"41766.3"
"5798277000";"2185700";"3296";"41774.3"
"5799357000";"2183900";"3297";"41782.2"
"5800437000";"2183900";"3297";"41790.5"
"5801517000";"2183900";"3297";"41798.5"
"5802866000";"2183900";"3297";"41806.8"
"5803946000";"2183900";"3297";"41814.8"
"5805026000";"2183900";"3297";"41822.7"
"5806106000";"2183900";"3296";"41830.7"
"5807186000";"2183700";"3296";"41838.6"
"5808528000";"2183700";"3296";"41848.5"
"5809607000";"2183700";"3296";"41856.4"
"5810688000";"2183700";"3297";"41864.4"
"5811768000";"2183700";"3297";"41872.7"
"5812854000";"2183700";"3296";"41880.7"
"5814197000";"2176400";"3296";"41889.0"
"5815277000";"2176400";"3296";"41896.9"
"5816356000";"2176400";"3296";"41905.3"
"5817436000";"2176400";"3296";"41913.2"
"5818515000";"2176400";"3296";"41921.2"
"5819858000";"2176400";"3296";"41931.0"
"5820938000";"2247100";"3296";"41939.0"
"5822018000";"2247100";"3296";"41946.9"
"5823109000";"2247100";"3296";"41955.3"
"5824188000";"2247100";"3296";"41963.2"
"5825530000";"2247100";"3296";"41971.5"
"5826611000";"2247100";"3296";"41979.5"
"5827691000";"2247100";"3296";"41987.4"
"5828771000";"2197000";"3296";"41995.8"
"5829851000";"2197000";"3296";"42003.7"
"5831193000";"2197000";"3296";"42012.0"
"5832273000";"2197000";"3296";"42020.0"
"5833358000";"2197000";"3296";"42027.9"
"5834439000";"2197000";"3296";"42035.9"
"5835519000";"2197000";"3296";"42044.2"
"5836861000";"2127000";"3296";"42052.5"
"5837941000";"2127000";"3296";"42060.5"
"5839022000";"2127000";"3296";"42068.4"
"5840101000";"2127000";"3296";"42076.8"
"5841182000";"2127000";"3296";"42084.7"
"5842524000";"2127000";"3296";"42093.1"
"5843609000";"2127000";"3296";"42101.0"
"5844690000";"2183700";"3296";"42109.0"
"5845770000";"2183700";"3296";"42116.9"
"5846850000";"2183700";"3296";"42124.9"
"5848192000";"2183700";"3296";"42133.2"
"5849273000";"2183700";"3296";"42141.5"
"5850352000";"2183700";"3296";"42149.5"
"5851432000";"2183700";"3296";"42157.4"
"5852511000";"2185700";"3296";"42165.4"
"5853859000";"2185700";"3296";"42173.7"
"5854938000";"2185700";"3296";"42182.0"
"5856019000";"2185700";"3296";"42190.0"
"5857099000";"2185700";"3296";"42197.9"
"5858179000";"2185700";"3296";"42206.3"
"5859522000";"2176400";"3296";"42215.7"
"5860602000";"2176400";"3296";"42224.1"
"5861682000";"2176400";"3296";"42232.0"
"5862762000";"2176400";"3296";"42240.0"
"5863848000";"2176400";"3296";"42247.9"
"5865195000";"2176400";"3296";"42256.2"
"5866275000";"2176400";"3296";"42264.2"
"5867354000";"2182600";"3296";"42272.1"
"5868435000";"2182600";"3296";"42280.5"
"5869515000";"2182600";"3296";"42288.4"
"5870859000";"2182600";"3296";"42297.9"
"5871939000";"2182600";"3296";"42306.2"
"5873024000";"2182600";"3296";"42314.2"
"5874105000";"2244100";"3296";"42322.1"
"5875185000";"2244100";"3296";"42330.5"
"5876528000";"2244100";"3297";"42340.3"
"5877608000";"2244100";"3297";"42348.3"
"5878687000";"2244100";"3297";"42356.2"
"5879767000";"2244100";"3297";"42364.5"
"5880846000";"2264000";"3297";"42372.5"
"5882188000";"2264000";"3297";"42380.8"
"5883274000";"2264000";"3297";"42388.8"
"5884355000";"2264000";"3297";"42396.7"
"5885434000";"2264000";"3297";"42404.7"
"5886515000";"2264000";"3297";"42412.6"
"5887858000";"2264000";"3297";"42420.9"
"5888938000";"2112100";"3297";"42428.9"
"5890019000";"2112100";"3297";"42437.2"
"5891098000";"2112100";"3297";"42445.2"
"5892179000";"2112100";"3297";"42453.1"
"5893527000";"2112100";"3297";"42461.5"
"5894606000";"2112100";"3297";"42469.4"
"5895687000";"2112100";"3297";"42477.7"
"5896768000";"2198300";"3297";"42485.7"
"5897847000";"2198300";"3297";"42493.6"
"5899189000";"2198300";"3297";"42502.0"
"5900270000";"2198300";"3297";"42510.3"
"5901350000";"2198300";"3297";"42518.3"
"5902430000";"2198300";"3297";"42526.2"
"5903515000";"2198300";"3297";"42534.2"
"5904858000";"2126700";"3297";"42542.5"
"5905938000";"2126700";"3297";"42550.4"
"5907024000";"2126700";"3296";"42558.4"
"5908103000";"2126700";"3296";"42566.7"
"5909182000";"2126700";"3297";"42574.7"
"5910524000";"2126700";"3297";"42583.0"
"5911603000";"2126700";"3297";"42590.9"
"5912684000";"2184600";"3297";"42598.9"
"5913770000";"2184600";"3297";"42606.8"
"5914850000";"2184600";"3297";"42615.2"
"5916194000";"2184600";"3297";"42623.5"
"5917274000";"2184600";"3297";"42631.4"
"5918354000";"2184600";"3297";"42639.8"
"5919434000";"2184600";"3297";"42647.7"
"5920514000";"2197900";"3297";"42655.7"
"5921856000";"2197900";"3297";"42665.5"
"5922941000";"2197900";"3297";"42673.5"
"5924021000";"2197900";"3297";"42681.4"
"5925101000";"2197900";"3297";"42689.8"
"5926180000";"2197900";"3297";"42697.7"
"5927523000";"2177200";"3297";"42706.0"
"5928603000";"2177200";"3297";"42714.0"
"5929683000";"2177200";"3297";"42721.9"
"5930763000";"2177200";"3297";"42729.9"
"5931843000";"2177200";"3297";"42737.9"
"5933191000";"2177200";"3296";"42746.2"
"5934270000";"2177200";"3296";"42754.5"
"5935350000";"2184100";"3296";"42762.5"
"5936430000";"2184100";"3296";"42770.4"
"5937509000";"2184100";"3296";"42778.7"
"5938853000";"2184100";"3296";"42787.1"
"5939933000";"2184100";"3296";"42795.0"
"5941013000";"2184100";"3296";"42803.0"
"5942093000";"2184100";"3296";"42810.9"
"5943178000";"2198500";"3296";"42819.3"
"5944521000";"2198500";"3297";"42827.2"
"5945602000";"2198500";"3296";"42835.5"
"5946682000";"2198500";"3296";"42843.5"
"5947762000";"2198500";"3296";"42851.4"
"5948846000";"2198500";"3296";"42859.4"
"5950189000";"2198500";"3296";"42867.7"
"5951269000";"2112400";"3296";"42875.7"
"5952349000";"2112400";"3296";"42883.6"
"5953434000";"2112400";"3296";"42891.9"
"5954515000";"2112400";"3297";"42899.9"
"5955857000";"2112400";"3297";"42908.2"
"5956937000";"2112400";"3297";"42916.2"
"5958016000";"2112400";"3297";"42924.5"
"5959097000";"2198800";"3297";"42932.4"
"5960176000";"2198800";"3297";"42940.4"
"5961518000";"2198800";"3297";"42948.7"
"5962598000";"2198800";"3296";"42956.7"
"5963683000";"2198800";"3297";"42965.0"
"5964763000";"2198800";"3297";"42973.0"
"5965843000";"2198800";"3296";"42980.9"
"5967185000";"2127400";"3296";"42989.2"
"5968265000";"2127400";"3296";"42997.2"
"5969345000";"2127400";"3296";"43005.5"
"5970425000";"2127400";"3296";"43013.5"
"5971506000";"2127400";"3296";"43021.4"
"5972853000";"2127400";"3296";"43029.7"
"5973933000";"2127400";"3296";"43037.7"
"5975013000";"2183700";"3296";"43045.6"
"5976093000";"2183700";"3296";"43054.0"
"5977172000";"2183700";"3296";"43061.9"
"5978515000";"2183700";"3296";"43070.3"
"5979595000";"2183700";"3296";"43078.2"
"5980675000";"2183700";"3296";"43086.5"
"5981755000";"2183700";"3296";"43094.5"
"5982835000";"2200300";"3296";"43102.4"
"5984183000";"2200300";"3296";"43110.8"
"5985263000";"2200300";"3296";"43118.7"
"5986343000";"2200300";"3296";"43126.7"
"5987423000";"2200300";"3296";"43134.6"
"5988503000";"2200300";"3296";"43143.0"
"5989846000";"2200300";"3296";"43151.3"
"5990931000";"2125500";"3296";"43159.2"
"5992011000";"2125500";"3296";"43167.2"
"5993096000";"2125500";"3296";"43175.5"
"5994176000";"2125500";"3296";"43183.5"
"5995520000";"2125500";"3296";"43191.8"
"5996600000";"2125500";"3296";"43199.7"
"5997681000";"2125500";"3296";"43208.1"
"5998761000";"2198100";"3296";"43216.0"
"5999841000";"2198100";"3296";"43224.0"
"6001184000";"2198100";"3296";"43232.3"
"6002263000";"2198100";"3296";"43240.2"
"6003349000";"2198100";"3296";"43248.6"
"6004428000";"2198100";"3296";"43256.5"
"6005508000";"2198100";"3296";"43264.5"
"6006851000";"2126900";"3296";"43272.8"
"6007930000";"2126900";"3296";"43280.8"
"6009010000";"2126900";"3296";"43288.7"
"6010090000";"2126900";"3296";"43296.7"
"6011171000";"2126900";"3296";"43305.0"
"6012514000";"2126900";"3296";"43314.5"
"6013600000";"2244500";"3296";"43322.8"
"6014680000";"2244500";"3296";"43330.7"
"6015759000";"2244500";"3296";"43338.7"
"6016839000";"2244500";"3296";"43347.0"
"6018183000";"2244500";"3296";"43355.3"
"6019262000";"2244500";"3296";"43363.3"
"6020343000";"2244500";"3296";"43371.3"
"6021422000";"2185500";"3296";"43379.2"
"6022501000";"2185500";"3296";"43387.5"
"6023850000";"2185500";"3297";"43395.9"
"6024929000";"2185500";"3297";"43403.8"
"6026008000";"2185500";"3297";"43411.8"
"6027088000";"2185500";"3297";"43419.7"
"6028167000";"2185500";"3296";"43427.7"
"6029510000";"2127400";"3296";"43436.0"
"6030590000";"2127400";"3296";"43443.9"
"6031671000";"2127400";"3296";"43451.9"
"6032755000";"2127400";"3297";"43460.2"
"6033840000";"2127400";"3297";"43468.2"
"6035183000";"2127400";"3297";"43476.5"
"6036263000";"2127400";"3297";"43484.4"
"6037344000";"2196900";"3297";"43492.8"
"6038425000";"2196900";"3297";"43500.7"
"6039504000";"2196900";"3297";"43508.7"
"6040848000";"2196900";"3297";"43518.5"
"6041928000";"2196900";"3296";"43526.5"
"6043013000";"2196900";"3297";"43534.8"
"6044092000";"2244700";"3297";"43542.8"
"6045173000";"2244700";"3296";"43550.7"
"6046515000";"2244700";"3296";"43559.0"
"6047596000";"2244700";"3296";"43567.0"
"6048675000";"2244700";"3296";"43575.3"
"6049755000";"2244700";"3296";"43583.3"
"6050835000";"2244700";"3296";"43591.2"
"6052178000";"2128200";"3296";"43599.6"
"6053262000";"2128200";"3296";"43607.5"
"6054343000";"2128200";"3296";"43615.5"
"6055422000";"2128200";"3297";"43623.8"
"6056503000";"2128200";"3297";"43631.7"
"6057845000";"2128200";"3297";"43640.1"
"6058926000";"2128200";"3297";"43648.4"
"6060006000";"2198500";"3297";"43656.3"
"6061086000";"2198500";"3297";"43664.3"
"6062166000";"2198500";"3297";"43672.3"
"6063514000";"2198500";"3296";"43680.6"
"6064595000";"2198500";"3296";"43688.5"
"6065674000";"2198500";"3297";"43696.5"
"6066755000";"2198500";"3297";"43704.8"
"6067835000";"2183500";"3297";"43712.8"
"6069178000";"2183500";"3297";"43721.1"
"6070258000";"2183500";"3297";"43729.0"
"6071338000";"2183500";"3297";"43737.0"
"6072417000";"2183500";"3297";"43744.9"
"6073503000";"2183500";"3297";"43753.3"
"6074851000";"2158500";"3297";"43762.7"
"6075932000";"2158500";"3297";"43771.1"
"6077011000";"2158500";"3297";"43779.0"
"6078090000";"2158500";"3297";"43787.0"
"6079171000";"2158500";"3297";"43795.3"
"6080514000";"2158500";"3297";"43803.6"
"6081594000";"2158500";"3297";"43811.6"
"6082674000";"2199900";"3297";"43819.5"
"6083759000";"2199900";"3297";"43827.5"
"6084840000";"2199900";"3297";"43835.4"
"6086183000";"2199900";"3297";"43843.8"
"6087262000";"2199900";"3297";"43851.7"
"6088343000";"2199900";"3297";"43860.0"
"6089422000";"2199900";"3297";"43868.0"
"6090502000";"2183900";"3297";"43875.9"
"6091845000";"2183900";"3297";"43885.8"
"6092930000";"2183900";"3297";"43893.7"
"6094009000";"2183900";"3296";"43901.7"
"6095090000";"2183900";"3297";"43910.0"
"6096170000";"2183900";"3297";"43918.0"
"6097513000";"2176400";"3297";"43926.3"
"6098594000";"2176400";"3297";"43934.3"
"6099674000";"2176400";"3297";"43942.2"
"6100754000";"2176400";"3297";"43950.5"
"6101834000";"2176400";"3297";"43958.5"
"6103182000";"2176400";"3297";"43968.3"
"6104262000";"2244500";"3297";"43976.3"
"6105342000";"2244500";"3297";"43984.2"
"6106423000";"2244500";"3297";"43992.2"
"6107502000";"2244500";"3297";"44000.1"
"6108846000";"2244500";"3297";"44008.5"
"6109925000";"2244500";"3297";"44016.4"
"6111005000";"2244500";"3297";"44024.8"
"6112085000";"2185200";"3297";"44032.7"
"6113171000";"2185200";"3297";"44040.7"
"6114514000";"2185200";"3297";"44049.0"
"6115593000";"2185200";"3297";"44056.9"
"6116678000";"2185200";"3297";"44065.3"
"6117758000";"2185200";"3297";"44073.2"
"6118838000";"2185200";"3297";"44081.2"
"6120181000";"2182400";"3297";"44091.0"
"6121262000";"2182400";"3297";"44099.0"
"6122343000";"2182400";"3297";"44106.9"
"6123428000";"2182400";"3297";"44115.2"
"6124508000";"2182400";"3297";"44123.2"
"6125851000";"2182400";"3297";"44131.5"
"6126930000";"2182400";"3297";"44139.5"
"6128010000";"2183500";"3297";"44147.4"
"6129090000";"2183500";"3297";"44155.4"
"6130170000";"2183500";"3297";"44163.3"
"6131513000";"2183500";"3297";"44171.6"
"6132594000";"2183500";"3297";"44180.0"
"6133680000";"2183500";"3297";"44187.9"
"6134759000";"2183500";"3297";"44195.9"
"6135840000";"2198100";"3297";"44204.2"
"6137183000";"2198100";"3297";"44212.5"
"6138263000";"2198100";"3297";"44220.5"
"6139342000";"2198100";"3297";"44228.4"
"6140423000";"2198100";"3297";"44236.8"
"6141503000";"2198100";"3297";"44244.7"
"6142846000";"2198100";"3297";"44253.1"
"6143931000";"2126700";"3297";"44261.0"
"6145011000";"2126700";"3297";"44269.0"
"6146090000";"2126700";"3297";"44276.9"
"6147171000";"2126700";"3297";"44285.2"
"6148513000";"2126700";"3297";"44293.2"
"6149593000";"2126700";"3297";"44301.5"
"6150672000";"2126700";"3297";"44309.5"
"6151752000";"2185900";"3297";"44317.4"
"6152832000";"2185900";"3297";"44325.4"
"6154181000";"2185900";"3297";"44333.7"
"6155260000";"2185900";"3297";"44342.0"
"6156341000";"2185900";"3297";"44350.0"
"6157420000";"2185900";"3297";"44357.9"
"6158504000";"2185900";"3297";"44366.3"
"6159846000";"2140100";"3297";"44374.6"
"6160926000";"2140100";"3297";"44382.5"
"6162005000";"2140100";"3297";"44390.5"
"6163091000";"2140100";"3297";"44398.8"
"6164171000";"2140100";"3297";"44406.8"
"6165514000";"2140100";"3297";"44415.1"
"6166595000";"2140100";"3298";"44423.0"
"6167674000";"2183700";"3298";"44431.0"
"6168754000";"2183700";"3297";"44438.9"
"6169834000";"2183700";"3297";"44446.9"
"6171177000";"2183700";"3297";"44455.2"
"6172258000";"2183700";"3297";"44463.2"
"6173344000";"2183700";"3297";"44471.5"
"6174424000";"2183700";"3297";"44479.5"
"6175504000";"2183500";"3298";"44487.4"
"6176847000";"2183500";"3298";"44495.7"
"6177927000";"2183500";"3298";"44504.1"
"6179006000";"2183500";"3298";"44512.0"
"6180087000";"2183500";"3297";"44520.0"
"6181166000";"2183500";"3297";"44527.9"
"6182510000";"2183500";"3297";"44536.2"
"6183596000";"2126400";"3297";"44544.2"
"6184676000";"2126400";"3297";"44552.5"
"6185755000";"2126400";"3297";"44560.5"
"6186835000";"2126400";"3297";"44568.4"
"6188178000";"2126400";"3297";"44576.8"
"6189258000";"2126400";"3297";"44584.7"
"6190338000";"2126400";"3297";"44592.7"
"6191418000";"2185500";"3297";"44600.6"
"6192498000";"2185500";"3297";"44608.9"
"6193845000";"2185500";"3297";"44617.3"
"6194925000";"2185500";"3297";"44625.2"
"6196005000";"2185500";"3297";"44633.2"
"6197086000";"2185500";"3297";"44641.5"
"6198165000";"2185500";"3297";"44649.5"
"6199507000";"2141300";"3297";"44657.8"
"6200592000";"2141300";"3297";"44665.7"
"6201673000";"2141300";"3297";"44673.7"
"6202752000";"2141300";"3297";"44682.0"
"6203837000";"2141300";"3297";"44690.0"
"6205180000";"2141300";"3297";"44698.3"
"6206261000";"2141300";"3297";"44706.2"
"6207341000";"2182300";"3297";"44714.2"
"6208421000";"2182300";"3297";"44722.1"
"6209500000";"2182300";"3297";"44730.1"
"6210844000";"2182300";"3297";"44738.4"
"6211923000";"2182300";"3297";"44746.4"
"6213009000";"2182300";"3296";"44754.7"
"6214089000";"2182300";"3296";"44762.6"
"6215170000";"2198500";"3296";"44771.0"
"6216511000";"2198500";"3296";"44779.3"
"6217591000";"2198500";"3296";"44787.3"
"6218670000";"2198500";"3296";"44795.2"
"6219750000";"2198500";"3296";"44803.2"
"6220830000";"2198500";"3296";"44811.5"
"6222174000";"2198500";"3296";"44819.8"
"6223259000";"2127000";"3296";"44827.8"
"6224339000";"2127000";"3296";"44835.7"
"6225419000";"2127000";"3296";"44843.7"
"6226499000";"2127000";"3296";"44851.6"
"6227842000";"2127000";"3296";"44859.9"
"6228922000";"2127000";"3296";"44867.9"
"6230002000";"2127000";"3296";"44876.2"
"6231082000";"2185300";"3296";"44884.2"
"6232162000";"2185300";"3296";"44892.1"
"6233510000";"2185300";"3296";"44900.5"
"6234590000";"2185300";"3296";"44908.4"
"6235671000";"2185300";"3296";"44916.7"
"6236751000";"2185300";"3296";"44924.7"
"6237831000";"2185300";"3296";"44932.6"
"6239173000";"2126500";"3296";"44941.0"
"6240254000";"2126500";"3296";"44949.3"
"6241335000";"2126500";"3296";"44957.2"
"6242419000";"2126500";"3296";"44965.2"
"6243504000";"2126500";"3296";"44973.2"
"6244847000";"2126500";"3296";"44981.5"
"6245928000";"2126500";"3296";"44989.4"
"6247008000";"2181900";"3296";"44997.4"
"6248088000";"2181900";"3296";"45005.7"
"6249168000";"2181900";"3296";"45013.7"
"6250510000";"2181900";"3296";"45022.0"
"6251589000";"2181900";"3296";"45029.9"
"6252669000";"2181900";"3296";"45037.9"
"6253754000";"2181900";"3296";"45045.8"
"6254835000";"2199000";"3296";"45054.2"
"6256178000";"2199000";"3296";"45062.5"
"6257258000";"2199000";"3296";"45070.4"
"6258338000";"2199000";"3296";"45078.4"
"6259417000";"2199000";"3296";"45086.7"
"6260498000";"2199000";"3296";"45094.7"
"6261840000";"2199000";"3296";"45103.0"
"6262925000";"2126900";"3296";"45111.0"
"6264004000";"2126900";"3296";"45118.9"
"6265084000";"2126900";"3296";"45126.9"
"6266165000";"2126900";"3296";"45135.2"
"6267509000";"2126900";"3296";"45143.1"
"6268588000";"2126900";"3296";"45151.5"
"6269667000";"2126900";"3296";"45159.4"
"6270747000";"2185500";"3297";"45167.4"
"6271826000";"2185500";"3296";"45175.3"
"6273175000";"2185500";"3296";"45183.6"
"6274255000";"2185500";"3296";"45191.6"
"6275335000";"2185500";"3296";"45199.9"
"6276414000";"2185500";"3296";"45207.9"
"6277493000";"2185500";"3296";"45215.8"
"6278837000";"2141300";"3296";"45224.5"
"6279917000";"2141300";"3296";"45232.5"
"6280997000";"2141300";"3296";"45240.4"
"6282077000";"2141300";"3296";"45248.4"
"6283163000";"2141300";"3296";"45256.3"
"6284510000";"2141300";"3296";"45264.7"
"6285591000";"2141300";"3296";"45273.0"
"6286671000";"2182100";"3296";"45280.9"
"6287751000";"2182100";"3296";"45288.9"
"6288831000";"2182100";"3296";"45296.9"
"6290174000";"2182100";"3296";"45305.2"
"6291255000";"2182100";"3296";"45313.1"
"6292335000";"2182100";"3296";"45321.1"
"6293421000";"2182100";"3296";"45329.4"
"6294501000";"2183400";"3296";"45337.4"
"6295843000";"2183400";"3296";"45345.7"
"6296922000";"2183400";"3296";"45353.6"
"6298003000";"2183400";"3296";"45362.0"
"6299082000";"2183400";"3296";"45369.9"
"6300162000";"2183400";"3296";"45377.9"
"6301506000";"2183400";"3296";"45386.2"
"6302585000";"2128400";"3296";"45394.1"
"6303671000";"2128400";"3296";"45402.5"
"6304752000";"2128400";"3296";"45410.4"
"6305831000";"2128400";"3296";"45418.4"
"6307173000";"2128400";"3296";"45426.7"
"6308253000";"2128400";"3296";"45434.7"
"6309333000";"2128400";"3296";"45443.0"
"6310412000";"2198800";"3296";"45450.9"
"6311493000";"2198800";"3296";"45458.9"
"6312835000";"2198800";"3296";"45467.2"
"6313920000";"2198800";"3296";"45475.2"
"6315001000";"2198800";"3296";"45483.1"
"6316081000";"2198800";"3296";"45491.4"
"6317161000";"2198800";"3296";"45499.4"
"6318503000";"2126700";"3296";"45507.7"
"6319583000";"2126700";"3296";"45515.7"
"6320663000";"2126700";"3296";"45524.0"
"6321744000";"2126700";"3296";"45532.0"
"6322824000";"2126700";"3296";"45539.9"
"6324172000";"2126700";"3296";"45548.2"
"6325251000";"2126700";"3296";"45556.2"
"6326336000";"2182500";"3295";"45564.1"
"6327416000";"2182500";"3295";"45572.1"
"6328496000";"2182500";"3295";"45580.4"
"6329839000";"2182500";"3296";"45588.7"
"6330919000";"2182500";"3296";"45596.7"
"6332000000";"2182500";"3296";"45604.6"
"6333085000";"2182500";"3296";"45612.6"
"6334165000";"2183700";"3296";"45620.5"
"6335508000";"2183700";"3296";"45628.9"
"6336588000";"2183700";"3296";"45637.2"
"6337668000";"2183700";"3296";"45645.2"
"6338747000";"2183700";"3296";"45653.1"
"6339828000";"2183700";"3296";"45661.4"
"6341171000";"2183700";"3296";"45669.8"
"6342250000";"2142500";"3296";"45677.7"
"6343336000";"2142500";"3296";"45685.7"
"6344416000";"2142500";"3296";"45693.6"
"6345496000";"2142500";"3296";"45701.6"
"6346839000";"2142500";"3296";"45709.9"
"6347919000";"2142500";"3297";"45718.2"
"6348999000";"2142500";"3297";"45726.2"
"6350079000";"2183500";"3297";"45734.1"
"6351159000";"2183500";"3297";"45742.1"
"6352501000";"2183500";"3297";"45750.4"
"6353586000";"2183500";"3297";"45758.4"
"6354666000";"2183500";"3297";"45766.7"
"6355745000";"2183500";"3297";"45774.6"
"6356825000";"2183500";"3297";"45782.6"
"6358168000";"2127200";"3297";"45790.9"
"6359248000";"2127200";"3297";"45799.2"
"6360328000";"2127200";"3297";"45807.2"
"6361408000";"2127200";"3297";"45815.1"
"6362487000";"2127200";"3297";"45823.1"
"6363836000";"2127200";"3297";"45832.9"
"6364916000";"2244700";"3297";"45840.9"
"6365996000";"2244700";"3297";"45848.8"
"6367077000";"2244700";"3297";"45856.8"
"6368161000";"2244700";"3297";"45865.1"
"6369504000";"2244700";"3297";"45873.1"
"6370583000";"2244700";"3297";"45881.4"
"6371664000";"2244700";"3297";"45889.4"
"6372744000";"2183900";"3297";"45897.3"
"6373829000";"2183900";"3297";"45905.3"
"6375173000";"2183900";"3297";"45913.6"
"6376253000";"2183900";"3297";"45921.9"
"6377332000";"2183900";"3297";"45929.9"
"6378412000";"2183900";"3297";"45937.8"
"6379492000";"2183900";"3297";"45946.2"
"6380835000";"2141000";"3297";"45954.5"
"6381915000";"2141000";"3297";"45962.4"
"6383001000";"2141000";"3297";"45970.4"
"6384082000";"2141000";"3297";"45978.7"
"6385161000";"2141000";"3297";"45986.7"
"6386503000";"2141000";"3297";"45995.0"
"6387583000";"2141000";"3297";"46002.9"
"6388663000";"2183900";"3297";"46010.9"
"6389743000";"2183900";"3297";"46018.8"
"6390824000";"2183900";"3297";"46026.8"
"6392167000";"2183900";"3297";"46035.1"
"6393251000";"2183900";"3297";"46043.4"
"6394332000";"2183900";"3297";"46051.4"
"6395412000";"2183900";"3297";"46059.4"
"6396492000";"2183500";"3296";"46067.3"
"6397834000";"2183500";"3296";"46076.0"
"6398914000";"2183500";"3297";"46084.0"
"6399993000";"2183500";"3297";"46091.9"
"6401074000";"2183500";"3297";"46099.9"
"6402154000";"2183500";"3296";"46108.2"
"6403502000";"2183500";"3297";"46116.5"
"6404583000";"2141000";"3296";"46124.5"
"6405662000";"2141000";"3296";"46132.4"
"6406742000";"2141000";"3296";"46140.4"
"6407822000";"2141000";"3296";"46148.3"
"6409165000";"2141000";"3296";"46156.6"
"6410250000";"2141000";"3296";"46164.6"
"6411330000";"2141000";"3296";"46172.5"
"6412410000";"2183900";"3296";"46180.9"
"6413497000";"2183900";"3296";"46188.8"
"6414839000";"2183900";"3297";"46198.7"
"6415918000";"2183900";"3297";"46206.6"
"6416998000";"2183900";"3296";"46214.6"
"6418078000";"2183900";"3296";"46222.9"
"6419157000";"2245100";"3297";"46230.9"
"6420499000";"2245100";"3297";"46239.2"
"6421580000";"2245100";"3297";"46247.1"
"6422661000";"2245100";"3297";"46255.1"
"6423746000";"2245100";"3297";"46263.4"
"6424825000";"2245100";"3297";"46271.4"
"6426169000";"2159700";"3297";"46280.8"
"6427250000";"2159700";"3297";"46289.2"
"6428330000";"2159700";"3297";"46297.1"
"6429410000";"2159700";"3297";"46305.1"
"6430490000";"2159700";"3297";"46313.0"
"6431833000";"2159700";"3297";"46322.9"
"6432918000";"2244500";"3297";"46330.8"
"6433998000";"2244500";"3297";"46338.8"
"6435077000";"2244500";"3297";"46346.7"
"6436158000";"2244500";"3297";"46355.1"
"6437500000";"2244500";"3297";"46363.4"
"6438579000";"2244500";"3297";"46371.3"
"6439658000";"2244500";"3297";"46379.3"
"6440738000";"2200800";"3297";"46387.6"
"6441818000";"2200800";"3297";"46395.6"
"6443166000";"2200800";"3297";"46405.4"
"6444245000";"2200800";"3297";"46413.4"
"6445325000";"2200800";"3297";"46421.3"
"6446405000";"2200800";"3297";"46429.3"
"6447485000";"2228000";"3297";"46437.2"
"6448829000";"2228000";"3297";"46447.1"
"6449909000";"2228000";"3297";"46455.0"
"6450989000";"2228000";"3297";"46463.0"
"6452073000";"2228000";"3297";"46470.9"
"6453159000";"2228000";"3297";"46479.3"
"6454501000";"2224200";"3297";"46488.7"
"6455582000";"2224200";"3297";"46497.1"
"6456662000";"2224200";"3297";"46505.0"
"6457742000";"2224200";"3297";"46513.0"
"6458822000";"2224200";"3297";"46521.3"
"6460165000";"2224200";"3297";"46530.8"
"6461245000";"2263300";"3297";"46539.1"
"6462325000";"2263300";"3297";"46547.1"
"6463410000";"2263300";"3297";"46555.0"
"6464490000";"2263300";"3297";"46563.0"
"6465833000";"2263300";"3297";"46571.3"
"6466912000";"2263300";"3297";"46579.2"
"6467993000";"2263300";"3297";"46587.6"
"6469072000";"2184100";"3297";"46595.5"
"6470152000";"2184100";"3297";"46603.5"
"6471495000";"2184100";"3297";"46611.8"
"6472574000";"2184100";"3297";"46619.7"
"6473659000";"2184100";"3297";"46627.7"
"6474739000";"2184100";"3297";"46636.0"
"6475819000";"2184100";"3297";"46644.0"
"6477161000";"2127200";"3297";"46652.3"
"6478242000";"2127200";"3297";"46660.2"
"6479321000";"2127200";"3297";"46668.6"
"6480402000";"2127200";"3297";"46676.5"
"6481481000";"2127200";"3297";"46684.5"
"6482823000";"2127200";"3297";"46694.3"
"6483908000";"2245100";"3296";"46702.3"
"6484988000";"2245100";"3296";"46710.2"
"6486067000";"2245100";"3296";"46718.2"
"6487147000";"2245100";"3296";"46726.5"
"6488490000";"2245100";"3296";"46734.5"
"6489570000";"2245100";"3296";"46742.8"
"6490649000";"2245100";"3296";"46750.7"
"6491730000";"2185700";"3296";"46758.7"
"6492809000";"2185700";"3296";"46766.7"
"6494162000";"2185700";"3296";"46776.5"
"6495242000";"2185700";"3296";"46784.4"
"6496323000";"2185700";"3296";"46792.4"
"6497403000";"2185700";"3296";"46800.7"
"6498482000";"2243200";"3296";"46808.7"
"6499826000";"2243200";"3296";"46818.5"
"6500905000";"2243200";"3296";"46826.5"
"6501986000";"2243200";"3296";"46834.4"
"6503071000";"2243200";"3296";"46842.8"
"6504151000";"2243200";"3296";"46850.7"
"6505494000";"2176200";"3296";"46859.0"
"6506575000";"2176200";"3296";"46867.0"
"6507655000";"2176200";"3296";"46874.9"
"6508736000";"2176200";"3295";"46882.9"
"6509816000";"2176200";"3295";"46891.2"
"6511158000";"2176200";"3296";"46899.6"
"6512238000";"2176200";"3296";"46907.5"
"6513322000";"2183700";"3296";"46915.5"
"6514402000";"2183700";"3296";"46923.4"
"6515481000";"2183700";"3296";"46931.4"
"6516825000";"2183700";"3295";"46939.7"
"6517904000";"2183700";"3295";"46948.0"
"6518984000";"2183700";"3295";"46956.0"
"6520063000";"2183700";"3295";"46963.9"
"6521143000";"2185900";"3296";"46971.9"
"6522486000";"2185900";"3296";"46980.2"
"6523572000";"2185900";"3296";"46988.5"
"6524652000";"2185900";"3296";"46996.5"
"6525731000";"2185900";"3296";"47004.4"
"6526811000";"2185900";"3296";"47012.4"
"6528154000";"2176400";"3296";"47022.2"
"6529235000";"2176400";"3296";"47030.2"
"6530314000";"2176400";"3296";"47038.1"
"6531393000";"2176400";"3296";"47046.1"
"6532472000";"2176400";"3296";"47054.0"
"6533820000";"2176400";"3296";"47062.4"
"6534900000";"2176400";"3296";"47070.3"
"6535985000";"2183200";"3296";"47078.6"
"6537065000";"2183200";"3296";"47086.6"
"6538144000";"2183200";"3296";"47094.5"
"6539488000";"2183200";"3296";"47102.9"
"6540569000";"2183200";"3296";"47111.2"
"6541648000";"2183200";"3296";"47119.2"
"6542728000";"2183200";"3296";"47127.1"
"6543813000";"2183900";"3296";"47135.1"
"6545155000";"2183900";"3296";"47143.4"
"6546234000";"2183900";"3296";"47151.3"
"6547315000";"2183900";"3296";"47159.3"
"6548394000";"2183900";"3296";"47167.2"
"6549474000";"2183900";"3296";"47175.2"
"6550817000";"2183900";"3295";"47183.5"
"6551896000";"2114400";"3296";"47191.5"
"6552981000";"2114400";"3295";"47199.8"
"6554060000";"2114400";"3295";"47207.7"
"6555141000";"2114400";"3296";"47215.7"
"6556484000";"2114400";"3296";"47225.5"
"6557564000";"2114400";"3296";"47233.5"
"6558644000";"2261800";"3296";"47241.8"
"6559724000";"2261800";"3296";"47249.8"
"6560804000";"2261800";"3296";"47257.7"
"6562148000";"2261800";"3296";"47267.6"
"6563233000";"2261800";"3296";"47275.5"
"6564313000";"2261800";"3296";"47283.5"
"6565393000";"2227400";"3296";"47291.4"
"6566473000";"2227400";"3296";"47299.8"
"6567815000";"2227400";"3296";"47308.1"
"6568896000";"2227400";"3296";"47316.0"
"6569975000";"2227400";"3296";"47324.0"
"6571054000";"2227400";"3296";"47331.9"
"6572134000";"2227400";"3296";"47339.9"
"6573482000";"2127200";"3296";"47348.2"
"6574562000";"2127200";"3296";"47356.2"
"6575642000";"2127200";"3296";"47364.5"
"6576722000";"2127200";"3296";"47372.5"
"6577807000";"2127200";"3296";"47380.4"
"6579149000";"2127200";"3296";"47388.7"
"6580229000";"2127200";"3296";"47397.1"
"6581309000";"2198800";"3296";"47405.0"
"6582389000";"2198800";"3296";"47413.0"
"6583475000";"2198800";"3296";"47420.9"
"6584818000";"2198800";"3296";"47429.2"
"6585898000";"2198800";"3296";"47437.2"
"6586979000";"2198800";"3296";"47445.1"
"6588059000";"2198800";"3296";"47453.1"
"6589139000";"2183200";"3296";"47461.4"
"6590482000";"2183200";"3296";"47470.9"
"6591562000";"2183200";"3296";"47478.8"
"6592643000";"2183200";"3296";"47487.2"
"6593728000";"2183200";"3297";"47495.1"
"6594807000";"2183200";"3297";"47503.1"
"6596149000";"2160300";"3297";"47511.4"
"6597228000";"2160300";"3297";"47519.3"
"6598309000";"2160300";"3297";"47527.7"
"6599389000";"2160300";"3297";"47535.6"
"6600469000";"2160300";"3297";"47543.6"
"6601811000";"2160300";"3296";"47551.9"
"6602897000";"2160300";"3296";"47559.9"
"6603977000";"2198700";"3297";"47568.2"
"6605056000";"2198700";"3297";"47576.1"
"6606137000";"2198700";"3297";"47584.1"
"6607480000";"2198700";"3297";"47593.6"
"6608560000";"2198700";"3297";"47601.5"
"6609639000";"2198700";"3297";"47609.8"
"6610720000";"2229500";"3297";"47617.8"
"6611800000";"2229500";"3297";"47625.8"
"6613147000";"2229500";"3297";"47634.1"
"6614227000";"2229500";"3297";"47642.0"
"6615306000";"2229500";"3297";"47650.0"
"6616387000";"2229500";"3297";"47657.9"
"6617467000";"2229500";"3297";"47666.3"
"6618810000";"2126900";"3297";"47674.6"
"6619895000";"2126900";"3297";"47682.5"
"6620975000";"2126900";"3297";"47690.5"
"6622055000";"2126900";"3297";"47698.8"
"6623141000";"2126900";"3297";"47706.8"
"6624484000";"2126900";"3297";"47715.1"
"6625564000";"2126900";"3297";"47723.0"
"6626643000";"2182300";"3297";"47731.0"
"6627723000";"2182300";"3297";"47738.9"
"6628803000";"2182300";"3297";"47746.9"
"6630147000";"2182300";"3297";"47755.2"
"6631226000";"2182300";"3297";"47763.2"
"6632307000";"2182300";"3297";"47771.1"
"6633392000";"2182300";"3297";"47779.5"
"6634472000";"2183700";"3296";"47787.4"
"6635815000";"2183700";"3297";"47795.7"
"6636895000";"2183700";"3297";"47803.7"
"6637975000";"2183700";"3296";"47811.6"
"6639055000";"2183700";"3297";"47820.0"
"6640134000";"2183700";"3297";"47827.9"
"6641477000";"2183700";"3297";"47836.2"
"6642558000";"2128100";"3297";"47844.2"
"6643644000";"2128100";"3297";"47852.1"
"6644723000";"2128100";"3297";"47860.1"
"6645804000";"2128100";"3297";"47868.0"
"6647146000";"2128100";"3296";"47876.4"
"6648227000";"2128100";"3296";"47884.3"
"6649306000";"2128100";"3296";"47892.3"
"6650387000";"2183500";"3296";"47900.6"
"6651467000";"2183500";"3296";"47908.6"
"6652810000";"2183500";"3297";"47916.9"
"6653895000";"2183500";"3297";"47924.8"
"6654975000";"2183500";"3297";"47932.8"
"6656055000";"2183500";"3296";"47940.7"
"6657135000";"2183500";"3296";"47949.1"
"6658477000";"2126900";"3297";"47957.4"
"6659556000";"2126900";"3297";"47965.3"
"6660637000";"2126900";"3296";"47973.3"
"6661721000";"2126900";"3296";"47981.6"
"6662801000";"2126900";"3296";"47989.6"
"6664149000";"2126900";"3296";"47997.9"
"6665229000";"2126900";"3296";"48005.9"
"6666309000";"2182800";"3296";"48013.8"
"6667388000";"2182800";"3296";"48021.8"
"6668468000";"2182800";"3296";"48029.7"
"6669810000";"2182800";"3296";"48038.0"
"6670890000";"2182800";"3296";"48046.0"
"6671971000";"2182800";"3296";"48054.3"
"6673057000";"2182800";"3296";"48062.3"
"6674137000";"2183900";"3296";"48070.2"
"6675479000";"2183900";"3296";"48078.5"
"6676559000";"2183900";"3296";"48086.5"
"6677638000";"2183900";"3296";"48094.4"
"6678718000";"2183900";"3296";"48102.8"
"6679798000";"2183900";"3296";"48110.7"
"6681141000";"2183900";"3296";"48119.0"
"6682220000";"2128600";"3296";"48127.0"
"6683306000";"2128600";"3296";"48135.0"
"6684386000";"2128600";"3296";"48143.3"
"6685466000";"2128600";"3296";"48151.2"
"6686808000";"2128600";"3296";"48159.6"
"6687888000";"2128600";"3296";"48167.5"
"6688968000";"2128600";"3296";"48175.5"
"6690048000";"2183900";"3296";"48183.4"
"6691128000";"2183900";"3296";"48191.4"
"6692471000";"2183900";"3296";"48199.7"
"6693557000";"2183900";"3296";"48207.6"
"6694636000";"2183900";"3296";"48215.6"
"6695717000";"2183900";"3296";"48223.9"
"6696797000";"2183900";"3296";"48231.9"
"6698140000";"2126500";"3296";"48240.2"
"6699221000";"2126500";"3296";"48248.2"
"6700300000";"2126500";"3296";"48256.5"
"6701379000";"2126500";"3296";"48264.4"
"6702458000";"2126500";"3296";"48272.4"
"6703811000";"2126500";"3296";"48280.7"
"6704891000";"2126500";"3296";"48288.7"
"6705972000";"2182600";"3296";"48296.6"
"6707052000";"2182600";"3296";"48304.6"
"6708133000";"2182600";"3296";"48312.9"
"6709476000";"2182600";"3296";"48321.2"
"6710556000";"2182600";"3296";"48329.2"
"6711635000";"2182600";"3296";"48337.1"
"6712715000";"2182600";"3296";"48345.1"
"6713801000";"2183700";"3296";"48353.0"
"6715144000";"2183700";"3296";"48361.3"
"6716224000";"2183700";"3296";"48369.7"
"6717304000";"2183700";"3297";"48377.6"
"6718384000";"2183700";"3296";"48385.6"
"6719464000";"2183700";"3296";"48393.5"
"6720807000";"2183700";"3296";"48401.9"
"6721886000";"2142500";"3296";"48410.2"
"6722972000";"2142500";"3296";"48418.1"
"6724051000";"2142500";"3296";"48426.1"
"6725131000";"2142500";"3296";"48434.0"
"6726473000";"2142500";"3296";"48442.4"
"6727554000";"2142500";"3297";"48450.7"
"6728634000";"2142500";"3297";"48458.7"
"6729714000";"2183700";"3296";"48466.6"
"6730794000";"2183700";"3296";"48474.6"
"6732137000";"2183700";"3296";"48484.4"
"6733223000";"2183700";"3297";"48492.4"
"6734303000";"2183700";"3297";"48500.3"
"6735383000";"2183700";"3297";"48508.3"
"6736463000";"2244500";"3297";"48516.6"
"6737805000";"2244500";"3297";"48524.9"
"6738884000";"2244500";"3297";"48532.9"
"6739963000";"2244500";"3297";"48540.8"
"6741043000";"2244500";"3297";"48548.8"
"6742122000";"2244500";"3297";"48557.1"
"6743472000";"2244500";"3297";"48565.4"
"6744552000";"2127200";"3297";"48573.4"
"6745635000";"2127200";"3297";"48581.3"
"6746716000";"2127200";"3297";"48589.3"
"6747795000";"2127200";"3297";"48597.2"
"6749138000";"2127200";"3297";"48605.6"
"6750218000";"2127200";"3297";"48613.5"
"6751298000";"2127200";"3297";"48621.5"
"6752377000";"2170000";"3297";"48629.4"
"6753463000";"2170000";"3297";"48637.4"
"6754807000";"2170000";"3297";"48645.7"
"6755886000";"2170000";"3297";"48654.0"
"6756967000";"2170000";"3297";"48662.0"
"6758046000";"2170000";"3297";"48669.9"
"6759125000";"2170000";"3297";"48677.9"
"6760467000";"2183800";"3297";"48687.7"
"6761547000";"2183800";"3297";"48695.7"
"6762627000";"2183800";"3297";"48703.6"
"6763712000";"2183800";"3297";"48711.6"
"6764792000";"2183800";"3296";"48719.9"
"6766135000";"2183800";"3296";"48729.4"
"6767216000";"2227600";"3296";"48737.3"
"6768296000";"2227600";"3296";"48745.3"
"6769376000";"2227600";"3296";"48753.2"
"6770456000";"2227600";"3296";"48761.6"
"6771799000";"2227600";"3296";"48771.0"
"6772883000";"2227600";"3296";"48779.0"
"6773963000";"2244900";"3296";"48787.3"
"6775043000";"2244900";"3296";"48795.3"
"6776124000";"2244900";"3296";"48803.2"
"6777466000";"2244900";"3296";"48811.5"
"6778546000";"2244900";"3296";"48819.5"
"6779626000";"2244900";"3296";"48827.8"
"6780706000";"2244900";"3296";"48835.8"
"6781786000";"2185200";"3296";"48843.7"
"6783134000";"2185200";"3296";"48852.0"
"6784213000";"2185200";"3296";"48860.0"
"6785293000";"2185200";"3296";"48867.9"
"6786373000";"2185200";"3296";"48875.9"
"6787458000";"2185200";"3296";"48884.2"
"6788800000";"2185200";"3296";"48892.2"
"6789881000";"2111600";"3296";"48900.1"
"6790962000";"2111600";"3296";"48908.1"
"6792042000";"2111600";"3296";"48916.4"
"6793127000";"2111600";"3296";"48924.4"
"6794469000";"2111600";"3296";"48932.7"
"6795548000";"2111600";"3296";"48940.6"
"6796628000";"2111600";"3296";"48948.6"
"6797709000";"2183700";"3296";"48956.5"
"6798789000";"2183700";"3296";"48964.9"
"6800131000";"2183700";"3296";"48974.3"
"6801212000";"2183700";"3296";"48982.7"
"6802292000";"2183700";"3296";"48990.6"
"6803377000";"2183700";"3296";"48998.6"
"6804457000";"2244900";"3296";"49006.5"
"6805799000";"2244900";"3296";"49014.8"
"6806878000";"2244900";"3296";"49022.8"
"6807957000";"2244900";"3296";"49030.8"
"6809038000";"2244900";"3296";"49038.7"
"6810118000";"2244900";"3296";"49046.7"
"6811461000";"2244900";"3296";"49055.0"
"6812542000";"2113900";"3296";"49062.9"
"6813628000";"2113900";"3296";"49071.3"
"6814707000";"2113900";"3296";"49079.2"
"6815787000";"2113900";"3296";"49087.2"
"6817129000";"2113900";"3296";"49095.5"
"6818210000";"2113900";"3296";"49103.4"
"6819290000";"2113900";"3296";"49111.8"
"6820370000";"2198500";"3296";"49119.7"
"6821450000";"2198500";"3296";"49127.7"
"6822793000";"2198500";"3296";"49136.0"
"6823878000";"2198500";"3296";"49143.9"
"6824958000";"2198500";"3296";"49151.9"
"6826037000";"2198500";"3296";"49160.2"
"6827118000";"2198500";"3296";"49168.2"
"6828460000";"2127000";"3296";"49176.5"
"6829543000";"2127000";"3296";"49184.5"
"6830624000";"2127000";"3296";"49192.4"
"6831703000";"2127000";"3296";"49200.4"
"6832783000";"2127000";"3296";"49208.3"
"6834132000";"2127000";"3296";"49216.6"
"6835211000";"2127000";"3296";"49224.6"
"6836291000";"2168100";"3296";"49232.5"
"6837371000";"2168100";"3296";"49240.9"
"6838451000";"2168100";"3296";"49248.8"
"6839794000";"2168100";"3296";"49257.1"
"6840874000";"2168100";"3296";"49265.1"
"6841954000";"2168100";"3296";"49273.0"
"6843038000";"2168100";"3297";"49281.4"
"6844119000";"2198800";"3296";"49289.3"
"6845461000";"2198800";"3297";"49297.7"
"6846541000";"2198800";"3297";"49305.6"
"6847620000";"2198800";"3297";"49313.6"
"6848700000";"2198800";"3296";"49321.5"
"6849780000";"2198800";"3296";"49329.5"
"6851123000";"2198800";"3296";"49337.8"
"6852202000";"2114300";"3296";"49345.7"
"6853287000";"2114300";"3296";"49354.1"
"6854367000";"2114300";"3296";"49362.0"
"6855447000";"2114300";"3296";"49370.0"
"6856789000";"2114300";"3296";"49378.3"
"6857869000";"2114300";"3296";"49386.2"
"6858949000";"2114300";"3296";"49394.2"
"6860029000";"2199000";"3296";"49402.5"
"6861108000";"2199000";"3296";"49410.5"
"6862451000";"2199000";"3296";"49418.8"
"6863537000";"2199000";"3296";"49426.8"
"6864616000";"2199000";"3296";"49434.7"
"6865696000";"2199000";"3296";"49442.7"
"6866775000";"2199000";"3296";"49450.6"
"6868119000";"2112600";"3296";"49458.9"
"6869198000";"2112600";"3297";"49466.9"
"6870278000";"2112600";"3296";"49474.8"
"6871363000";"2112600";"3296";"49482.8"
"6872443000";"2112600";"3297";"49490.7"
"6873792000";"2112600";"3297";"49499.1"
"6874872000";"2112600";"3297";"49507.0"
"6875952000";"2182500";"3297";"49515.3"
"6877032000";"2182500";"3297";"49523.3"
"6878111000";"2182500";"3297";"49531.3"
"6879455000";"2182500";"3297";"49539.6"
"6880535000";"2182500";"3297";"49547.9"
"6881614000";"2182500";"3297";"49555.9"
"6882694000";"2182500";"3296";"49563.8"
"6883779000";"2184100";"3296";"49571.8"
"6885122000";"2184100";"3296";"49581.6"
"6886202000";"2184100";"3296";"49589.6"
"6887282000";"2184100";"3296";"49597.5"
"6888362000";"2184100";"3296";"49605.5"
"6889442000";"2184100";"3296";"49613.4"
"6890786000";"2227500";"3296";"49623.3"
"6891865000";"2227500";"3296";"49631.2"
"6892951000";"2227500";"3296";"49639.2"
"6894031000";"2227500";"3297";"49647.5"
"6895111000";"2227500";"3297";"49655.5"
"6896454000";"2227500";"3297";"49663.8"
"6897533000";"2227500";"3297";"49671.7"
"6898612000";"2184300";"3296";"49679.7"
"6899692000";"2184300";"3296";"49688.0"
"6900771000";"2184300";"3296";"49696.0"
"6902115000";"2184300";"3297";"49704.3"
"6903200000";"2184300";"3297";"49712.2"
"6904281000";"2184300";"3297";"49720.2"
"6905360000";"2184300";"3297";"49728.1"
"6906441000";"2183700";"3297";"49736.1"
"6907783000";"2183700";"3297";"49744.4"
"6908864000";"2183700";"3297";"49752.4"
"6909943000";"2183700";"3297";"49760.7"
"6911023000";"2183700";"3297";"49768.6"
"6912103000";"2183700";"3297";"49776.6"
"6913456000";"2183700";"3297";"49784.9"
"6914535000";"2125700";"3297";"49792.9"
"6915615000";"2125700";"3296";"49800.8"
"6916695000";"2125700";"3296";"49808.8"
"6917776000";"2125700";"3296";"49817.1"
"6919118000";"2125700";"3296";"49825.4"
"6920197000";"2125700";"3296";"49833.4"
"6921277000";"2125700";"3296";"49841.3"
"6922357000";"2200300";"3296";"49849.7"
"6923443000";"2200300";"3296";"49857.6"
"6924786000";"2200300";"3296";"49867.1"
"6925866000";"2200300";"3296";"49875.4"
"6926946000";"2200300";"3297";"49883.4"
"6928026000";"2200300";"3297";"49891.3"
"6929106000";"2227400";"3297";"49899.3"
"6930450000";"2227400";"3297";"49907.6"
"6931530000";"2227400";"3297";"49915.5"
"6932610000";"2227400";"3297";"49923.5"
"6933694000";"2227400";"3297";"49931.5"
"6934775000";"2227400";"3297";"49939.4"
"6936118000";"2227400";"3297";"49947.7"
"6937198000";"2126400";"3297";"49956.1"
"6938278000";"2126400";"3297";"49964.0"
"6939358000";"2126400";"3297";"49972.0"
"6940438000";"2126400";"3297";"49980.3"
"6941781000";"2126400";"3297";"49988.6"
"6942866000";"2126400";"3297";"49996.6"
"6943946000";"2126400";"3297";"50004.5"
"6945026000";"2184100";"3297";"50012.5"
"6946105000";"2184100";"3297";"50020.4"
"6947447000";"2184100";"3297";"50028.7"
"6948528000";"2184100";"3297";"50036.7"
"6949608000";"2184100";"3297";"50044.6"
"6950688000";"2184100";"3296";"50052.6"
"6951769000";"2184100";"3297";"50060.9"
"6953117000";"2169400";"3297";"50070.4"
"6954197000";"2169400";"3296";"50078.3"
"6955282000";"2169400";"3297";"50086.3"
"6956362000";"2169400";"3297";"50094.6"
"6957442000";"2169400";"3297";"50102.6"
"6958784000";"2169400";"3297";"50110.9"
"6959863000";"2169400";"3297";"50118.9"
"6960944000";"2199000";"3297";"50127.2"
"6962024000";"2199000";"3297";"50135.1"
"6963109000";"2199000";"3297";"50143.1"
"6964452000";"2199000";"3297";"50152.9"
"6965532000";"2199000";"3297";"50160.9"
"6966613000";"2199000";"3297";"50168.8"
"6967692000";"2227400";"3297";"50176.8"
"6968773000";"2227400";"3297";"50185.1"
"6970116000";"2227400";"3297";"50193.5"
"6971196000";"2227400";"3297";"50201.4"
"6972277000";"2227400";"3297";"50209.4"
"6973362000";"2227400";"3297";"50217.3"
"6974441000";"2227400";"3297";"50225.3"
"6975784000";"2126500";"3297";"50233.6"
"6976865000";"2126500";"3297";"50241.5"
"6977945000";"2126500";"3297";"50249.9"
"6979025000";"2126500";"3297";"50257.8"
"6980105000";"2126500";"3297";"50265.8"
"6981448000";"2126500";"3297";"50274.1"
"6982528000";"2126500";"3297";"50282.4"
"6983614000";"2197900";"3297";"50290.4"
"6984695000";"2197900";"3297";"50298.3"
"6985774000";"2197900";"3297";"50306.3"
"6987117000";"2197900";"3297";"50316.1"
"6988197000";"2197900";"3297";"50324.1"
"6989277000";"2197900";"3297";"50332.0"
"6990357000";"2229300";"3297";"50340.0"
"6991438000";"2229300";"3297";"50347.9"
"6992781000";"2229300";"3297";"50356.3"
"6993866000";"2229300";"3297";"50364.6"
"6994947000";"2229300";"3297";"50372.5"
"6996026000";"2229300";"3297";"50380.5"
"6997111000";"2229300";"3297";"50388.4"
"6998453000";"2125300";"3297";"50396.8"
"6999534000";"2125300";"3297";"50405.1"
"7000614000";"2125300";"3297";"50413.1"
"7001694000";"2125300";"3297";"50421.0"
"7002774000";"2125300";"3297";"50429.0"
"7004122000";"2125300";"3297";"50437.3"
"7005202000";"2125300";"3297";"50445.6"
"7006281000";"2198700";"3297";"50453.6"
"7007362000";"2198700";"3297";"50461.5"
"7008441000";"2198700";"3297";"50469.5"
"7009783000";"2198700";"3297";"50477.8"
"7010863000";"2198700";"3297";"50485.7"
"7011942000";"2198700";"3297";"50493.7"
"7013027000";"2198700";"3297";"50502.0"
"7014107000";"2184400";"3297";"50510.0"
"7015450000";"2184400";"3297";"50518.3"
"7016530000";"2184400";"3297";"50526.2"
"7017610000";"2184400";"3297";"50534.2"
"7018690000";"2184400";"3297";"50542.5"
"7019769000";"2184400";"3297";"50550.5"
"7021111000";"2178600";"3297";"50560.3"
"7022191000";"2178600";"3297";"50568.3"
"7023276000";"2178600";"3297";"50576.2"
"7024357000";"2178600";"3297";"50584.2"
"7025437000";"2178600";"3297";"50592.5"
"7026780000";"2178600";"3296";"50602.0"
"7027860000";"2227400";"3296";"50609.9"
"7028940000";"2227400";"3296";"50618.3"
"7030019000";"2227400";"3296";"50626.2"
"7031100000";"2227400";"3296";"50634.2"
"7032442000";"2227400";"3297";"50644.0"
"7033527000";"2227400";"3296";"50652.0"
"7034606000";"2245300";"3296";"50659.9"
"7035686000";"2245300";"3296";"50667.9"
"7036766000";"2245300";"3297";"50675.8"
"7038110000";"2245300";"3297";"50684.5"
"7039194000";"2245300";"3297";"50692.5"
"7040275000";"2245300";"3296";"50700.4"
"7041354000";"2245300";"3297";"50708.4"
"7042435000";"2198500";"3297";"50716.7"
"7043783000";"2198500";"3297";"50725.0"
"7044862000";"2198500";"3297";"50733.0"
"7045941000";"2198500";"3297";"50740.9"
"7047022000";"2198500";"3297";"50748.9"
"7048101000";"2198500";"3297";"50756.8"
"7049445000";"2160300";"3297";"50766.7"
"7050526000";"2160300";"3297";"50774.6"
"7051605000";"2160300";"3296";"50782.6"
"7052685000";"2160300";"3297";"50790.9"
"7053770000";"2160300";"3297";"50798.9"
"7055113000";"2160300";"3297";"50807.2"
"7056193000";"2160300";"3297";"50815.2"
"7057272000";"2184100";"3297";"50823.1"
"7058352000";"2184100";"3297";"50831.4"
"7059431000";"2184100";"3296";"50839.4"
"7060775000";"2184100";"3296";"50847.7"
"7061854000";"2184100";"3296";"50855.7"
"7062940000";"2184100";"3296";"50864.0"
"7064020000";"2184100";"3296";"50872.0"
"7065100000";"2198500";"3296";"50879.9"
"7066442000";"2198500";"3296";"50889.7"
"7067523000";"2198500";"3296";"50897.7"
"7068602000";"2198500";"3296";"50905.7"
"7069682000";"2198500";"3296";"50913.6"
"7070761000";"2198500";"3296";"50921.9"
"7072105000";"2162100";"3296";"50929.9"
"7073191000";"2162100";"3296";"50938.2"
"7074271000";"2162100";"3296";"50946.2"
"7075351000";"2162100";"3296";"50954.1"
"7076431000";"2162100";"3296";"50962.1"
"7077774000";"2162100";"3296";"50970.4"
"7078855000";"2162100";"3296";"50978.7"
"7079934000";"2198100";"3296";"50986.7"
"7081020000";"2198100";"3296";"50994.6"
"7082099000";"2198100";"3296";"51003.0"
"7083448000";"2198100";"3296";"51011.3"
"7084527000";"2198100";"3296";"51019.2"
"7085607000";"2198100";"3296";"51027.2"
"7086688000";"2198100";"3296";"51035.1"
"7087767000";"2182500";"3296";"51043.1"
"7089110000";"2182500";"3296";"51051.4"
"7090190000";"2182500";"3296";"51059.4"
"7091269000";"2182500";"3296";"51067.7"
"7092350000";"2182500";"3296";"51075.6"
"7093436000";"2182500";"3296";"51083.6"
"7094778000";"2182500";"3295";"51091.9"
"7095858000";"2126900";"3295";"51099.9"
"7096937000";"2126900";"3295";"51107.8"
"7098018000";"2126900";"3295";"51116.2"
"7099097000";"2126900";"3295";"51124.1"
"7100439000";"2126900";"3295";"51132.4"
"7101518000";"2126900";"3295";"51140.4"
"7102599000";"2126900";"3295";"51148.7"
"7103683000";"2199200";"3295";"51156.7"
"7104763000";"2199200";"3295";"51164.6"
"7106106000";"2199200";"3295";"51172.9"
"7107186000";"2199200";"3295";"51180.9"
"7108265000";"2199200";"3295";"51189.2"
"7109344000";"2199200";"3295";"51197.2"
"7110424000";"2199200";"3295";"51205.1"
"7111766000";"2186100";"3295";"51215.0"
"7112852000";"2186100";"3295";"51222.9"
"7113932000";"2186100";"3295";"51230.9"
"7115013000";"2186100";"3295";"51238.8"
"7116092000";"2186100";"3295";"51246.8"
"7117436000";"2186100";"3295";"51256.6"
"7118516000";"2244100";"3295";"51265.0"
"7119596000";"2244100";"3296";"51272.9"
"7120676000";"2244100";"3296";"51280.9"
"7121757000";"2244100";"3296";"51289.2"
"7123109000";"2244100";"3296";"51297.5"
"7124188000";"2244100";"3296";"51305.5"
"7125268000";"2244100";"3296";"51313.4"
"7126348000";"2182600";"3296";"51321.4"
"7127429000";"2182600";"3296";"51329.7"
"7128771000";"2182600";"3296";"51337.6"
"7129852000";"2182600";"3296";"51346.0"
"7130932000";"2182600";"3296";"51353.9"
"7132012000";"2182600";"3296";"51361.9"
"7133097000";"2182600";"3296";"51369.8"
"7134440000";"2126500";"3296";"51378.2"
"7135521000";"2126500";"3296";"51386.5"
"7136601000";"2126500";"3296";"51394.4"
"7137680000";"2126500";"3296";"51402.4"
"7138761000";"2126500";"3296";"51410.3"
"7140104000";"2126500";"3296";"51420.2"
"7141184000";"2263300";"3296";"51428.5"
"7142264000";"2263300";"3296";"51436.5"
"7143349000";"2263300";"3296";"51444.4"
"7144430000";"2263300";"3296";"51452.4"
"7145772000";"2263300";"3296";"51460.7"
"7146853000";"2263300";"3296";"51468.7"
"7147934000";"2263300";"3297";"51477.0"
"7149014000";"2183200";"3297";"51484.9"
"7150093000";"2183200";"3297";"51492.9"
"7151435000";"2183200";"3297";"51501.2"
"7152515000";"2183200";"3297";"51509.2"
"7153600000";"2183200";"3297";"51517.1"
"7154680000";"2183200";"3297";"51525.5"
"7155760000";"2183200";"3297";"51533.4"
"7157102000";"2184700";"3297";"51543.2"
"7158182000";"2184700";"3297";"51551.2"
"7159262000";"2184700";"3297";"51559.2"
"7160343000";"2184700";"3297";"51567.1"
"7161423000";"2184700";"3297";"51575.4"
"7162766000";"2184700";"3297";"51583.8"
"7163850000";"2184700";"3297";"51591.7"
"7164935000";"2182300";"3297";"51599.7"
"7166016000";"2182300";"3297";"51607.6"
"7167096000";"2182300";"3297";"51615.6"
"7168439000";"2182300";"3297";"51623.9"
"7169519000";"2182300";"3297";"51632.2"
"7170599000";"2182300";"3297";"51640.2"
"7171678000";"2182300";"3297";"51648.1"
"7172758000";"2185300";"3297";"51656.1"
"7174106000";"2185300";"3297";"51664.4"
"7175186000";"2185300";"3297";"51672.4"
"7176266000";"2185300";"3297";"51680.7"
"7177347000";"2185300";"3297";"51688.6"
"7178426000";"2185300";"3297";"51696.6"
"7179769000";"2185300";"3297";"51704.9"
"7180848000";"2141100";"3297";"51713.2"
"7181929000";"2141100";"3297";"51721.2"
"7183014000";"2141100";"3297";"51729.1"
"7184094000";"2141100";"3297";"51737.5"
"7185437000";"2141100";"3297";"51745.8"
"7186517000";"2141100";"3297";"51753.8"
"7187596000";"2141100";"3297";"51761.7"
"7188675000";"2184100";"3297";"51769.7"
"7189755000";"2184100";"3297";"51777.6"
"7191098000";"2184100";"3297";"51785.9"
"7192178000";"2184100";"3297";"51793.9"
"7193264000";"2184100";"3297";"51801.8"
"7194345000";"2184100";"3297";"51810.2"
"7195424000";"2184100";"3297";"51818.1"
"7196767000";"2126500";"3297";"51826.4"
"7197847000";"2126500";"3297";"51834.4"
"7198928000";"2126500";"3297";"51842.3"
"7200007000";"2126500";"3297";"51850.7"
"7201087000";"2126500";"3297";"51858.6"
"7202429000";"2126500";"3297";"51866.9"
"7203515000";"2126500";"3297";"51874.9"
"7204595000";"2198700";"3297";"51883.2"
"7205675000";"2198700";"3297";"51891.2"
"7206761000";"2198700";"3297";"51899.1"
"7208103000";"2198700";"3297";"51907.5"
"7209184000";"2198700";"3297";"51915.4"
"7210263000";"2198700";"3297";"51923.4"
"7211344000";"2198700";"3296";"51931.3"
"7212424000";"2168800";"3296";"51939.3"
"7213772000";"2168800";"3296";"51947.6"
"7214853000";"2168800";"3296";"51955.9"
"7215932000";"2168800";"3296";"51963.9"
"7217012000";"2168800";"3296";"51971.8"
"7218092000";"2168800";"3296";"51979.8"
"7219435000";"2168800";"3296";"51988.1"
"7220515000";"2141000";"3296";"51996.4"
"7221595000";"2141000";"3296";"52004.4"
"7222675000";"2141000";"3296";"52012.3"
"7223760000";"2141000";"3296";"52020.7"
"7225103000";"2141000";"3296";"52029.0"
"7226182000";"2141000";"3296";"52036.9"
"7227262000";"2141000";"3296";"52044.9"
"7228341000";"2184300";"3296";"52052.8"
"7229420000";"2184300";"3296";"52060.8"
"7230763000";"2184300";"3296";"52070.6"
"7231843000";"2184300";"3296";"52078.6"
"7232930000";"2184300";"3296";"52086.5"
"7234010000";"2184300";"3296";"52094.9"
"7235089000";"2244900";"3296";"52102.8"
"7236432000";"2244900";"3296";"52111.2"
"7237511000";"2244900";"3296";"52119.1"
"7238591000";"2244900";"3296";"52127.1"
"7239671000";"2244900";"3296";"52135.4"
"7240752000";"2244900";"3296";"52143.3"
"7242094000";"2244900";"3296";"52151.7"
"7243180000";"2126700";"3296";"52159.6"
"7244259000";"2126700";"3296";"52167.9"
"7245340000";"2126700";"3296";"52175.9"
"7246420000";"2126700";"3296";"52183.9"
"7247762000";"2126700";"3296";"52192.2"
"7248847000";"2126700";"3296";"52200.1"
"7249926000";"2126700";"3296";"52208.1"
"7251006000";"2184300";"3296";"52216.0"
"7252086000";"2184300";"3296";"52224.4"
"7253434000";"2184300";"3296";"52232.7"
"7254515000";"2184300";"3296";"52240.6"
"7255594000";"2184300";"3296";"52248.6"
"7256674000";"2184300";"3296";"52256.5"
"7257755000";"2184300";"3296";"52264.9"
"7259097000";"2141000";"3296";"52273.2"
"7260177000";"2141000";"3296";"52281.1"
"7261257000";"2141000";"3296";"52289.1"
"7262338000";"2141000";"3296";"52297.4"
"7263422000";"2141000";"3296";"52305.4"
"7264764000";"2141000";"3296";"52313.7"
"7265845000";"2141000";"3296";"52321.7"
"7266924000";"2184100";"3296";"52329.6"
"7268004000";"2184100";"3296";"52337.6"
"7269090000";"2184100";"3297";"52345.9"
"7270433000";"2184100";"3297";"52353.8"
"7271513000";"2184100";"3297";"52362.2"
"7272594000";"2184100";"3297";"52370.1"
"7273680000";"2184100";"3297";"52378.1"
"7274760000";"2196500";"3297";"52386.4"
"7276102000";"2196500";"3297";"52394.7"
"7277181000";"2196500";"3297";"52402.7"
"7278261000";"2196500";"3297";"52410.6"
"7279341000";"2196500";"3297";"52419.0"
"7280421000";"2196500";"3297";"52426.9"
"7281764000";"2196500";"3297";"52435.2"
"7282844000";"2128600";"3297";"52443.2"
"7283930000";"2128600";"3297";"52451.5"
"7285010000";"2128600";"3297";"52459.5"
"7286090000";"2128600";"3297";"52467.4"
"7287433000";"2128600";"3297";"52475.7"
"7288513000";"2128600";"3297";"52483.7"
"7289592000";"2128600";"3297";"52491.6"
"7290677000";"2182500";"3297";"52499.6"
"7291757000";"2182500";"3297";"52507.9"
"7293105000";"2182500";"3297";"52516.3"
"7294185000";"2182500";"3297";"52524.2"
"7295264000";"2182500";"3297";"52532.2"
"7296345000";"2182500";"3297";"52540.5"
"7297425000";"2182500";"3297";"52548.4"
"7298767000";"2198300";"3297";"52558.3"
"7299847000";"2198300";"3297";"52566.2"
"7300926000";"2198300";"3297";"52574.2"
"7302007000";"2198300";"3297";"52582.5"
"7303091000";"2198300";"3297";"52590.5"
"7304434000";"2198300";"3297";"52598.8"
"7305514000";"2198300";"3297";"52606.8"
"7306594000";"2199000";"3297";"52615.1"
"7307674000";"2199000";"3297";"52623.0"
"7308754000";"2199000";"3297";"52631.0"
"7310097000";"2199000";"3297";"52639.3"
"7311177000";"2199000";"3297";"52647.3"
"7312257000";"2199000";"3297";"52655.2"
"7313342000";"2199000";"3297";"52663.2"
"7314421000";"2183900";"3297";"52671.5"
"7315764000";"2183900";"3297";"52679.8"
"7316844000";"2183900";"3297";"52687.8"
"7317924000";"2183900";"3297";"52695.7"
"7319004000";"2183900";"3297";"52703.7"
"7320085000";"2183900";"3297";"52712.0"
"7321428000";"2183900";"3297";"52720.3"
"7322508000";"2127700";"3297";"52728.3"
"7323594000";"2127700";"3297";"52736.2"
"7324673000";"2127700";"3297";"52744.6"
"7325753000";"2127700";"3297";"52752.5"
"7327095000";"2127700";"3297";"52762.0"
"7328175000";"2127700";"3297";"52770.3"
"7329255000";"2245100";"3297";"52778.3"
"7330334000";"2245100";"3297";"52786.2"
"7331414000";"2245100";"3297";"52794.2"
"7332761000";"2245100";"3297";"52802.5"
"7333845000";"2245100";"3297";"52810.4"
"7334926000";"2245100";"3297";"52818.8"
"7336005000";"2245100";"3297";"52826.7"
"7337085000";"2183400";"3297";"52834.7"
"7338427000";"2183400";"3297";"52843.0"
"7339507000";"2183400";"3297";"52851.0"
"7340588000";"2183400";"3297";"52859.3"
"7341668000";"2183400";"3296";"52867.2"
"7342748000";"2183400";"3296";"52875.2"
"7344096000";"2183400";"3296";"52883.5"
"7345176000";"2141000";"3296";"52891.8"
"7346256000";"2141000";"3296";"52899.8"
"7347335000";"2141000";"3297";"52907.8"
"7348415000";"2141000";"3296";"52915.7"
"7349757000";"2141000";"3296";"52924.0"
"7350836000";"2141000";"3296";"52932.0"
"7351916000";"2141000";"3296";"52939.9"
"7353002000";"2184400";"3296";"52948.3"
"7354081000";"2184400";"3296";"52956.2"
"7355424000";"2184400";"3296";"52964.5"
"7356503000";"2184400";"3296";"52972.5"
"7357583000";"2184400";"3296";"52980.8"
"7358663000";"2184400";"3296";"52988.8"
"7359742000";"2184400";"3296";"52996.7"
"7361084000";"2128900";"3296";"53005.0"
"7362164000";"2128900";"3296";"53013.4"
"7363249000";"2128900";"3296";"53021.3"
"7364329000";"2128900";"3296";"53029.3"
"7365409000";"2128900";"3296";"53037.2"
"7366752000";"2128900";"3296";"53047.1"
"7367832000";"2244900";"3296";"53055.0"
"7368912000";"2244900";"3296";"53063.0"
"7369992000";"2244900";"3296";"53070.9"
"7371072000";"2244900";"3296";"53079.3"
"7372414000";"2244900";"3296";"53087.6"
"7373499000";"2244900";"3296";"53095.5"
"7374584000";"2244900";"3296";"53103.5"
"7375664000";"2182800";"3296";"53111.4"
"7376743000";"2182800";"3296";"53119.8"
"7378087000";"2182800";"3296";"53128.1"
"7379166000";"2182800";"3296";"53136.1"
"7380246000";"2182800";"3296";"53144.0"
"7381326000";"2182800";"3296";"53152.3"
"7382405000";"2182800";"3296";"53160.3"
"7383753000";"2141500";"3296";"53168.6"
"7384832000";"2141500";"3296";"53176.6"
"7385912000";"2141500";"3296";"53184.9"
"7386992000";"2141500";"3296";"53192.8"
"7388073000";"2141500";"3296";"53200.8"
"7389415000";"2141500";"3296";"53209.1"
"7390496000";"2141500";"3296";"53217.1"
"7391576000";"2185200";"3296";"53225.0"
"7392656000";"2185200";"3296";"53233.0"
"7393742000";"2185200";"3296";"53241.3"
"7395084000";"2185200";"3296";"53250.8"
"7396163000";"2185200";"3296";"53258.7"
"7397244000";"2185200";"3296";"53267.1"
"7398323000";"2244900";"3296";"53275.0"
"7399402000";"2244900";"3296";"53283.0"
"7400746000";"2244900";"3296";"53292.8"
"7401826000";"2244900";"3296";"53301.1"
"7402911000";"2244900";"3296";"53309.1"
"7403991000";"2244900";"3296";"53317.0"
"7405071000";"2244900";"3296";"53325.0"
"7406413000";"2244900";"3296";"53333.3"
"7407493000";"2244900";"3296";"53341.3"
"7408574000";"2244900";"3296";"53349.6"
"7409653000";"2244900";"3296";"53357.6"
"7410734000";"2244900";"3296";"53365.5"
"7412076000";"2244900";"3296";"53373.8"
"7413161000";"2126900";"3296";"53381.8"
"7414241000";"2126900";"3296";"53389.7"
"7415321000";"2126900";"3296";"53397.7"
"7416405000";"2126900";"3296";"53406.0"
"7417747000";"2126900";"3296";"53414.3"
"7418827000";"2126900";"3296";"53422.3"
"7419907000";"2126900";"3296";"53430.2"
"7420986000";"2199400";"3296";"53438.6"
"7422066000";"2199400";"3296";"53446.5"
"7423414000";"2199400";"3296";"53454.8"
"7424493000";"2199400";"3296";"53462.8"
"7425574000";"2199400";"3296";"53470.8"
"7426653000";"2199400";"3296";"53479.1"
"7427733000";"2199400";"3297";"53487.0"
"7429075000";"2127400";"3296";"53495.4"
"7430155000";"2127400";"3296";"53503.3"
"7431235000";"2127400";"3296";"53511.3"
"7432316000";"2127400";"3296";"53519.2"
"7433401000";"2127400";"3296";"53527.5"
"7434745000";"2127400";"3296";"53535.5"
"7435824000";"2127400";"3296";"53543.8"
"7436903000";"2183700";"3297";"53551.8"
"7437983000";"2183700";"3296";"53559.7"
"7439063000";"2183700";"3296";"53568.1"
"7440405000";"2183700";"3297";"53576.4"
"7441485000";"2183700";"3297";"53584.3"
"7442565000";"2183700";"3297";"53592.3"
"7443651000";"2183700";"3297";"53600.6"
"7444730000";"2198800";"3296";"53608.6"
"7446073000";"2198800";"3296";"53616.9"
"7447152000";"2198800";"3296";"53624.8"
"7448233000";"2198800";"3296";"53632.8"
"7449312000";"2198800";"3297";"53641.1"
"7450391000";"2198800";"3296";"53649.1"
"7451734000";"2198800";"3297";"53657.4"
"7452814000";"2128700";"3297";"53665.4"
"7453898000";"2128700";"3297";"53673.3"
"7454979000";"2128700";"3297";"53681.3"
"7456060000";"2128700";"3297";"53689.6"
"7457403000";"2128700";"3297";"53697.9"
"7458488000";"2128700";"3297";"53705.9"
"7459568000";"2128700";"3297";"53713.8"
"7460648000";"2196900";"3297";"53722.1"
"7461728000";"2196900";"3297";"53730.1"
"7463076000";"2196900";"3297";"53738.4"
"7464156000";"2196900";"3297";"53746.4"
"7465236000";"2196900";"3297";"53754.3"
"7466316000";"2196900";"3297";"53762.7"
"7467395000";"2196900";"3297";"53770.6"
"7468738000";"2126900";"3297";"53778.9"
"7469818000";"2126900";"3297";"53786.9"
"7470899000";"2126900";"3297";"53794.8"
"7471978000";"2126900";"3297";"53802.8"
"7473064000";"2126900";"3297";"53810.7"
"7474407000";"2126900";"3297";"53819.1"
"7475487000";"2126900";"3297";"53827.4"
"7476567000";"2183700";"3297";"53835.3"
"7477646000";"2183700";"3297";"53843.3"
"7478726000";"2183700";"3297";"53851.2"
"7480070000";"2183700";"3297";"53860.0"
"7481150000";"2183700";"3297";"53867.9"
"7482229000";"2183700";"3297";"53875.9"
"7483315000";"2183700";"3297";"53883.8"
"7484394000";"2198700";"3297";"53892.1"
"7485737000";"2198700";"3297";"53900.5"
"7486818000";"2198700";"3297";"53908.4"
"7487898000";"2198700";"3297";"53916.4"
"7488977000";"2198700";"3297";"53924.3"
"7490057000";"2198700";"3297";"53932.3"
"7491401000";"2198700";"3297";"53940.6"
"7492481000";"2113600";"3296";"53948.5"
"7493566000";"2113600";"3296";"53956.9"
"7494646000";"2113600";"3297";"53964.8"
"7495726000";"2113600";"3296";"53972.8"
"7497068000";"2113600";"3296";"53982.6"
"7498149000";"2113600";"3296";"53990.6"
"7499229000";"2244700";"3296";"53998.5"
"7500314000";"2244700";"3296";"54006.9"
"7501394000";"2244700";"3296";"54014.8"
"7502736000";"2244700";"3296";"54023.1"
"7503822000";"2244700";"3296";"54031.1"
"7504901000";"2244700";"3296";"54039.4"
"7505981000";"2244700";"3296";"54047.4"
"7507061000";"2197600";"3296";"54055.3"
"7508404000";"2197600";"3296";"54065.2"
"7509484000";"2197600";"3296";"54073.1"
"7510563000";"2197600";"3296";"54081.1"
"7511644000";"2197600";"3296";"54089.0"
"7512724000";"2197600";"3296";"54097.0"
"7514072000";"2225800";"3296";"54106.8"
"7515153000";"2225800";"3296";"54114.8"
"7516233000";"2225800";"3296";"54122.7"
"7517313000";"2225800";"3296";"54131.1"
"7518393000";"2225800";"3296";"54139.0"
"7519735000";"2225800";"3296";"54147.3"
"7520814000";"2225800";"3296";"54155.3"
"7521893000";"2200500";"3296";"54163.6"
"7522979000";"2200500";"3295";"54171.6"
"7524059000";"2200500";"3295";"54179.9"
"7525402000";"2200500";"3295";"54188.2"
"7526482000";"2200500";"3296";"54196.2"
"7527562000";"2200500";"3296";"54204.1"
"7528642000";"2200500";"3296";"54212.1"
"7529721000";"2183900";"3296";"54220.0"
"7531065000";"2183900";"3296";"54229.9"
"7532144000";"2183900";"3296";"54237.8"
"7533228000";"2183900";"3296";"54245.8"
"7534308000";"2183900";"3296";"54253.7"
"7535388000";"2183900";"3296";"54262.1"
"7536730000";"2177000";"3296";"54270.4"
"7537811000";"2177000";"3296";"54278.3"
"7538891000";"2177000";"3296";"54286.3"
"7539971000";"2177000";"3296";"54294.6"
"7541051000";"2177000";"3296";"54302.6"
"7542399000";"2177000";"3296";"54312.4"
"7543484000";"2242800";"3296";"54320.4"
"7544565000";"2242800";"3296";"54328.3"
"7545645000";"2242800";"3296";"54336.3"
"7546725000";"2242800";"3296";"54344.6"
"7548068000";"2242800";"3296";"54352.6"
"7549148000";"2242800";"3296";"54360.9"
"7550228000";"2242800";"3296";"54368.8"
"7551308000";"2185000";"3296";"54376.8"
"7552388000";"2185000";"3296";"54384.7"
"7553737000";"2185000";"3296";"54393.1"
"7554817000";"2185000";"3296";"54401.4"
"7555897000";"2185000";"3296";"54409.3"
"7556976000";"2185000";"3296";"54417.3"
"7558055000";"2185000";"3296";"54425.3"
"7559399000";"2126700";"3296";"54433.6"
"7560479000";"2126700";"3296";"54441.9"
"7561559000";"2126700";"3296";"54449.9"
"7562638000";"2126700";"3296";"54457.8"
"7563724000";"2126700";"3296";"54466.1"
"7565066000";"2126700";"3296";"54474.5"
"7566145000";"2126700";"3296";"54482.4"
"7567225000";"2199200";"3296";"54490.4"
"7568305000";"2199200";"3296";"54498.3"
"7569385000";"2199200";"3296";"54506.3"
"7570728000";"2199200";"3296";"54514.6"
"7571808000";"2199200";"3296";"54522.5"
"7572893000";"2199200";"3296";"54530.9"
"7573973000";"2199200";"3296";"54538.8"
"7575052000";"2184300";"3296";"54546.8"
"7576395000";"2184300";"3296";"54555.1"
"7577475000";"2184300";"3296";"54563.1"
"7578555000";"2184300";"3296";"54571.0"
"7579635000";"2184300";"3296";"54579.3"
"7580714000";"2184300";"3296";"54587.3"
"7582057000";"2178400";"3296";"54597.1"
"7583142000";"2178400";"3296";"54605.1"
"7584227000";"2178400";"3296";"54613.4"
"7585306000";"2178400";"3296";"54621.4"
"7586387000";"2178400";"3296";"54629.3"
"7587730000";"2178400";"3296";"54637.6"
"7588810000";"2178400";"3296";"54645.6"
"7589890000";"2182500";"3296";"54653.6"
"7590970000";"2182500";"3296";"54661.5"
"7592050000";"2182500";"3296";"54669.5"
"7593399000";"2182500";"3296";"54679.3"
"7594479000";"2182500";"3296";"54687.3"
"7595559000";"2182500";"3296";"54695.6"
"7596640000";"2244100";"3296";"54703.5"
"7597719000";"2244100";"3296";"54711.5"
"7599061000";"2244100";"3296";"54721.3"
"7600141000";"2244100";"3296";"54729.3"
"7601221000";"2244100";"3296";"54737.6"
"7602301000";"2244100";"3296";"54745.6"
"7603386000";"2245300";"3296";"54753.5"
"7604729000";"2245300";"3296";"54761.8"
"7605809000";"2245300";"3296";"54769.8"
"7606889000";"2245300";"3296";"54778.1"
"7607970000";"2245300";"3296";"54786.1"
"7609050000";"2245300";"3296";"54794.0"
"7610393000";"2245300";"3296";"54802.4"
"7611472000";"2127900";"3296";"54810.3"
"7612552000";"2127900";"3296";"54818.3"
"7613637000";"2127900";"3296";"54826.2"
"7614717000";"2127900";"3296";"54834.5"
"7616060000";"2127900";"3296";"54842.9"
"7617141000";"2127900";"3296";"54850.8"
"7618220000";"2127900";"3296";"54858.8"
"7619300000";"2183900";"3296";"54866.7"
"7620380000";"2183900";"3296";"54875.1"
"7621722000";"2183900";"3296";"54883.4"
"7622803000";"2183900";"3296";"54891.3"
"7623888000";"2183900";"3296";"54899.3"
"7624969000";"2183900";"3296";"54907.6"
"7626053000";"2183900";"3296";"54915.6"
"7627395000";"2139800";"3296";"54923.9"
"7628474000";"2139800";"3297";"54931.8"
"7629555000";"2139800";"3296";"54939.8"
"7630635000";"2139800";"3296";"54947.7"
"7631715000";"2139800";"3297";"54956.1"
"7633064000";"2139800";"3297";"54964.4"
"7634144000";"2139800";"3297";"54972.4"
"7635224000";"2183700";"3297";"54980.3"
"7636304000";"2183700";"3296";"54988.3"
"7637383000";"2183700";"3297";"54996.6"
"7638726000";"2183700";"3296";"55006.1"
"7639806000";"2183700";"3297";"55014.4"
"7640887000";"2183700";"3297";"55022.3"
"7641967000";"2246400";"3296";"55030.3"
"7643052000";"2246400";"3296";"55038.6"
"7644395000";"2246400";"3296";"55046.9"
"7645475000";"2246400";"3296";"55054.9"
"7646556000";"2246400";"3297";"55062.8"
"7647635000";"2246400";"3297";"55070.8"
"7648716000";"2246400";"3296";"55078.8"
"7650059000";"2126400";"3296";"55087.1"
"7651139000";"2126400";"3297";"55095.0"
"7652220000";"2126400";"3297";"55103.4"
"7653305000";"2126400";"3297";"55111.3"
"7654385000";"2126400";"3297";"55119.3"
"7655726000";"2126400";"3297";"55127.6"
"7656806000";"2126400";"3297";"55135.5"
"7657886000";"2184100";"3297";"55143.5"
"7658967000";"2184100";"3297";"55151.8"
"7660047000";"2184100";"3297";"55159.8"
"7661389000";"2184100";"3297";"55168.1"
"7662469000";"2184100";"3297";"55176.4"
"7663554000";"2184100";"3297";"55184.4"
"7664634000";"2184100";"3297";"55192.3"
"7665714000";"2198700";"3297";"55200.3"
"7667056000";"2198700";"3297";"55210.1"
"7668141000";"2198700";"3297";"55218.1"
"7669222000";"2198700";"3297";"55226.0"
"7670302000";"2198700";"3297";"55234.0"
"7671382000";"2198700";"3297";"55242.3"
"7672725000";"2159900";"3297";"55250.3"
"7673811000";"2159900";"3297";"55258.6"
"7674891000";"2159900";"3297";"55266.5"
"7675971000";"2159900";"3297";"55274.5"
"7677050000";"2159900";"3297";"55282.4"
"7678393000";"2159900";"3297";"55290.8"
"7679474000";"2159900";"3297";"55299.1"
"7680554000";"2198300";"3297";"55307.1"
"7681634000";"2198300";"3297";"55315.0"
"7682714000";"2198300";"3297";"55323.3"
"7684063000";"2198300";"3297";"55331.7"
"7685143000";"2198300";"3297";"55339.6"
"7686222000";"2198300";"3297";"55347.6"
"7687302000";"2198300";"3297";"55355.5"
"7688382000";"2183900";"3297";"55363.5"
"7689725000";"2183900";"3297";"55371.8"
"7690805000";"2183900";"3297";"55379.7"
"7691886000";"2183900";"3297";"55388.1"
"7692970000";"2183900";"3297";"55396.0"
"7694051000";"2183900";"3297";"55404.0"
"7695394000";"2183900";"3297";"55412.3"
"7696474000";"2140600";"3297";"55420.6"
"7697555000";"2140600";"3297";"55428.6"
"7698634000";"2140600";"3297";"55436.5"
"7699714000";"2140600";"3297";"55444.5"
"7701057000";"2140600";"3297";"55452.8"
"7702136000";"2140600";"3297";"55461.1"
"7703222000";"2140600";"3297";"55469.1"
"7704301000";"2184300";"3297";"55477.0"
"7705381000";"2184300";"3297";"55485.4"
"7706725000";"2184300";"3297";"55493.3"
"7707804000";"2184300";"3297";"55501.7"
"7708884000";"2184300";"3297";"55509.6"
"7709968000";"2184300";"3297";"55517.6"
"7711047000";"2184300";"3297";"55525.5"
"7712391000";"2127000";"3297";"55533.8"
"7713477000";"2127000";"3297";"55541.8"
"7714557000";"2127000";"3296";"55549.7"
"7715637000";"2127000";"3296";"55558.1"
"7716716000";"2127000";"3296";"55566.0"
"7718059000";"2127000";"3297";"55574.3"
"7719139000";"2127000";"3296";"55582.3"
"7720219000";"2183700";"3297";"55590.2"
"7721300000";"2183700";"3297";"55598.6"
"7722380000";"2183700";"3297";"55606.5"
"7723728000";"2183700";"3297";"55614.8"
"7724807000";"2183700";"3297";"55622.8"
"7725888000";"2183700";"3297";"55631.1"
"7726968000";"2183700";"3297";"55639.1"
"7728048000";"2198500";"3297";"55647.0"
"7729390000";"2198500";"3297";"55656.9"
"7730470000";"2198500";"3297";"55664.8"
"7731550000";"2198500";"3297";"55672.8"
"7732630000";"2198500";"3297";"55680.7"
"7733715000";"2198500";"3297";"55688.7"
"7735058000";"2226000";"3297";"55698.5"
"7736138000";"2226000";"3296";"55706.5"
"7737218000";"2226000";"3296";"55714.4"
"7738299000";"2226000";"3296";"55722.8"
"7739379000";"2226000";"3296";"55730.7"
"7740722000";"2226000";"3296";"55739.0"
"7741801000";"2226000";"3296";"55747.0"
"7742886000";"2198700";"3296";"55755.3"
"7743966000";"2198700";"3296";"55763.3"
"7745045000";"2198700";"3296";"55771.2"
"7746388000";"2198700";"3296";"55779.6"
"7747467000";"2198700";"3296";"55787.5"
"7748548000";"2198700";"3296";"55795.5"
"7749628000";"2198700";"3296";"55803.8"
"7750707000";"2185700";"3296";"55811.7"
"7752055000";"2185700";"3296";"55820.1"
"7753141000";"2185700";"3296";"55828.0"
"7754220000";"2185700";"3296";"55836.0"
"7755300000";"2185700";"3296";"55843.9"
"7756380000";"2185700";"3296";"55851.9"
"7757723000";"2185700";"3296";"55860.2"
"7758803000";"2125300";"3296";"55868.5"
"7759882000";"2125300";"3296";"55876.5"
"7760963000";"2125300";"3296";"55884.4"
"7762042000";"2125300";"3296";"55892.8"
"7763391000";"2125300";"3296";"55902.6"
"7764471000";"2125300";"3296";"55910.6"
"7765551000";"2244900";"3296";"55918.5"
"7766631000";"2244900";"3296";"55926.5"
"7767711000";"2244900";"3296";"55934.4"
"7769054000";"2244900";"3296";"55944.3"
"7770133000";"2244900";"3296";"55952.2"
"7771214000";"2244900";"3296";"55960.2"
"7772295000";"2229100";"3296";"55968.1"
"7773381000";"2229100";"3296";"55976.5"
"7774724000";"2229100";"3296";"55984.8"
"7775803000";"2229100";"3296";"55992.7"
"7776883000";"2229100";"3296";"56000.7"
"7777963000";"2229100";"3296";"56008.6"
"7779044000";"2229100";"3296";"56017.0"
"7780386000";"2140800";"3296";"56025.3"
"7781466000";"2140800";"3296";"56033.2"
"7782546000";"2140800";"3296";"56041.2"
"7783632000";"2140800";"3296";"56049.5"
"7784713000";"2140800";"3296";"56057.5"
"7786056000";"2140800";"3296";"56065.8"
"7787136000";"2140800";"3296";"56073.7"
"7788216000";"2183400";"3296";"56081.7"
"7789296000";"2183400";"3296";"56089.7"
"7790377000";"2183400";"3296";"56098.0"
"7791719000";"2183400";"3296";"56105.9"
"7792800000";"2183400";"3296";"56114.3"
"7793890000";"2183400";"3296";"56122.2"
"7794970000";"2183400";"3296";"56130.2"
"7796049000";"2182500";"3296";"56138.1"
"7797392000";"2182500";"3296";"56148.0"
"7798472000";"2182500";"3296";"56155.9"
"7799552000";"2182500";"3296";"56164.2"
"7800632000";"2182500";"3296";"56172.2"
"7801712000";"2182500";"3296";"56180.2"
"7803060000";"2176400";"3296";"56188.5"
"7804141000";"2176400";"3296";"56196.8"
"7805220000";"2176400";"3296";"56204.8"
"7806300000";"2176400";"3296";"56212.7"
"7807379000";"2176400";"3296";"56220.7"
"7808722000";"2176400";"3296";"56229.0"
"7809802000";"2176400";"3296";"56236.9"
"7810882000";"2185500";"3296";"56244.9"
"7811962000";"2185500";"3296";"56253.2"
"7813048000";"2185500";"3296";"56261.2"
"7814390000";"2185500";"3296";"56269.5"
"7815470000";"2185500";"3296";"56277.4"
"7816551000";"2185500";"3296";"56285.4"
"7817630000";"2185500";"3296";"56293.3"
"7818711000";"2198500";"3296";"56301.7"
"7820053000";"2198500";"3296";"56311.5"
"7821132000";"2198500";"3296";"56319.5"
"7822211000";"2198500";"3296";"56327.4"
"7823298000";"2198500";"3296";"56335.8"
"7824378000";"2198500";"3296";"56343.7"
"7825721000";"2176800";"3297";"56352.0"
"7826801000";"2176800";"3297";"56360.0"
"7827880000";"2176800";"3297";"56367.9"
"7828960000";"2176800";"3297";"56375.9"
"7830041000";"2176800";"3297";"56383.8"
"7831384000";"2176800";"3297";"56393.7"
"7832464000";"2229300";"3297";"56401.6"
"7833550000";"2229300";"3297";"56409.6"
"7834631000";"2229300";"3297";"56417.9"
"7835715000";"2229300";"3297";"56425.9"
"7837056000";"2229300";"3297";"56435.7"
"7838136000";"2229300";"3297";"56443.7"
"7839215000";"2243600";"3297";"56451.6"
"7840296000";"2243600";"3297";"56460.0"
"7841376000";"2243600";"3297";"56467.9"
"7842718000";"2243600";"3297";"56476.2"
"7843804000";"2243600";"3297";"56484.2"
"7844884000";"2243600";"3297";"56492.5"
"7845964000";"2243600";"3297";"56500.5"
"7847044000";"2198300";"3297";"56508.4"
"7848387000";"2198300";"3297";"56516.7"
"7849466000";"2198300";"3297";"56524.7"
"7850546000";"2198300";"3297";"56532.6"
"7851626000";"2198300";"3296";"56540.6"
"7852706000";"2198300";"3297";"56548.9"
"7854055000";"2198300";"3297";"56557.3"
"7855135000";"2126700";"3297";"56565.2"
"7856215000";"2126700";"3297";"56573.2"
"7857295000";"2126700";"3297";"56581.1"
"7858375000";"2126700";"3297";"56589.4"
"7859717000";"2126700";"3297";"56597.8"
"7860796000";"2126700";"3297";"56605.7"
"7861875000";"2126700";"3297";"56613.7"
"7862961000";"2199200";"3297";"56622.0"
"7864041000";"2199200";"3297";"56630.0"
"7865385000";"2199200";"3297";"56638.3"
"7866464000";"2199200";"3297";"56646.2"
"7867545000";"2199200";"3297";"56654.6"
"7868624000";"2199200";"3297";"56662.5"
"7869704000";"2199200";"3297";"56670.5"
"7871047000";"2170900";"3297";"56679.9"
"7872127000";"2170900";"3297";"56688.3"
"7873212000";"2170900";"3297";"56696.2"
"7874292000";"2170900";"3297";"56704.2"
"7875372000";"2170900";"3297";"56712.1"
"7876716000";"2170900";"3297";"56720.4"
"7877801000";"2170900";"3297";"56728.4"
"7878880000";"2197000";"3297";"56736.7"
"7879961000";"2197000";"3297";"56744.7"
"7881041000";"2197000";"3297";"56752.6"
"7882383000";"2197000";"3297";"56760.9"
"7883469000";"2197000";"3297";"56769.3"
"7884549000";"2197000";"3297";"56777.2"
"7885630000";"2197000";"3297";"56785.2"
"7886709000";"2183700";"3297";"56793.1"
"7888052000";"2183700";"3296";"56801.5"
"7889133000";"2183700";"3296";"56809.4"
"7890213000";"2183700";"3296";"56817.4"
"7891292000";"2183700";"3296";"56825.3"
"7892373000";"2183700";"3296";"56833.6"
"7893721000";"2176200";"3296";"56843.5"
"7894801000";"2176200";"3296";"56851.4"
"7895881000";"2176200";"3296";"56859.4"
"7896960000";"2176200";"3296";"56867.4"
"7898040000";"2176200";"3296";"56875.3"
"7899383000";"2176200";"3296";"56885.1"
"7900463000";"2229500";"3296";"56893.1"
"7901543000";"2229500";"3296";"56901.4"
"7902622000";"2229500";"3296";"56909.4"
"7903708000";"2229500";"3296";"56917.3"
"7905050000";"2229500";"3296";"56925.7"
"7906131000";"2229500";"3296";"56933.6"
"7907210000";"2229500";"3296";"56941.6"
"7908290000";"2199000";"3296";"56949.9"
"7909370000";"2199000";"3296";"56957.8"
"7910713000";"2199000";"3296";"56966.2"
"7911794000";"2199000";"3296";"56974.1"
"7912880000";"2199000";"3296";"56982.1"
"7913959000";"2199000";"3296";"56990.0"
"7915040000";"2199000";"3296";"56998.0"
"7916382000";"2112100";"3296";"57006.3"
"7917462000";"2112100";"3296";"57014.2"
"7918542000";"2112100";"3296";"57022.6"
"7919626000";"2112100";"3296";"57030.5"
"7920706000";"2112100";"3296";"57038.5"
"7922049000";"2112100";"3296";"57046.8"
"7923134000";"2112100";"3296";"57054.8"
"7924215000";"2197200";"3296";"57063.1"
"7925294000";"2197200";"3296";"57071.0"
"7926374000";"2197200";"3296";"57079.0"
"7927717000";"2197200";"3296";"57087.3"
"7928796000";"2197200";"3296";"57095.3"
"7929877000";"2197200";"3296";"57103.2"
"7930957000";"2197200";"3296";"57111.2"
"7932037000";"2185300";"3296";"57119.5"
"7933386000";"2185300";"3296";"57129.0"
"7934466000";"2185300";"3296";"57136.9"
"7935546000";"2185300";"3296";"57145.3"
"7936626000";"2185300";"3296";"57153.2"
"7937706000";"2185300";"3296";"57161.2"
"7939049000";"2159700";"3296";"57169.5"
"7940128000";"2159700";"3296";"57177.4"
"7941209000";"2159700";"3296";"57185.8"
"7942288000";"2159700";"3296";"57193.7"
"7943373000";"2159700";"3296";"57201.7"
"7944716000";"2159700";"3296";"57210.0"
"7945795000";"2159700";"3296";"57217.9"
"7946876000";"2184300";"3296";"57225.9"
"7947956000";"2184300";"3296";"57234.2"
"7949036000";"2184300";"3296";"57242.2"
"7950379000";"2184300";"3296";"57251.6"
"7951459000";"2184300";"3296";"57260.0"
"7952540000";"2184300";"3296";"57267.9"
"7953625000";"2244300";"3296";"57275.9"
"7954704000";"2244300";"3296";"57283.8"
"7956047000";"2244300";"3296";"57292.2"
"7957126000";"2244300";"3297";"57300.1"
"7958206000";"2244300";"3296";"57308.1"
"7959285000";"2244300";"3296";"57316.4"
"7960366000";"2244300";"3297";"57324.3"
"7961714000";"2127400";"3297";"57332.7"
"7962793000";"2127400";"3297";"57340.6"
"7963879000";"2127400";"3297";"57348.6"
"7964958000";"2127400";"3297";"57356.9"
"7966038000";"2127400";"3297";"57364.9"
"7967380000";"2127400";"3297";"57373.2"
"7968460000";"2127400";"3297";"57381.1"
"7969540000";"2184300";"3297";"57389.1"
"7970620000";"2184300";"3297";"57397.0"
"7971700000";"2184300";"3297";"57405.0"
"7973049000";"2184300";"3297";"57413.3"
"7974128000";"2184300";"3297";"57421.3"
"7975209000";"2184300";"3297";"57429.2"
"7976289000";"2184300";"3297";"57437.2"
"7977370000";"2183400";"3297";"57445.5"
"7978713000";"2183400";"3297";"57453.8"
"7979794000";"2183400";"3297";"57461.8"
"7980874000";"2183400";"3297";"57469.7"
"7981953000";"2183400";"3297";"57477.7"
"7983038000";"2183400";"3297";"57486.0"
"7984381000";"2176400";"3297";"57495.8"
"7985460000";"2176400";"3297";"57503.8"
"7986540000";"2176400";"3297";"57511.8"
"7987619000";"2176400";"3297";"57519.7"
"7988700000";"2176400";"3297";"57527.7"
"7990043000";"2176400";"3297";"57536.0"
"7991123000";"2176400";"3297";"57543.9"
"7992204000";"2185300";"3297";"57552.3"
"7993290000";"2185300";"3297";"57560.2"
"7994370000";"2185300";"3297";"57568.2"
"7995712000";"2185300";"3297";"57576.5"
"7996792000";"2185300";"3297";"57584.4"
"7997871000";"2185300";"3297";"57592.4"
"7998951000";"2185300";"3297";"57600.7"
"8000031000";"2184100";"3297";"57608.7"
"8001374000";"2184100";"3297";"57617.0"
"8002453000";"2184100";"3297";"57625.0"
"8003544000";"2184100";"3297";"57633.3"
"8004624000";"2184100";"3297";"57641.2"
"8005703000";"2184100";"3296";"57649.2"
"8007045000";"2175400";"3296";"57659.0"
"8008125000";"2175400";"3296";"57667.0"
"8009204000";"2175400";"3296";"57674.9"
"8010283000";"2175400";"3296";"57682.9"
"8011364000";"2175400";"3296";"57690.8"
"8012706000";"2175400";"3296";"57699.2"
"8013792000";"2175400";"3296";"57707.1"
"8014871000";"2169700";"3296";"57715.1"
"8015952000";"2169700";"3296";"57723.4"
"8017032000";"2169700";"3296";"57731.4"
"8018374000";"2169700";"3296";"57739.7"
"8019454000";"2169700";"3296";"57747.6"
"8020533000";"2169700";"3296";"57755.6"
"8021613000";"2169700";"3296";"57763.9"
"8022693000";"2200500";"3296";"57771.9"
"8024041000";"2200500";"3296";"57780.2"
"8025120000";"2200500";"3296";"57788.1"
"8026201000";"2200500";"3296";"57796.5"
"8027281000";"2200500";"3296";"57804.4"
"8028361000";"2200500";"3296";"57812.4"
"8029704000";"2200500";"3296";"57820.7"
"8030784000";"2126700";"3297";"57828.6"
"8031863000";"2126700";"3297";"57836.6"
"8032949000";"2126700";"3297";"57844.6"
"8034029000";"2126700";"3296";"57852.5"
"8035373000";"2126700";"3296";"57860.8"
"8036453000";"2126700";"3296";"57868.8"
"8037534000";"2126700";"3296";"57877.1"
"8038614000";"2183200";"3296";"57885.1"
"8039694000";"2183200";"3296";"57893.0"
"8041036000";"2183200";"3296";"57901.3"
"8042116000";"2183200";"3296";"57909.7"
"8043201000";"2183200";"3296";"57917.6"
"8044280000";"2183200";"3296";"57925.6"
"8045364000";"2183200";"3296";"57933.9"
"8046707000";"2140300";"3297";"57942.2"
"8047787000";"2140300";"3297";"57950.2"
"8048867000";"2140300";"3297";"57958.1"
"8049948000";"2140300";"3297";"57966.1"
"8051027000";"2140300";"3297";"57974.0"
"8052370000";"2140300";"3297";"57982.4"
"8053454000";"2140300";"3297";"57990.3"
"8054535000";"2169300";"3297";"57998.3"
"8055615000";"2169300";"3297";"58006.6"
"8056695000";"2169300";"3297";"58014.5"
"8058037000";"2169300";"3297";"58022.9"
"8059117000";"2169300";"3297";"58030.8"
"8060196000";"2169300";"3297";"58038.8"
"8061276000";"2169300";"3297";"58047.1"
"8062357000";"2200300";"3297";"58055.1"
"8063705000";"2200300";"3297";"58063.4"
"8064786000";"2200300";"3297";"58071.3"
"8065865000";"2200300";"3297";"58079.3"
"8066946000";"2200300";"3297";"58087.6"
"8068026000";"2200300";"3297";"58095.6"
"8069369000";"2200300";"3297";"58103.9"
"8070449000";"2126400";"3297";"58111.8"
"8071529000";"2126400";"3297";"58119.8"
"8072610000";"2126400";"3297";"58127.7"
"8073695000";"2126400";"3297";"58135.7"
"8075038000";"2126400";"3297";"58144.0"
"8076118000";"2126400";"3297";"58152.0"
"8077198000";"2126400";"3297";"58159.9"
"8078278000";"2183500";"3297";"58168.2"
"8079358000";"2183500";"3297";"58176.2"
"8080700000";"2183500";"3297";"58184.5"
"8081779000";"2183500";"3297";"58192.5"
"8082865000";"2183500";"3297";"58200.8"
"8083945000";"2183500";"3297";"58208.8"
"8085024000";"2183500";"3297";"58216.7"
"8086366000";"2127400";"3297";"58225.0"
"8087451000";"2127400";"3297";"58233.0"
"8088531000";"2127400";"3297";"58241.3"
"8089610000";"2127400";"3297";"58249.3"
"8090691000";"2127400";"3297";"58257.2"
"8092034000";"2127400";"3297";"58265.5"
"8093119000";"2127400";"3297";"58273.5"
"8094199000";"2182500";"3297";"58281.4"
"8095280000";"2182500";"3297";"58289.4"
"8096359000";"2182500";"3297";"58297.4"
"8097701000";"2182500";"3297";"58305.7"
"8098780000";"2182500";"3297";"58313.6"
"8099860000";"2182500";"3297";"58321.6"
"8100940000";"2182500";"3297";"58329.9"
"8102020000";"2185900";"3297";"58337.9"
"8103369000";"2185900";"3297";"58347.7"
"8104448000";"2185900";"3297";"58355.7"
"8105527000";"2185900";"3297";"58363.6"
"8106607000";"2185900";"3297";"58371.6"
"8107687000";"2185900";"3297";"58379.5"
"8109030000";"2160300";"3297";"58387.8"
"8110110000";"2160300";"3297";"58395.8"
"8111189000";"2160300";"3297";"58403.7"
"8112270000";"2160300";"3297";"58411.7"
"8113356000";"2160300";"3297";"58419.6"
"8114700000";"2160300";"3297";"58428.0"
"8115780000";"2160300";"3297";"58436.3"
"8116860000";"2183200";"3297";"58444.2"
"8117940000";"2183200";"3297";"58452.2"
"8119020000";"2183200";"3297";"58460.2"
"8120364000";"2183200";"3296";"58468.5"
"8121445000";"2183200";"3297";"58476.8"
"8122524000";"2183200";"3297";"58484.8"
"8123610000";"2183200";"3297";"58492.7"
"8124690000";"2183400";"3296";"58500.7"
"8126034000";"2183400";"3296";"58509.0"
"8127114000";"2183400";"3296";"58516.9"
"8128194000";"2183400";"3296";"58524.9"
"8129279000";"2183400";"3296";"58533.2"
"8130359000";"2183400";"3296";"58541.2"
"8131700000";"2183400";"3296";"58549.5"
"8132780000";"2126900";"3296";"58557.4"
"8133866000";"2126900";"3296";"58565.4"
"8134946000";"2126900";"3296";"58573.4"
"8136025000";"2126900";"3296";"58581.3"
"8137369000";"2126900";"3296";"58589.6"
"8138450000";"2126900";"3296";"58598.0"
"8139530000";"2126900";"3296";"58605.9"
"8140610000";"2183400";"3296";"58613.9"
"8141690000";"2183400";"3296";"58621.8"
"8143038000";"2183400";"3296";"58630.5"
"8144117000";"2183400";"3296";"58638.5"
"8145198000";"2183400";"3296";"58646.4"
"8146277000";"2183400";"3296";"58654.4"
"8147357000";"2183400";"3296";"58662.3"
"8148701000";"2126700";"3296";"58670.6"
"8149781000";"2126700";"3296";"58678.6"
"8150861000";"2126700";"3296";"58686.5"
"8151941000";"2126700";"3296";"58694.5"
"8153026000";"2126700";"3296";"58702.8"
"8154368000";"2126700";"3296";"58711.2"
"8155449000";"2126700";"3296";"58719.1"
"8156529000";"2183900";"3296";"58727.1"
"8157608000";"2183900";"3296";"58735.0"
"8158689000";"2183900";"3296";"58743.0"
"8160031000";"2183900";"3296";"58751.3"
"8161112000";"2183900";"3296";"58759.6"
"8162191000";"2183900";"3296";"58767.6"
"8163276000";"2183900";"3296";"58775.5"
"8164357000";"2198700";"3296";"58783.9"
"8165699000";"2198700";"3296";"58792.2"
"8166779000";"2198700";"3296";"58800.1"
"8167859000";"2198700";"3296";"58808.1"
"8168938000";"2198700";"3296";"58816.0"
"8170018000";"2198700";"3296";"58824.0"
"8171366000";"2198700";"3296";"58832.3"
"8172446000";"2112900";"3296";"58840.3"
"8173530000";"2112900";"3296";"58848.2"
"8174610000";"2112900";"3296";"58856.2"
"8175691000";"2112900";"3296";"58864.1"
"8177034000";"2112900";"3296";"58872.4"
"8178115000";"2112900";"3296";"58880.4"
"8179194000";"2112900";"3296";"58888.7"
"8180274000";"2183700";"3296";"58896.7"
"8181353000";"2183700";"3296";"58904.6"
"8182697000";"2183700";"3296";"58912.9"
"8183782000";"2183700";"3296";"58921.3"
"8184862000";"2183700";"3296";"58929.2"
"8185941000";"2183700";"3296";"58937.2"
"8187021000";"2183700";"3296";"58945.1"
"8188363000";"2184300";"3296";"58955.0"
"8189443000";"2184300";"3296";"58962.9"
"8190522000";"2184300";"3296";"58970.9"
"8191603000";"2184300";"3296";"58978.8"
"8192682000";"2184300";"3296";"58986.8"
"8194031000";"2184300";"3296";"58995.1"
"8195111000";"2184300";"3296";"59003.1"
"8196190000";"2169300";"3296";"59011.0"
"8197271000";"2169300";"3296";"59019.0"
"8198352000";"2169300";"3296";"59026.9"
"8199694000";"2169300";"3296";"59036.8"
"8200775000";"2169300";"3296";"59044.7"
"8201855000";"2169300";"3296";"59053.0"
"8202940000";"2244300";"3296";"59061.0"
"8204020000";"2244300";"3296";"59069.3"
"8205363000";"2244300";"3296";"59077.7"
"8206442000";"2244300";"3296";"59085.6"
"8207523000";"2244300";"3296";"59093.6"
"8208602000";"2244300";"3296";"59101.5"
"8209682000";"2244300";"3296";"59109.5"
"8211026000";"2128100";"3296";"59117.8"
"8212105000";"2128100";"3296";"59125.7"
"8213196000";"2128100";"3296";"59134.1"
"8214276000";"2128100";"3296";"59142.0"
"8215356000";"2128100";"3296";"59150.0"
"8216698000";"2128100";"3296";"59158.3"
"8217779000";"2128100";"3296";"59166.2"
"8218858000";"2182500";"3296";"59174.2"
"8219938000";"2182500";"3296";"59182.5"
"8221018000";"2182500";"3296";"59190.5"
"8222361000";"2182500";"3296";"59200.3"
"8223446000";"2182500";"3296";"59208.3"
"8224526000";"2182500";"3296";"59216.2"
"8225606000";"2244900";"3296";"59224.2"
"8226686000";"2244900";"3296";"59232.5"
"8228028000";"2244900";"3296";"59240.5"
"8229109000";"2244900";"3296";"59248.8"
"8230188000";"2244900";"3296";"59256.7"
"8231267000";"2244900";"3296";"59264.7"
"8232348000";"2244900";"3296";"59272.6"
"8233696000";"2126900";"3296";"59281.0"
"8234776000";"2126900";"3296";"59288.9"
"8235855000";"2126900";"3296";"59296.9"
"8236935000";"2126900";"3296";"59304.8"
"8238016000";"2126900";"3296";"59313.2"
"8239359000";"2126900";"3296";"59321.5"
"8240438000";"2126900";"3296";"59329.4"
"8241518000";"2185500";"3296";"59337.4"
"8242598000";"2185500";"3296";"59345.3"
"8243684000";"2185500";"3296";"59353.7"
"8245027000";"2185500";"3296";"59362.0"
"8246106000";"2185500";"3296";"59369.9"
"8247187000";"2185500";"3296";"59377.9"
"8248266000";"2185500";"3296";"59386.2"
"8249346000";"2198700";"3296";"59394.2"
"8250688000";"2198700";"3296";"59402.5"
"8251768000";"2198700";"3296";"59410.4"
"8252853000";"2198700";"3296";"59418.4"
"8253933000";"2198700";"3296";"59426.4"
"8255017000";"2198700";"3296";"59434.3"
"8256360000";"2198700";"3296";"59442.6"
"8257440000";"2111600";"3296";"59450.6"
"8258521000";"2111600";"3296";"59458.5"
"8259600000";"2111600";"3297";"59466.9"
"8260680000";"2111600";"3297";"59474.8"
"8262023000";"2111600";"3296";"59483.1"
"8263109000";"2111600";"3296";"59491.5"
"8264189000";"2111600";"3296";"59499.4"
"8265268000";"2198700";"3296";"59507.4"
"8266349000";"2198700";"3296";"59515.3"
"8267692000";"2198700";"3296";"59525.2"
"8268772000";"2198700";"3296";"59533.1"
"8269852000";"2198700";"3296";"59541.1"
"8270932000";"2198700";"3296";"59549.0"
"8272012000";"2246200";"3296";"59557.4"
"8273361000";"2246200";"3296";"59566.8"
"8274441000";"2246200";"3296";"59574.8"
"8275521000";"2246200";"3296";"59583.1"
"8276601000";"2246200";"3296";"59591.1"
"8277680000";"2246200";"3296";"59599.0"
"8279022000";"2160100";"3296";"59607.3"
"8280102000";"2160100";"3296";"59615.3"
"8281183000";"2160100";"3297";"59623.6"
"8282263000";"2160100";"3297";"59631.6"
"8283349000";"2160100";"3297";"59639.5"
"8284692000";"2160100";"3297";"59647.8"
"8285773000";"2160100";"3296";"59655.8"
"8286853000";"2197900";"3296";"59664.1"
"8287932000";"2197900";"3296";"59672.1"
"8289013000";"2197900";"3296";"59680.0"
"8290355000";"2197900";"3296";"59688.4"
"8291435000";"2197900";"3296";"59696.3"
"8292515000";"2197900";"3297";"59704.3"
"8293600000";"2197900";"3297";"59712.2"
"8294681000";"2169100";"3296";"59720.2"
"8296024000";"2169100";"3296";"59730.0"
"8297109000";"2169100";"3296";"59738.0"
"8298189000";"2169100";"3296";"59745.9"
"8299269000";"2169100";"3297";"59754.2"
"8300348000";"2169100";"3297";"59762.2"
"8301692000";"2242300";"3297";"59772.0"
"8302772000";"2242300";"3297";"59780.0"
"8303858000";"2242300";"3297";"59787.9"
"8304937000";"2242300";"3297";"59796.3"
"8306018000";"2242300";"3297";"59804.2"
"8307361000";"2242300";"3297";"59812.6"
"8308441000";"2242300";"3297";"59820.5"
"8309520000";"2183700";"3297";"59828.5"
"8310600000";"2183700";"3297";"59836.4"
"8311680000";"2183700";"3297";"59844.4"
"8313029000";"2183700";"3297";"59853.1"
"8314108000";"2183700";"3297";"59861.0"
"8315189000";"2183700";"3297";"59869.0"
"8316268000";"2183700";"3297";"59876.9"
"8317349000";"2183700";"3296";"59884.9"
"8318691000";"2183700";"3296";"59894.7"
"8319771000";"2183700";"3296";"59902.7"
"8320851000";"2183700";"3296";"59911.0"
"8321931000";"2183700";"3296";"59919.0"
"8323016000";"2183700";"3297";"59926.9"
"8324359000";"2193300";"3297";"59935.6"
"8325439000";"2193300";"3297";"59943.6"
"8326518000";"2193300";"3297";"59951.5"
"8327597000";"2193300";"3297";"59959.5"
"8328677000";"2193300";"3297";"59967.4"
"8330020000";"2193300";"3297";"59975.7"
"8331101000";"2193300";"3297";"59983.7"
"8332181000";"2170600";"3297";"59991.6"
"8333267000";"2170600";"3297";"60000.0"
"8334347000";"2170600";"3297";"60007.9"
"8335689000";"2170600";"3297";"60016.2"
"8336769000";"2170600";"3297";"60024.2"
"8337849000";"2170600";"3297";"60032.2"
"8338934000";"2170600";"3297";"60040.5"
"8340014000";"2197200";"3297";"60048.4"
"8341357000";"2197200";"3297";"60056.8"
"8342437000";"2197200";"3297";"60064.7"
"8343523000";"2197200";"3297";"60073.0"
"8344603000";"2197200";"3297";"60081.0"
"8345683000";"2197200";"3297";"60088.9"
"8347026000";"2197200";"3297";"60097.3"
"8348105000";"2126700";"3296";"60105.2"
"8349186000";"2126700";"3296";"60113.2"
"8350265000";"2126700";"3296";"60121.1"
"8351344000";"2126700";"3297";"60129.5"
"8352688000";"2126700";"3297";"60137.8"
"8353774000";"2126700";"3297";"60145.7"
"8354854000";"2126700";"3297";"60153.7"
"8355934000";"2183500";"3297";"60161.6"
"8357014000";"2183500";"3297";"60169.6"
"8358357000";"2183500";"3297";"60177.9"
"8359437000";"2183500";"3296";"60185.9"
"8360517000";"2183500";"3297";"60194.2"
"8361597000";"2183500";"3297";"60202.1"
"8362677000";"2183500";"3296";"60210.1"
"8364026000";"2183600";"3296";"60219.9"
"8365106000";"2183600";"3296";"60227.9"
"8366185000";"2183600";"3296";"60236.2"
"8367265000";"2183600";"3296";"60244.2"
"8368344000";"2183600";"3296";"60252.1"
"8369686000";"2183600";"3296";"60260.5"
"8370766000";"2183600";"3296";"60268.4"
"8371845000";"2186400";"3296";"60276.4"
"8372930000";"2186400";"3296";"60284.3"
"8374010000";"2186400";"3296";"60292.6"
"8375353000";"2186400";"3296";"60300.6"
"8376434000";"2186400";"3296";"60308.9"
"8377514000";"2186400";"3296";"60316.9"
"8378594000";"2186400";"3296";"60324.8"
"8379674000";"2183500";"3296";"60332.8"
"8381021000";"2183500";"3296";"60342.6"
"8382102000";"2183500";"3296";"60350.6"
"8383187000";"2183500";"3296";"60358.9"
"8384268000";"2183500";"3296";"60366.9"
"8385347000";"2183500";"3296";"60374.8"
"8386691000";"2240500";"3296";"60384.6"
"8387770000";"2240500";"3296";"60392.6"
"8388851000";"2240500";"3296";"60400.6"
"8389930000";"2240500";"3296";"60408.5"
"8391010000";"2240500";"3296";"60416.5"
"8392353000";"2240500";"3296";"60424.8"
"8393438000";"2240500";"3295";"60432.7"
"8394518000";"2184100";"3295";"60441.1"
"8395598000";"2184100";"3295";"60449.0"
"8396679000";"2184100";"3295";"60457.0"
"8398021000";"2184100";"3296";"60465.3"
"8399101000";"2184100";"3296";"60473.2"
"8400181000";"2184100";"3296";"60481.2"
"8401261000";"2184100";"3296";"60489.5"
"8402341000";"2185300";"3296";"60497.5"
"8403689000";"2185300";"3296";"60507.3"
"8404769000";"2185300";"3296";"60515.3"
"8405849000";"2185300";"3296";"60523.2"
"8406929000";"2185300";"3296";"60531.6"
"8408009000";"2185300";"3296";"60539.5"
"8409352000";"2176400";"3296";"60547.8"
"8410432000";"2176400";"3296";"60555.8"
"8411512000";"2176400";"3296";"60563.7"
"8412592000";"2176400";"3296";"60571.7"
"8413677000";"2176400";"3296";"60580.0"
"8415020000";"2176400";"3296";"60588.0"
"8416100000";"2176400";"3296";"60596.3"
"8417180000";"2183900";"3296";"60604.2"
"8418260000";"2183900";"3296";"60612.2"
"8419340000";"2183900";"3296";"60620.2"
"8420682000";"2183900";"3296";"60630.0"
"8421762000";"2183900";"3296";"60637.9"
"8422853000";"2183900";"3296";"60646.3"
"8423932000";"2243200";"3296";"60654.2"
"8425013000";"2243200";"3296";"60662.6"
"8426355000";"2243200";"3296";"60670.5"
"8427436000";"2243200";"3296";"60678.8"
"8428516000";"2243200";"3296";"60686.8"
"8429596000";"2243200";"3296";"60694.7"
"8430676000";"2243200";"3296";"60702.7"
"8432018000";"2128100";"3296";"60711.0"
"8433103000";"2128100";"3296";"60719.0"
"8434183000";"2128100";"3296";"60727.3"
"8435264000";"2128100";"3296";"60735.3"
"8436344000";"2128100";"3296";"60743.2"
"8437687000";"2128100";"3296";"60751.5"
"8438767000";"2128100";"3296";"60759.5"
"8439846000";"2183900";"3296";"60767.4"
"8440926000";"2183900";"3296";"60775.8"
"8442005000";"2183900";"3296";"60783.7"
"8443353000";"2183900";"3296";"60792.0"
"8444432000";"2183900";"3296";"60800.0"
"8445513000";"2183900";"3297";"60808.3"
"8446592000";"2183900";"3297";"60816.3"
"8447672000";"2199200";"3297";"60824.2"
"8449014000";"2199200";"3297";"60832.5"
"8450094000";"2199200";"3297";"60840.5"
"8451174000";"2199200";"3297";"60848.5"
"8452254000";"2199200";"3297";"60856.4"
"8453339000";"2199200";"3297";"60864.4"
"8454682000";"2160300";"3297";"60874.2"
"8455762000";"2160300";"3297";"60882.2"
"8456841000";"2160300";"3296";"60890.1"
"8457922000";"2160300";"3296";"60898.4"
"8459002000";"2160300";"3296";"60906.4"
"8460345000";"2160300";"3296";"60914.7"
"8461425000";"2160300";"3296";"60922.7"
"8462505000";"2185200";"3297";"60930.6"
"8463591000";"2185200";"3297";"60938.9"
"8464679000";"2185200";"3297";"60946.9"
"8466021000";"2185200";"3297";"60956.7"
"8467101000";"2185200";"3297";"60964.7"
"8468181000";"2185200";"3297";"60972.7"
"8469262000";"2241900";"3297";"60980.6"
"8470341000";"2241900";"3297";"60988.9"
"8471684000";"2241900";"3297";"60996.9"
"8472764000";"2241900";"3296";"61005.2"
"8473850000";"2241900";"3296";"61013.2"
"8474930000";"2241900";"3297";"61021.1"
"8476009000";"2241900";"3297";"61029.1"
"8477353000";"2183800";"3297";"61038.9"
"8478432000";"2183800";"3297";"61046.9"
"8479513000";"2183800";"3297";"61054.8"
"8480593000";"2183800";"3297";"61063.1"
"8481672000";"2183800";"3297";"61071.1"
"8483020000";"2183800";"3297";"61079.4"
"8484099000";"2183800";"3296";"61087.8"
"8485178000";"2199200";"3296";"61095.7"
"8486259000";"2199200";"3296";"61103.7"
"8487339000";"2199200";"3296";"61111.6"
"8488682000";"2199200";"3296";"61119.9"
"8489762000";"2199200";"3296";"61127.9"
"8490842000";"2199200";"3296";"61136.2"
"8491923000";"2199200";"3296";"61144.2"
"8493008000";"2183500";"3296";"61152.1"
"8494350000";"2183500";"3296";"61160.4"
"8495431000";"2183500";"3296";"61168.4"
"8496511000";"2183500";"3296";"61176.7"
"8497591000";"2183500";"3296";"61184.7"
"8498672000";"2183500";"3296";"61192.6"
"8500015000";"2183500";"3296";"61201.0"
"8501095000";"2127700";"3296";"61208.9"
"8502174000";"2127700";"3296";"61217.2"
"8503260000";"2127700";"3296";"61225.2"
"8504340000";"2127700";"3296";"61233.1"
"8505683000";"2127700";"3296";"61241.5"
"8506769000";"2127700";"3296";"61249.8"
"8507849000";"2127700";"3296";"61257.7"
"8508928000";"2197200";"3296";"61265.7"
"8510008000";"2197200";"3296";"61273.7"
"8511351000";"2197200";"3296";"61282.0"
"8512430000";"2197200";"3296";"61289.9"
"8513516000";"2197200";"3296";"61298.3"
"8514595000";"2197200";"3296";"61306.2"
"8515676000";"2197200";"3296";"61314.2"
"8517018000";"2126700";"3296";"61322.5"
"8518099000";"2126700";"3296";"61330.4"
"8519179000";"2126700";"3296";"61338.4"
"8520259000";"2126700";"3296";"61346.7"
"8521339000";"2126700";"3296";"61354.7"
"8522682000";"2126700";"3296";"61363.0"
"8523767000";"2126700";"3296";"61370.9"
"8524848000";"2198300";"3296";"61379.3"
"8525927000";"2198300";"3296";"61387.2"
"8527007000";"2198300";"3296";"61395.2"
"8528350000";"2198300";"3296";"61405.0"
"8529430000";"2198300";"3296";"61413.0"
"8530510000";"2198300";"3295";"61420.9"
"8531590000";"2229500";"3295";"61428.9"
"8532670000";"2229500";"3295";"61437.2"
"8534019000";"2229500";"3295";"61445.5"
"8535098000";"2229500";"3295";"61453.5"
"8536178000";"2229500";"3296";"61461.4"
"8537258000";"2229500";"3295";"61469.4"
"8538338000";"2229500";"3295";"61477.3"
"8539681000";"2126700";"3295";"61485.7"
"8540762000";"2126700";"3296";"61494.0"
"8541842000";"2126700";"3296";"61502.0"
"8542927000";"2126700";"3296";"61509.9"
"8544007000";"2126700";"3296";"61518.2"
"8545351000";"2126700";"3296";"61527.7"
"8546430000";"2261400";"3296";"61536.0"
"8547511000";"2261400";"3296";"61544.0"
"8548595000";"2261400";"3296";"61551.9"
"8549674000";"2261400";"3296";"61559.9"
"8551018000";"2261400";"3296";"61569.7"
"8552099000";"2261400";"3296";"61577.7"
"8553184000";"2225900";"3296";"61585.6"
"8554265000";"2225900";"3296";"61593.6"
"8555345000";"2225900";"3296";"61601.5"
"8556689000";"2225900";"3296";"61609.9"
"8557769000";"2225900";"3296";"61618.2"
"8558849000";"2225900";"3296";"61626.1"
"8559929000";"2225900";"3296";"61634.1"
"8561008000";"2184800";"3296";"61642.1"
"8562351000";"2184800";"3296";"61650.4"
"8563436000";"2184800";"3296";"61658.7"
"8564517000";"2184800";"3296";"61666.7"
"8565597000";"2184800";"3296";"61674.6"
"8566677000";"2184800";"3296";"61682.9"
"8568019000";"2176400";"3296";"61692.4"
"8569100000";"2176400";"3296";"61700.4"
"8570181000";"2176400";"3296";"61708.7"
"8571261000";"2176400";"3296";"61716.6"
"8572341000";"2176400";"3296";"61724.6"
"8573689000";"2176400";"3297";"61732.9"
"8574768000";"2176400";"3297";"61740.9"
"8575848000";"2183700";"3297";"61748.8"
"8576928000";"2183700";"3296";"61756.8"
"8578007000";"2183700";"3296";"61765.1"
"8579350000";"2183700";"3297";"61773.4"
"8580430000";"2183700";"3296";"61781.4"
"8581511000";"2183700";"3296";"61789.3"
"8582590000";"2183700";"3297";"61797.3"
"8583676000";"2198700";"3297";"61805.6"
"8585018000";"2198700";"3297";"61813.9"
"8586099000";"2198700";"3297";"61821.9"
"8587179000";"2198700";"3297";"61830.2"
"8588259000";"2198700";"3297";"61838.2"
"8589340000";"2198700";"3297";"61846.1"
"8590688000";"2198700";"3297";"61854.4"
"8591767000";"2126500";"3297";"61862.4"
"8592853000";"2126500";"3297";"61870.7"
"8593933000";"2126500";"3297";"61878.7"
"8595013000";"2126500";"3297";"61886.6"
"8596355000";"2126500";"3297";"61895.0"
"8597436000";"2126500";"3297";"61902.9"
"8598515000";"2126500";"3297";"61910.9"
"8599596000";"2198500";"3297";"61919.2"
"8600675000";"2198500";"3297";"61927.1"
"8602019000";"2198500";"3297";"61935.5"
"8603104000";"2198500";"3297";"61943.8"
"8604183000";"2198500";"3297";"61951.8"
"8605264000";"2198500";"3297";"61959.7"
"8606344000";"2198500";"3297";"61967.7"
"8607687000";"2183800";"3297";"61977.5"
"8608767000";"2183800";"3297";"61985.5"
"8609847000";"2183800";"3297";"61993.4"
"8610926000";"2183800";"3297";"62001.7"
"8612007000";"2183800";"3297";"62009.7"
"8613354000";"2183800";"3297";"62018.0"
"8614435000";"2183800";"3297";"62026.0"
"8615515000";"2183700";"3297";"62033.9"
"8616595000";"2183700";"3297";"62041.9"
"8617675000";"2183700";"3297";"62049.8"
"8619018000";"2183700";"3297";"62058.1"
"8620098000";"2183700";"3297";"62066.5"
"8621178000";"2183700";"3297";"62074.4"
"8622258000";"2183700";"3297";"62082.4"
"8623343000";"2198700";"3297";"62090.7"
"8624686000";"2198700";"3297";"62099.0"
"8625767000";"2198700";"3297";"62107.0"
"8626846000";"2198700";"3296";"62114.9"
"8627926000";"2198700";"3296";"62122.9"
"8629006000";"2198700";"3297";"62131.2"
"8630348000";"2161700";"3296";"62140.7"
"8631429000";"2161700";"3296";"62148.6"
"8632514000";"2161700";"3296";"62157.0"
"8633600000";"2161700";"3297";"62164.9"
"8634679000";"2161700";"3297";"62172.9"
"8636023000";"2161700";"3297";"62181.2"
"8637103000";"2161700";"3297";"62189.2"
"8638183000";"2182100";"3296";"62197.1"
"8639263000";"2182100";"3296";"62205.4"
"8640343000";"2182100";"3296";"62213.4"
"8641685000";"2182100";"3297";"62221.7"
"8642764000";"2182100";"3297";"62229.7"
"8643850000";"2182100";"3297";"62238.0"
"8644930000";"2182100";"3297";"62245.9"
"8646009000";"2199000";"3296";"62253.9"
"8647353000";"2199000";"3297";"62263.7"
"8648432000";"2199000";"3297";"62271.7"
"8649511000";"2199000";"3297";"62279.6"
"8650590000";"2199000";"3296";"62287.6"
"8651671000";"2199000";"3296";"62295.6"
"8653018000";"2177200";"3296";"62304.3"
"8654098000";"2177200";"3296";"62312.2"
"8655178000";"2177200";"3297";"62320.2"
"8656258000";"2177200";"3296";"62328.1"
"8657337000";"2177200";"3296";"62336.1"
"8658681000";"2177200";"3296";"62344.4"
"8659760000";"2177200";"3296";"62352.7"
"8660839000";"2185700";"3296";"62360.7"
"8661919000";"2185700";"3296";"62368.6"
"8663004000";"2185700";"3296";"62377.0"
"8664347000";"2185700";"3296";"62386.8"
"8665427000";"2185700";"3296";"62394.8"
"8666507000";"2185700";"3296";"62402.7"
"8667587000";"2244700";"3296";"62410.7"
"8668668000";"2244700";"3296";"62419.0"
"8670011000";"2244700";"3296";"62428.5"
"8671090000";"2244700";"3296";"62436.4"
"8672171000";"2244700";"3296";"62444.7"
"8673256000";"2244700";"3296";"62452.7"
"8674394000";"2225200";"3296";"62460.6"
"8675737000";"2225200";"3296";"62470.5"
"8676817000";"2225200";"3296";"62478.4"
"8677896000";"2225200";"3296";"62486.4"
"8678975000";"2225200";"3296";"62494.3"
"8680056000";"2225200";"3296";"62502.7"
"8681399000";"2178600";"3296";"62511.0"
"8682478000";"2178600";"3296";"62518.9"
"8683564000";"2178600";"3296";"62526.9"
"8684644000";"2178600";"3296";"62535.2"
"8685724000";"2178600";"3296";"62543.2"
"8687066000";"2178600";"3296";"62551.5"
"8688146000";"2178600";"3296";"62559.5"
"8689226000";"2184100";"3296";"62567.4"
"8690306000";"2184100";"3296";"62575.7"
"8691386000";"2184100";"3296";"62583.7"
"8692730000";"2184100";"3296";"62593.2"
"8693816000";"2184100";"3296";"62601.5"
"8694896000";"2184100";"3296";"62609.4"
"8695975000";"2244500";"3296";"62617.4"
"8697054000";"2244500";"3296";"62625.4"
"8698397000";"2244500";"3296";"62635.2"
"8699477000";"2244500";"3296";"62643.1"
"8700558000";"2244500";"3296";"62651.1"
"8701638000";"2244500";"3296";"62659.4"
"8702718000";"2246400";"3296";"62667.4"
"8704066000";"2246400";"3296";"62677.2"
"8705146000";"2246400";"3296";"62685.2"
"8706225000";"2246400";"3296";"62693.1"
"8707305000";"2246400";"3296";"62701.5"
"8708384000";"2246400";"3296";"62709.4"
"8709726000";"2226700";"3296";"62718.9"
"8710807000";"2226700";"3296";"62727.2"
"8711888000";"2226700";"3296";"62735.2"
"8712973000";"2226700";"3296";"62743.1"
"8714054000";"2226700";"3296";"62751.1"
"8715397000";"2226700";"3296";"62759.4"
"8716482000";"2226700";"3296";"62767.7"
"8717561000";"2196700";"3296";"62775.7"
"8718641000";"2196700";"3296";"62783.6"
"8719721000";"2196700";"3296";"62792.0"
"8721063000";"2196700";"3296";"62801.4"
"8722143000";"2196700";"3296";"62809.8"
"8723228000";"2196700";"3296";"62817.7"
"8724308000";"2245100";"3296";"62825.7"
"8725388000";"2245100";"3296";"62834.0"
"8726730000";"2245100";"3296";"62842.3"
"8727809000";"2245100";"3296";"62850.3"
"8728889000";"2245100";"3296";"62858.2"
"8729970000";"2245100";"3296";"62866.2"
"8731049000";"2245100";"3296";"62874.1"
"8732393000";"2128400";"3296";"62882.4"
"8733478000";"2128400";"3296";"62890.8"
"8734557000";"2128400";"3296";"62898.7"
"8735637000";"2128400";"3296";"62906.7"
"8736717000";"2128400";"3296";"62914.6"
"8738060000";"2128400";"3296";"62923.0"
"8739140000";"2128400";"3296";"62930.9"
"8740220000";"2198800";"3296";"62939.2"
"8741300000";"2198800";"3296";"62947.2"
"8742380000";"2198800";"3296";"62955.1"
"8743728000";"2198800";"3296";"62963.5"
"8744809000";"2198800";"3296";"62971.8"
"8745889000";"2198800";"3296";"62979.8"
"8746969000";"2198800";"3296";"62987.7"
"8748048000";"2183700";"3296";"62995.7"
"8749391000";"2183700";"3296";"63004.0"
"8750471000";"2183700";"3296";"63012.3"
"8751550000";"2183700";"3296";"63020.3"
"8752631000";"2183700";"3296";"63028.2"
"8753715000";"2183700";"3296";"63036.2"
"8755058000";"2183700";"3296";"63044.5"
"8756139000";"2126700";"3296";"63052.4"
"8757218000";"2126700";"3296";"63060.4"
"8758303000";"2126700";"3296";"63068.7"
"8759383000";"2126700";"3296";"63076.7"
"8760725000";"2126700";"3296";"63085.0"
"8761804000";"2126700";"3296";"63093.0"
"8762890000";"2126700";"3296";"63101.3"
"8763971000";"2197600";"3296";"63109.2"
"8765050000";"2197600";"3296";"63117.2"
"8766394000";"2197600";"3296";"63127.0"
"8767473000";"2197600";"3296";"63135.0"
"8768553000";"2197600";"3296";"63142.9"
"8769633000";"2197600";"3296";"63151.3"
"8770713000";"2246600";"3296";"63159.2"
"8772057000";"2246600";"3296";"63167.5"
"8773142000";"2246600";"3296";"63175.5"
"8774222000";"2246600";"3296";"63183.4"
"8775301000";"2246600";"3297";"63191.4"
"8776382000";"2246600";"3297";"63199.7"
"8777724000";"2246600";"3297";"63208.1"
"8778804000";"2126700";"3297";"63216.0"
"8779883000";"2126700";"3297";"63224.0"
"8780962000";"2126700";"3297";"63231.9"
"8782042000";"2126700";"3297";"63240.2"
"8783391000";"2126700";"3297";"63248.6"
"8784470000";"2126700";"3297";"63256.5"
"8785550000";"2126700";"3297";"63264.5"
"8786630000";"2199200";"3297";"63272.8"
"8787709000";"2199200";"3297";"63280.8"
"8789052000";"2199200";"3297";"63289.1"
"8790131000";"2199200";"3296";"63297.0"
"8791212000";"2199200";"3296";"63305.0"
"8792292000";"2199200";"3296";"63312.9"
"8793377000";"2199200";"3296";"63321.3"
"8794720000";"2112600";"3296";"63329.2"
"8795801000";"2112600";"3296";"63337.5"
"8796880000";"2112600";"3296";"63345.5"
"8797959000";"2112600";"3296";"63353.4"
"8799038000";"2112600";"3296";"63361.4"
"8800387000";"2112600";"3296";"63370.1"
"8801466000";"2112600";"3296";"63378.0"
"8802546000";"2199400";"3296";"63386.0"
"8803632000";"2199400";"3297";"63394.3"
"8804712000";"2199400";"3296";"63402.3"
"8806054000";"2199400";"3296";"63410.6"
"8807133000";"2199400";"3296";"63418.6"
"8808213000";"2199400";"3296";"63426.5"
"8809293000";"2199400";"3296";"63434.8"
"8810373000";"2198700";"3296";"63442.8"
"8811715000";"2198700";"3296";"63451.1"
"8812796000";"2198700";"3296";"63459.1"
"8813881000";"2198700";"3297";"63467.0"
"8814960000";"2198700";"3296";"63475.0"
"8816040000";"2198700";"3297";"63482.9"
"8817383000";"2198700";"3297";"63491.2"
"8818463000";"2127000";"3297";"63499.6"
"8819543000";"2127000";"3297";"63507.5"
"8820623000";"2127000";"3297";"63515.5"
"8821703000";"2127000";"3297";"63523.4"
"8823052000";"2127000";"3297";"63532.1"
"8824132000";"2127000";"3297";"63540.1"
"8825211000";"2127000";"3297";"63548.0"
"8826291000";"2183700";"3297";"63556.0"
"8827372000";"2183700";"3297";"63564.3"
"8828715000";"2183700";"3297";"63573.8"
"8829795000";"2183700";"3297";"63582.1"
"8830876000";"2183700";"3297";"63590.1"
"8831956000";"2183700";"3297";"63598.0"
"8833042000";"2243800";"3297";"63606.0"
"8834384000";"2243800";"3297";"63614.3"
"8835464000";"2243800";"3297";"63622.3"
"8836544000";"2243800";"3297";"63630.2"
"8837624000";"2243800";"3297";"63638.2"
"8838704000";"2243800";"3297";"63646.5"
"8840048000";"2243800";"3297";"63654.8"
"8841127000";"2128200";"3297";"63662.8"
"8842213000";"2128200";"3297";"63670.7"
"8843298000";"2128200";"3297";"63678.7"
"8844378000";"2128200";"3297";"63687.0"
"8845721000";"2128200";"3297";"63696.5"
"8846801000";"2128200";"3297";"63704.8"
"8847880000";"2243200";"3297";"63712.8"
"8848960000";"2243200";"3297";"63720.7"
"8850039000";"2243200";"3297";"63728.7"
"8851381000";"2243200";"3297";"63737.0"
"8852462000";"2243200";"3297";"63744.9"
"8853547000";"2243200";"3297";"63752.9"
"8854627000";"2243200";"3297";"63761.2"
"8855708000";"2183900";"3297";"63769.2"
"8857050000";"2183900";"3297";"63777.5"
"8858131000";"2183900";"3297";"63785.4"
"8859210000";"2183900";"3297";"63793.4"
"8860290000";"2183900";"3297";"63801.3"
"8861369000";"2183900";"3298";"63809.3"
"8862712000";"2183900";"3298";"63818.0"
"8863797000";"2127200";"3298";"63825.9"
"8864876000";"2127200";"3298";"63833.9"
"8865957000";"2127200";"3298";"63841.9"
"8867037000";"2127200";"3298";"63850.2"
"8868378000";"2127200";"3298";"63858.5"
"8869458000";"2127200";"3298";"63866.5"
"8870538000";"2127200";"3298";"63874.4"
"8871617000";"2186100";"3298";"63882.4"
"8872697000";"2186100";"3298";"63890.3"
"8874046000";"2186100";"3298";"63898.6"
"8875125000";"2186100";"3298";"63906.6"
"8876206000";"2186100";"3297";"63914.5"
"8877286000";"2186100";"3298";"63922.9"
"8878366000";"2186100";"3298";"63930.8"
"8879708000";"2126500";"3297";"63939.1"
"8880789000";"2126500";"3297";"63947.1"
"8881869000";"2126500";"3297";"63955.0"
"8882954000";"2126500";"3297";"63963.4"
"8884034000";"2126500";"3297";"63971.3"
"8885381000";"2126500";"3297";"63979.7"
"8886461000";"2126500";"3297";"63988.0"
"8887540000";"2197600";"3297";"63995.9"
"8888620000";"2197600";"3297";"64003.9"
"8889699000";"2197600";"3297";"64011.8"
"8891042000";"2197600";"3297";"64020.2"
"8892121000";"2197600";"3297";"64028.1"
"8893207000";"2197600";"3297";"64036.1"
"8894288000";"2197600";"3297";"64044.0"
"8895368000";"2183900";"3297";"64052.4"
"8896711000";"2183900";"3297";"64061.8"
"8897791000";"2183900";"3297";"64069.8"
"8898871000";"2183900";"3297";"64078.1"
"8899951000";"2183900";"3297";"64086.1"
"8901031000";"2183900";"3297";"64094.0"
"8902374000";"2161500";"3297";"64102.3"
"8903458000";"2161500";"3296";"64110.3"
"8904538000";"2161500";"3296";"64118.6"
"8905619000";"2161500";"3296";"64126.6"
"8906698000";"2161500";"3296";"64134.5"
"8908042000";"2161500";"3296";"64144.4"
"8909122000";"2244900";"3296";"64152.3"
"8910202000";"2244900";"3297";"64160.3"
"8911283000";"2244900";"3296";"64168.2"
"8912362000";"2244900";"3296";"64176.6"
"8913711000";"2244900";"3296";"64184.5"
"8914792000";"2244900";"3296";"64192.8"
"8915872000";"2244900";"3296";"64200.8"
"8916951000";"2183400";"3296";"64208.7"
"8918030000";"2183400";"3296";"64216.7"
"8919374000";"2183400";"3296";"64225.0"
"8920454000";"2183400";"3296";"64233.0"
"8921534000";"2183400";"3296";"64241.3"
"8922613000";"2183400";"3296";"64249.2"
"8923699000";"2183400";"3296";"64257.6"
"8925042000";"2141100";"3296";"64265.9"
"8926127000";"2141100";"3296";"64273.8"
"8927207000";"2141100";"3296";"64281.8"
"8928287000";"2141100";"3296";"64289.8"
"8929367000";"2141100";"3296";"64298.1"
"8930709000";"2141100";"3296";"64306.4"
"8931789000";"2141100";"3296";"64314.4"
"8932875000";"2182300";"3296";"64322.3"
"8933955000";"2182300";"3296";"64330.3"
"8935034000";"2182300";"3296";"64338.2"
"8936377000";"2182300";"3296";"64348.1"
"8937456000";"2182300";"3296";"64356.0"
"8938536000";"2182300";"3296";"64364.0"
"8939616000";"2230100";"3296";"64371.9"
"8940696000";"2230100";"3296";"64380.2"
"8942039000";"2230100";"3296";"64389.7"
"8943125000";"2230100";"3296";"64398.0"
"8944204000";"2230100";"3296";"64406.0"
"8945285000";"2230100";"3296";"64413.9"
"8946366000";"2261200";"3296";"64422.3"
"8947708000";"2261200";"3296";"64430.6"
"8948787000";"2261200";"3296";"64438.6"
"8949866000";"2261200";"3296";"64446.5"
"8950946000";"2261200";"3297";"64454.5"
"8952026000";"2261200";"3296";"64462.4"
"8953374000";"2261200";"3296";"64470.7"
"8954454000";"2113100";"3296";"64478.7"
"8955534000";"2113100";"3296";"64487.0"
"8956613000";"2113100";"3296";"64495.0"
"8957692000";"2113100";"3296";"64502.9"
"8959035000";"2113100";"3296";"64511.2"
"8960115000";"2113100";"3297";"64519.2"
"8961194000";"2113100";"3296";"64527.1"
"8962275000";"2200700";"3297";"64535.5"
"8963360000";"2200700";"3297";"64543.4"
"8964702000";"2200700";"3296";"64551.8"
"8965783000";"2200700";"3296";"64559.7"
"8966863000";"2200700";"3297";"64568.0"
"8967994000";"2200700";"3297";"64576.0"
"8969074000";"2200700";"3297";"64583.9"
"8970416000";"2170200";"3296";"64593.8"
"8971496000";"2170200";"3296";"64601.7"
"8972576000";"2170200";"3296";"64609.7"
"8973661000";"2170200";"3296";"64617.6"
"8974741000";"2170200";"3296";"64625.6"
"8976084000";"2170200";"3296";"64633.9"
"8977164000";"2170200";"3296";"64641.9"
"8978244000";"2183900";"3296";"64650.2"
"8979323000";"2183900";"3297";"64658.2"
"8980403000";"2183900";"3296";"64666.1"
"8981746000";"2183900";"3296";"64674.4"
"8982825000";"2183900";"3296";"64682.4"
"8983910000";"2183900";"3296";"64690.7"
"8984990000";"2183900";"3297";"64698.7"
"8986071000";"2184300";"3296";"64706.6"
"8987413000";"2184300";"3296";"64716.5"
"8988494000";"2184300";"3296";"64724.4"
"8989573000";"2184300";"3296";"64732.4"
"8990652000";"2184300";"3296";"64740.3"
"8991733000";"2184300";"3296";"64748.3"
"8993081000";"2226200";"3296";"64758.1"
"8994160000";"2226200";"3296";"64766.1"
"8995240000";"2226200";"3296";"64774.0"
"8996320000";"2226200";"3296";"64782.0"
"8997399000";"2226200";"3296";"64789.9"
"8998743000";"2226200";"3296";"64798.2"
"8999822000";"2226200";"3296";"64806.6"
"9000903000";"2185500";"3296";"64814.5"
"9001982000";"2185500";"3296";"64822.5"
"9003068000";"2185500";"3296";"64830.8"
"9004411000";"2185500";"3296";"64839.1"
"9005491000";"2185500";"3296";"64847.1"
"9006570000";"2185500";"3296";"64855.0"
"9007651000";"2185500";"3296";"64863.4"
"9008732000";"2198300";"3297";"64871.3"
"9010080000";"2198300";"3297";"64879.6"
"9011159000";"2198300";"3297";"64887.6"
"9012239000";"2198300";"3297";"64895.5"
"9013324000";"2198300";"3296";"64903.5"
"9014405000";"2198300";"3296";"64911.8"
"9015747000";"2198300";"3296";"64919.8"
"9016828000";"2125300";"3296";"64928.1"
"9017908000";"2125300";"3297";"64936.1"
"9018988000";"2125300";"3297";"64944.0"
"9020067000";"2125300";"3297";"64952.0"
"9021411000";"2125300";"3297";"64960.3"
"9022490000";"2125300";"3297";"64968.2"
"9023576000";"2125300";"3297";"64976.2"
"9024656000";"2183700";"3297";"64984.5"
"9025735000";"2183700";"3297";"64992.5"
"9027077000";"2183700";"3297";"65000.8"
"9028158000";"2183700";"3297";"65008.7"
"9029238000";"2183700";"3297";"65017.1"
"9030318000";"2183700";"3297";"65025.0"
"9031398000";"2183700";"3297";"65033.0"
"9032741000";"2128400";"3297";"65041.3"
"9033826000";"2128400";"3297";"65049.3"
"9034905000";"2128400";"3297";"65057.2"
"9035985000";"2128400";"3297";"65065.2"
"9037065000";"2128400";"3297";"65073.1"
"9038407000";"2128400";"3297";"65081.4"
"9039488000";"2128400";"3297";"65089.8"
"9040568000";"2184100";"3297";"65097.7"
"9041648000";"2184100";"3297";"65105.7"
"9042727000";"2184100";"3297";"65113.6"
"9044075000";"2184100";"3297";"65121.9"
"9045155000";"2184100";"3297";"65130.3"
"9046235000";"2184100";"3297";"65138.2"
"9047314000";"2184100";"3297";"65146.2"
"9048395000";"2184100";"3297";"65154.1"
"9049738000";"2184100";"3297";"65162.5"
"9050818000";"2184100";"3297";"65170.4"
"9051902000";"2184100";"3297";"65178.7"
"9052988000";"2184100";"3297";"65186.7"
"9054068000";"2184100";"3297";"65194.6"
"9055410000";"2184100";"3297";"65203.0"
"9056490000";"2125700";"3297";"65210.9"
"9057570000";"2125700";"3296";"65218.9"
"9058650000";"2125700";"3297";"65227.2"
"9059730000";"2125700";"3297";"65235.2"
"9061073000";"2125700";"3297";"65243.5"
"9062153000";"2125700";"3297";"65251.4"
"9063237000";"2125700";"3296";"65259.4"
"9064318000";"2198500";"3296";"65267.7"
"9065398000";"2198500";"3296";"65275.7"
"9066741000";"2198500";"3296";"65284.0"
"9067821000";"2198500";"3296";"65291.9"
"9068901000";"2198500";"3296";"65299.9"
"9069982000";"2198500";"3297";"65308.2"
"9071061000";"2198500";"3297";"65316.2"
"9072404000";"2128100";"3297";"65324.5"
"9073490000";"2128100";"3297";"65332.4"
"9074569000";"2128100";"3297";"65340.4"
"9075650000";"2128100";"3297";"65348.3"
"9076729000";"2128100";"3296";"65356.3"
"9078073000";"2128100";"3296";"65364.6"
"9079152000";"2128100";"3296";"65372.6"
"9080233000";"2168800";"3296";"65380.5"
"9081314000";"2168800";"3296";"65388.9"
"9082393000";"2168800";"3296";"65396.8"
"9083740000";"2168800";"3296";"65406.7"
"9084821000";"2168800";"3296";"65414.6"
"9085901000";"2168800";"3296";"65422.9"
"9086981000";"2261800";"3296";"65430.9"
"9088061000";"2261800";"3296";"65438.8"
"9089405000";"2261800";"3296";"65447.2"
"9090485000";"2261800";"3296";"65455.1"
"9091564000";"2261800";"3296";"65463.1"
"9092645000";"2261800";"3296";"65471.4"
"9093730000";"2261800";"3296";"65479.4"
"9095077000";"2125300";"3296";"65487.7"
"9096158000";"2125300";"3296";"65495.6"
"9097238000";"2125300";"3296";"65503.6"
"9098318000";"2125300";"3296";"65511.5"
"9099398000";"2125300";"3297";"65519.5"
"9100741000";"2125300";"3297";"65529.3"
"9101820000";"2229300";"3297";"65537.3"
"9102905000";"2229300";"3297";"65545.6"
"9103986000";"2229300";"3297";"65553.6"
"9105066000";"2229300";"3297";"65561.5"
"9106409000";"2229300";"3297";"65569.8"
"9107490000";"2229300";"3297";"65578.2"
"9108569000";"2229300";"3297";"65586.1"
"9109650000";"2198300";"3297";"65594.1"
"9110729000";"2198300";"3297";"65602.0"
"9112072000";"2198300";"3297";"65610.4"
"9113157000";"2198300";"3297";"65618.3"
"9114237000";"2198300";"3297";"65626.6"
"9115317000";"2198300";"3297";"65634.6"
"9116398000";"2198300";"3297";"65642.5"
"9117740000";"2126700";"3297";"65650.9"
"9118820000";"2126700";"3297";"65658.8"
"9119900000";"2126700";"3297";"65666.8"
"9120981000";"2126700";"3297";"65674.7"
"9122060000";"2126700";"3297";"65683.1"
"9123410000";"2126700";"3297";"65691.4"
"9124489000";"2126700";"3297";"65699.3"
"9125569000";"2183700";"3297";"65707.3"
"9126649000";"2183700";"3297";"65715.6"
"9127730000";"2183700";"3297";"65723.6"
"9129072000";"2183700";"3297";"65731.9"
"9130151000";"2183700";"3297";"65739.8"
"9131231000";"2183700";"3297";"65747.8"
"9132311000";"2183700";"3297";"65755.7"
"9133396000";"2198800";"3297";"65764.1"
"9134739000";"2198800";"3297";"65772.0"
"9135823000";"2198800";"3297";"65780.3"
"9136903000";"2198800";"3297";"65788.3"
"9137984000";"2198800";"3297";"65796.2"
"9139063000";"2198800";"3297";"65804.2"
"9140407000";"2198800";"3297";"65812.5"
"9141486000";"2112600";"3297";"65820.5"
"9142567000";"2112600";"3297";"65828.8"
"9143652000";"2112600";"3297";"65836.8"
"9144732000";"2112600";"3297";"65845.1"
"9146075000";"2112600";"3297";"65853.4"
"9147155000";"2112600";"3297";"65861.4"
"9148235000";"2112600";"3297";"65869.3"
"9149314000";"2198700";"3297";"65877.3"
"9150394000";"2198700";"3297";"65885.6"
"9151737000";"2198700";"3297";"65893.5"
"9152818000";"2198700";"3297";"65901.9"
"9153903000";"2198700";"3297";"65909.8"
"9154983000";"2198700";"3297";"65917.8"
"9156062000";"2198700";"3297";"65925.7"
"9157405000";"2126700";"3297";"65934.0"
"9158485000";"2126700";"3297";"65942.0"
"9159565000";"2126700";"3297";"65950.0"
"9160645000";"2126700";"3297";"65958.3"
"9161724000";"2126700";"3297";"65966.2"
"9163072000";"2126700";"3296";"65974.6"
"9164153000";"2126700";"3296";"65982.9"
"9165232000";"2198800";"3296";"65990.8"
"9166312000";"2198800";"3296";"65998.8"
"9167392000";"2198800";"3296";"66006.8"
"9168736000";"2198800";"3296";"66015.1"
"9169816000";"2198800";"3297";"66023.4"
"9170896000";"2198800";"3297";"66031.4"
"9171977000";"2198800";"3297";"66039.3"
"9173062000";"2183400";"3296";"66047.3"
"9174405000";"2183400";"3296";"66055.6"
"9175484000";"2183400";"3296";"66063.5"
"9176565000";"2183400";"3296";"66071.5"
"9177711000";"2183400";"3296";"66079.8"
"9178791000";"2183400";"3296";"66087.8"
"9180134000";"2183400";"3296";"66096.1"
"9181214000";"2110700";"3296";"66104.0"
"9182293000";"2110700";"3296";"66112.0"
"9183379000";"2110700";"3296";"66120.3"
"9184459000";"2110700";"3296";"66128.3"
"9185801000";"2110700";"3296";"66136.6"
"9186882000";"2110700";"3296";"66144.5"
"9187961000";"2110700";"3296";"66152.9"
"9189041000";"2198800";"3296";"66160.8"
"9190121000";"2198800";"3296";"66168.8"
"9191463000";"2198800";"3296";"66178.6"
"9192542000";"2198800";"3296";"66186.6"
"9193628000";"2198800";"3296";"66194.5"
"9194709000";"2198800";"3296";"66202.5"
"9195788000";"2228000";"3296";"66210.4"
"9197130000";"2228000";"3296";"66218.8"
"9198211000";"2228000";"3296";"66226.7"
"9199290000";"2228000";"3296";"66234.7"
"9200371000";"2228000";"3296";"66243.0"
"9201450000";"2228000";"3296";"66251.0"
"9202793000";"2178200";"3296";"66260.8"
"9203879000";"2178200";"3296";"66268.7"
"9204960000";"2178200";"3296";"66276.7"
"9206040000";"2178200";"3296";"66285.0"
"9207120000";"2178200";"3296";"66293.0"
"9208463000";"2178200";"3296";"66301.3"
"9209543000";"2178200";"3296";"66309.3"
"9210623000";"2183400";"3296";"66317.2"
"9211702000";"2183400";"3296";"66325.2"
"9212783000";"2183400";"3296";"66333.1"
"9214131000";"2183400";"3296";"66341.4"
"9215211000";"2183400";"3296";"66349.4"
"9216291000";"2183400";"3296";"66357.7"
"9217371000";"2183400";"3296";"66365.7"
"9218451000";"2183900";"3296";"66373.6"
"9219798000";"2183900";"3296";"66383.5"
"9220877000";"2183900";"3296";"66391.4"
"9221957000";"2183900";"3296";"66399.4"
"9223043000";"2183900";"3296";"66407.7"
"9224123000";"2183900";"3296";"66415.7"
"9225466000";"2175200";"3296";"66424.0"
"9226546000";"2175200";"3296";"66431.9"
"9227626000";"2175200";"3296";"66440.3"
"9228706000";"2175200";"3296";"66448.2"
"9229785000";"2175200";"3296";"66456.2"
"9231127000";"2175200";"3296";"66464.5"
"9232206000";"2175200";"3296";"66472.4"
"9233291000";"2184600";"3296";"66480.4"
"9234371000";"2184600";"3296";"66488.3"
"9235451000";"2184600";"3296";"66496.7"
"9236794000";"2184600";"3296";"66504.6"
"9237873000";"2184600";"3296";"66513.0"
"9238953000";"2184600";"3296";"66520.9"
"9240033000";"2184600";"3296";"66528.9"
"9241112000";"2185900";"3296";"66536.8"
"9242455000";"2185900";"3296";"66545.1"
"9243540000";"2185900";"3296";"66553.5"
"9244620000";"2185900";"3296";"66561.4"
"9245700000";"2185900";"3296";"66569.4"
"9246780000";"2185900";"3296";"66577.3"
"9248124000";"2185900";"3296";"66585.6"
"9249204000";"2140600";"3296";"66594.0"
"9250284000";"2140600";"3296";"66601.9"
"9251364000";"2140600";"3296";"66609.9"
"9252444000";"2140600";"3296";"66617.8"
"9253793000";"2140600";"3296";"66626.2"
"9254873000";"2140600";"3296";"66634.1"
"9255952000";"2140600";"3296";"66642.1"
"9257032000";"2169100";"3296";"66650.0"
"9258112000";"2169100";"3296";"66658.3"
"9259455000";"2169100";"3296";"66667.8"
"9260535000";"2169100";"3296";"66675.8"
"9261621000";"2169100";"3296";"66684.1"
"9262700000";"2169100";"3296";"66692.0"
"9263786000";"2242800";"3296";"66700.0"
"9265129000";"2242800";"3296";"66708.3"
"9266208000";"2242800";"3296";"66716.6"
"9267289000";"2242800";"3296";"66724.6"
"9268369000";"2242800";"3296";"66732.6"
"9269449000";"2242800";"3296";"66740.5"
"9270793000";"2242800";"3296";"66748.8"
"9271872000";"2127900";"3296";"66756.8"
"9272958000";"2127900";"3296";"66765.1"
"9274039000";"2127900";"3296";"66773.1"
"9275119000";"2127900";"3297";"66781.0"
"9276461000";"2127900";"3297";"66789.3"
"9277541000";"2127900";"3297";"66797.3"
"9278620000";"2127900";"3297";"66805.2"
"9279700000";"2183900";"3297";"66813.2"
"9280780000";"2183900";"3297";"66821.5"
"9282123000";"2183900";"3297";"66829.8"
"9283209000";"2183900";"3297";"66837.8"
"9284288000";"2183900";"3297";"66845.7"
"9285368000";"2183900";"3297";"66853.7"
"9286448000";"2183900";"3297";"66862.0"
"9287790000";"2141100";"3297";"66870.4"
"9288869000";"2141100";"3297";"66878.3"
"9289950000";"2141100";"3297";"66886.3"
"9291029000";"2141100";"3297";"66894.2"
"9292109000";"2141100";"3297";"66902.2"
"9293458000";"2141100";"3297";"66910.5"
"9294538000";"2141100";"3297";"66918.4"
"9295619000";"2169000";"3297";"66926.4"
"9296699000";"2169000";"3297";"66934.7"
"9297778000";"2169000";"3297";"66942.7"
"9299121000";"2169000";"3297";"66951.0"
"9300201000";"2169000";"3297";"66958.9"
"9301282000";"2169000";"3297";"66966.9"
"9302361000";"2169000";"3297";"66974.9"
"9303447000";"2198700";"3297";"66983.2"
"9304794000";"2198700";"3297";"66991.5"
"9305874000";"2198700";"3297";"66999.5"
"9306953000";"2198700";"3297";"67007.4"
"9308034000";"2198700";"3297";"67015.7"
"9309114000";"2198700";"3297";"67023.7"
"9310457000";"2198700";"3297";"67032.0"
"9311536000";"2127000";"3297";"67040.0"
"9312617000";"2127000";"3297";"67047.9"
"9313701000";"2127000";"3297";"67055.9"
"9314782000";"2127000";"3297";"67063.8"
"9316125000";"2127000";"3297";"67072.1"
"9317206000";"2127000";"3297";"67080.1"
"9318286000";"2127000";"3297";"67088.4"
"9319365000";"2183500";"3297";"67096.4"
"9320446000";"2183500";"3297";"67104.3"
"9321788000";"2183500";"3297";"67114.2"
"9322874000";"2183500";"3297";"67122.1"
"9323954000";"2183500";"3297";"67130.1"
"9325033000";"2183500";"3297";"67138.4"
"9326113000";"2244900";"3297";"67146.4"
"9327455000";"2244900";"3297";"67154.7"
"9328535000";"2244900";"3297";"67162.6"
"9329616000";"2244900";"3297";"67170.6"
"9330697000";"2244900";"3297";"67178.9"
"9331777000";"2244900";"3297";"67186.9"
"9333124000";"2244900";"3297";"67195.2"
"9334204000";"2126500";"3297";"67203.1"
"9335285000";"2126500";"3297";"67211.1"
"9336364000";"2126500";"3297";"67219.1"
"9337444000";"2126500";"3297";"67227.0"
"9338787000";"2126500";"3297";"67235.3"
"9339867000";"2126500";"3297";"67243.3"
"9340947000";"2126500";"3297";"67251.6"
"9342028000";"2185200";"3297";"67259.6"
"9343113000";"2185200";"3297";"67267.9"
"9344456000";"2185200";"3297";"67276.2"
"9345540000";"2185200";"3297";"67284.2"
"9346620000";"2185200";"3297";"67292.1"
"9347699000";"2185200";"3297";"67300.1"
"9348780000";"2185200";"3297";"67308.4"
"9350124000";"2139600";"3297";"67316.7"
"9351204000";"2139600";"3297";"67324.7"
"9352283000";"2139600";"3297";"67332.6"
"9353368000";"2139600";"3297";"67340.6"
"9354448000";"2139600";"3297";"67348.5"
"9355790000";"2139600";"3297";"67356.9"
"9356870000";"2139600";"3297";"67364.8"
"9357950000";"2169500";"3297";"67372.8"
"9359030000";"2169500";"3297";"67381.1"
"9360110000";"2169500";"3297";"67389.0"
"9361452000";"2169500";"3297";"67397.4"
"9362533000";"2169500";"3297";"67405.3"
"9363618000";"2169500";"3297";"67413.3"
"9364697000";"2169500";"3297";"67421.6"
"9365778000";"2198800";"3297";"67429.6"
"9367120000";"2198800";"3297";"67437.9"
"9368200000";"2198800";"3297";"67445.8"
"9369280000";"2198800";"3297";"67453.8"
"9370360000";"2198800";"3297";"67461.7"
"9371440000";"2198800";"3297";"67469.7"
"9372784000";"2198800";"3297";"67478.0"
"9373870000";"2112100";"3297";"67486.0"
"9374949000";"2112100";"3297";"67494.3"
"9376030000";"2112100";"3297";"67502.2"
"9377110000";"2112100";"3297";"67510.2"
"9378452000";"2112100";"3297";"67518.5"
"9379532000";"2112100";"3297";"67526.5"
"9380613000";"2112100";"3297";"67534.4"
"9381692000";"2185300";"3297";"67542.4"
"9382773000";"2185300";"3297";"67550.3"
"9384121000";"2185300";"3298";"67559.0"
"9385202000";"2185300";"3298";"67567.0"
"9386282000";"2185300";"3298";"67574.9"
"9387425000";"2185300";"3298";"67582.9"
"9388505000";"2185300";"3297";"67591.2"
"9389847000";"2166700";"3297";"67600.7"
"9390926000";"2166700";"3297";"67608.6"
"9392006000";"2166700";"3297";"67617.0"
"9393091000";"2166700";"3297";"67624.9"
"9394170000";"2166700";"3297";"67632.9"
"9395514000";"2166700";"3297";"67641.2"
"9396595000";"2166700";"3297";"67649.1"
"9397675000";"2183700";"3297";"67657.1"
"9398755000";"2183700";"3297";"67665.4"
"9399836000";"2183700";"3297";"67673.4"
"9401178000";"2183700";"3297";"67681.7"
"9402259000";"2183700";"3297";"67689.6"
"9403344000";"2183700";"3297";"67697.6"
"9404424000";"2183700";"3297";"67705.6"
"9405504000";"2198300";"3297";"67713.9"
"9406846000";"2198300";"3297";"67723.4"
"9407927000";"2198300";"3297";"67731.7"
"9409008000";"2198300";"3297";"67739.6"
"9410088000";"2198300";"3297";"67747.6"
"9411168000";"2198300";"3297";"67755.5"
"9412510000";"2227500";"3297";"67765.4"
"9413595000";"2227500";"3297";"67773.3"
"9414675000";"2227500";"3297";"67781.3"
"9415756000";"2227500";"3297";"67789.2"
"9416835000";"2227500";"3297";"67797.2"
"9418178000";"2227500";"3297";"67805.5"
"9419258000";"2227500";"3297";"67813.5"
"9420339000";"2169000";"3297";"67821.4"
"9421419000";"2169000";"3297";"67829.8"
"9422499000";"2169000";"3297";"67837.7"
"9423847000";"2169000";"3297";"67846.0"
"9424928000";"2169000";"3297";"67854.0"
"9426007000";"2169000";"3297";"67861.9"
"9427086000";"2169000";"3297";"67870.3"
"9428167000";"2198700";"3297";"67878.2"
"9429514000";"2198700";"3297";"67886.5"
"9430594000";"2198700";"3297";"67894.5"
"9431673000";"2198700";"3297";"67902.4"
"9432754000";"2198700";"3297";"67910.4"
"9433840000";"2198700";"3297";"67918.3"
"9435183000";"2198700";"3297";"67926.7"
"9436263000";"2125300";"3297";"67935.0"
"9437343000";"2125300";"3297";"67942.9"
"9438422000";"2125300";"3297";"67950.9"
"9439502000";"2125300";"3297";"67958.9"
"9440844000";"2125300";"3297";"67967.2"
"9441923000";"2125300";"3297";"67975.1"
"9443010000";"2125300";"3297";"67983.5"
"9444089000";"2184300";"3297";"67991.4"
"9445170000";"2184300";"3297";"67999.4"
"9446513000";"2184300";"3297";"68008.1"
"9447593000";"2184300";"3297";"68016.0"
"9448672000";"2184300";"3297";"68024.0"
"9449751000";"2184300";"3297";"68031.9"
"9450831000";"2184300";"3297";"68039.9"
"9452173000";"2128600";"3297";"68048.2"
"9453258000";"2128600";"3297";"68056.1"
"9454339000";"2128600";"3297";"68064.1"
"9455419000";"2128600";"3297";"68072.1"
"9456499000";"2128600";"3297";"68080.4"
"9457842000";"2128600";"3297";"68088.3"
"9458922000";"2128600";"3297";"68096.7"
"9460003000";"2183400";"3297";"68104.6"
"9461082000";"2183400";"3297";"68112.6"
"9462162000";"2183400";"3297";"68120.5"
"9463511000";"2183400";"3297";"68128.8"
"9464590000";"2183400";"3297";"68136.8"
"9465669000";"2183400";"3297";"68145.1"
"9466748000";"2183400";"3297";"68153.1"
"9467827000";"2184800";"3297";"68161.0"
"9469170000";"2184800";"3297";"68170.9"
"9470249000";"2184800";"3297";"68178.8"
"9471333000";"2184800";"3297";"68186.8"
"9472412000";"2184800";"3297";"68194.7"
"9473498000";"2184800";"3297";"68202.7"
"9474842000";"2158900";"3297";"68211.0"
"9475922000";"2158900";"3297";"68218.9"
"9477002000";"2158900";"3297";"68226.9"
"9478082000";"2158900";"3297";"68235.2"
"9479161000";"2158900";"3297";"68243.2"
"9480503000";"2158900";"3297";"68251.5"
"9481583000";"2158900";"3297";"68259.5"
"9482662000";"2186100";"3297";"68267.4"
"9483747000";"2186100";"3297";"68275.7"
"9484828000";"2186100";"3297";"68283.7"
"9486171000";"2186100";"3297";"68292.0"
"9487251000";"2186100";"3297";"68300.0"
"9488331000";"2186100";"3297";"68308.3"
"9489411000";"2186100";"3297";"68316.3"
"9490491000";"2198300";"3297";"68324.2"
"9491834000";"2198300";"3297";"68332.5"
"9492920000";"2198300";"3297";"68340.5"
"9494000000";"2198300";"3297";"68348.4"
"9495080000";"2198300";"3297";"68356.4"
"9496160000";"2198300";"3297";"68364.3"
"9497504000";"2159500";"3297";"68374.2"
"9498584000";"2159500";"3297";"68382.1"
"9499663000";"2159500";"3297";"68390.1"
"9500743000";"2159500";"3296";"68398.0"
"9501822000";"2159500";"3296";"68406.4"
"9503171000";"2159500";"3296";"68415.8"
"9504250000";"2245100";"3296";"68424.2"
"9505330000";"2245100";"3296";"68432.1"
"9506410000";"2245100";"3296";"68440.1"
"9507490000";"2245100";"3296";"68448.4"
"9508834000";"2245100";"3296";"68456.7"
"9509914000";"2245100";"3296";"68464.7"
"9510994000";"2245100";"3296";"68472.6"
"9512074000";"2185200";"3297";"68480.6"
"9513160000";"2185200";"3297";"68488.5"
"9514506000";"2185200";"3297";"68496.9"
"9515586000";"2185200";"3296";"68504.8"
"9516666000";"2185200";"3296";"68512.8"
"9517747000";"2185200";"3296";"68520.7"
"9518827000";"2185200";"3296";"68529.0"
"9520169000";"2125500";"3296";"68537.4"
"9521250000";"2125500";"3297";"68545.3"
"9522330000";"2125500";"3297";"68553.3"
"9523415000";"2125500";"3296";"68561.2"
"9524495000";"2125500";"3296";"68569.6"
"9525837000";"2125500";"3296";"68577.9"
"9526917000";"2125500";"3296";"68585.8"
"9527996000";"2184100";"3296";"68593.8"
"9529077000";"2184100";"3296";"68601.7"
"9530157000";"2184100";"3296";"68610.1"
"9531499000";"2184100";"3296";"68618.0"
"9532579000";"2184100";"3297";"68626.3"
"9533664000";"2184100";"3297";"68634.3"
"9534744000";"2184100";"3297";"68642.2"
"9535823000";"2184300";"3297";"68650.2"
"9537166000";"2184300";"3297";"68658.5"
"9538245000";"2184300";"3297";"68666.5"
"9539325000";"2184300";"3297";"68674.4"
"9540405000";"2184300";"3297";"68682.8"
"9541486000";"2184300";"3297";"68690.7"
"9542828000";"2184300";"3297";"68699.0"
"9543914000";"2126700";"3297";"68707.0"
"9544994000";"2126700";"3296";"68714.9"
"9546073000";"2126700";"3296";"68723.3"
"9547152000";"2126700";"3296";"68731.2"
"9548495000";"2126700";"3296";"68739.5"
"9549574000";"2126700";"3296";"68747.5"
"9550654000";"2126700";"3296";"68755.4"
"9551735000";"2200700";"3296";"68763.8"
"9552814000";"2200700";"3296";"68771.7"
"9554163000";"2200700";"3296";"68780.0"
"9555248000";"2200700";"3296";"68788.0"
"9556329000";"2200700";"3297";"68795.9"
"9557408000";"2200700";"3297";"68803.9"
"9558487000";"2200700";"3297";"68811.9"
"9559830000";"2111200";"3297";"68820.2"
"9560910000";"2111200";"3297";"68828.1"
"9561990000";"2111200";"3297";"68836.5"
"9563076000";"2111200";"3297";"68844.4"
"9564156000";"2111200";"3297";"68852.4"
"9565498000";"2111200";"3296";"68860.7"
"9566579000";"2111200";"3296";"68869.0"
"9567659000";"2198300";"3296";"68877.0"
"9568739000";"2198300";"3296";"68884.9"
"9569818000";"2198300";"3296";"68892.9"
"9571161000";"2198300";"3296";"68902.7"
"9572241000";"2198300";"3296";"68910.7"
"9573326000";"2198300";"3296";"68918.6"
"9574406000";"2228000";"3296";"68926.6"
"9575487000";"2228000";"3296";"68934.5"
"9576830000";"2228000";"3296";"68942.8"
"9577911000";"2228000";"3296";"68951.2"
"9578990000";"2228000";"3296";"68959.1"
"9580070000";"2228000";"3296";"68967.1"
"9581150000";"2228000";"3296";"68975.0"
"9582493000";"2127700";"3296";"68983.4"
"9583578000";"2127700";"3296";"68991.3"
"9584658000";"2127700";"3296";"68999.6"
"9585737000";"2127700";"3296";"69007.6"
"9586818000";"2127700";"3296";"69015.5"
"9588161000";"2127700";"3296";"69023.9"
"9589241000";"2127700";"3296";"69032.2"
"9590322000";"2198500";"3296";"69040.2"
"9591401000";"2198500";"3296";"69048.1"
"9592481000";"2198500";"3296";"69056.1"
"9593828000";"2198500";"3296";"69064.4"
"9594908000";"2198500";"3296";"69072.3"
"9595989000";"2198500";"3296";"69080.3"
"9597069000";"2198500";"3296";"69088.2"
"9598154000";"2182500";"3296";"69096.6"
"9599497000";"2182500";"3296";"69104.5"
"9600578000";"2182500";"3296";"69112.8"
"9601657000";"2182500";"3296";"69120.8"
"9602736000";"2182500";"3296";"69128.7"
"9603822000";"2182500";"3296";"69136.7"
"9605165000";"2160100";"3296";"69146.5"
"9606245000";"2160100";"3296";"69154.9"
"9607325000";"2160100";"3296";"69162.8"
"9608405000";"2160100";"3296";"69170.8"
"9609485000";"2160100";"3296";"69178.7"
"9610829000";"2160100";"3296";"69187.1"
"9611909000";"2160100";"3296";"69195.0"
"9612994000";"2198300";"3296";"69203.3"
"9614074000";"2198300";"3296";"69211.3"
"9615154000";"2198300";"3296";"69219.2"
"9616497000";"2198300";"3296";"69227.6"
"9617577000";"2198300";"3296";"69235.5"
"9618658000";"2198300";"3296";"69243.5"
"9619737000";"2198300";"3296";"69251.8"
"9620816000";"2185500";"3296";"69259.8"
"9622159000";"2185500";"3296";"69268.1"
"9623245000";"2185500";"3296";"69276.0"
"9624325000";"2185500";"3296";"69284.0"
"9625404000";"2185500";"3296";"69292.3"
"9626484000";"2185500";"3296";"69300.3"
"9627826000";"2185500";"3296";"69308.6"
"9628906000";"2126900";"3296";"69316.5"
"9629987000";"2126900";"3296";"69324.5"
"9631067000";"2126900";"3296";"69332.8"
"9632146000";"2126900";"3296";"69340.8"
"9633494000";"2126900";"3296";"69349.1"
"9634574000";"2126900";"3296";"69357.0"
"9635653000";"2126900";"3296";"69365.0"
"9636732000";"2184400";"3296";"69373.0"
"9637813000";"2184400";"3296";"69380.9"
"9639159000";"2184400";"3296";"69389.2"
"9640240000";"2184400";"3296";"69397.2"
"9641319000";"2184400";"3296";"69405.5"
"9642400000";"2184400";"3296";"69413.5"
"9643485000";"2184400";"3296";"69421.4"
"9644828000";"2125500";"3296";"69429.7"
"9645908000";"2125500";"3296";"69438.1"
"9646988000";"2125500";"3296";"69446.0"
"9648068000";"2125500";"3296";"69454.0"
"9649147000";"2125500";"3296";"69461.9"
"9650490000";"2125500";"3296";"69470.2"
"9651571000";"2125500";"3296";"69478.2"
"9652650000";"2185300";"3296";"69486.1"
"9653736000";"2185300";"3296";"69494.5"
"9654816000";"2185300";"3296";"69502.4"
"9656160000";"2185300";"3296";"69510.8"
"9657239000";"2185300";"3296";"69518.7"
"9658319000";"2185300";"3296";"69526.7"
"9659398000";"2185300";"3296";"69534.6"
"9660478000";"2183900";"3296";"69542.6"
"9661822000";"2183900";"3296";"69550.9"
"9662906000";"2183900";"3296";"69559.2"
"9663986000";"2183900";"3296";"69567.2"
"9665066000";"2183900";"3296";"69575.1"
"9666146000";"2183900";"3296";"69583.5"
"9667490000";"2183900";"3296";"69591.8"
"9668569000";"2141100";"3296";"69599.7"
"9669650000";"2141100";"3296";"69607.7"
"9670730000";"2141100";"3296";"69615.6"
"9671810000";"2141100";"3296";"69624.0"
"9673157000";"2141100";"3296";"69633.4"
"9674238000";"2141100";"3296";"69641.4"
"9675317000";"2244700";"3296";"69649.7"
"9676397000";"2244700";"3296";"69657.7"
"9677476000";"2244700";"3296";"69665.6"
"9678819000";"2244700";"3296";"69673.9"
"9679900000";"2244700";"3296";"69681.9"
"9681026000";"2244700";"3296";"69689.8"
"9682106000";"2244700";"3296";"69698.2"
"9683192000";"2170700";"3296";"69706.1"
"9684535000";"2170700";"3296";"69716.0"
"9685615000";"2170700";"3296";"69723.9"
"9686695000";"2170700";"3296";"69731.9"
"9687775000";"2170700";"3296";"69740.2"
"9688855000";"2170700";"3296";"69748.2"
"9690199000";"2177800";"3296";"69756.5"
"9691279000";"2177800";"3296";"69764.4"
"9692359000";"2177800";"3296";"69772.4"
"9693445000";"2177800";"3296";"69780.3"
"9694525000";"2177800";"3296";"69788.3"
"9695868000";"2177800";"3296";"69796.6"
"9696947000";"2177800";"3297";"69804.6"
"9698028000";"2183500";"3297";"69812.9"
"9699107000";"2183500";"3297";"69820.8"
"9700186000";"2183500";"3296";"69828.8"
"9701529000";"2183500";"3297";"69838.6"
"9702609000";"2183500";"3297";"69846.6"
"9703694000";"2183500";"3296";"69854.5"
"9704774000";"2245300";"3296";"69862.9"
"9705854000";"2245300";"3297";"69870.8"
"9707196000";"2245300";"3297";"69880.7"
"9708275000";"2245300";"3297";"69888.6"
"9709354000";"2245300";"3297";"69896.6"
"9710435000";"2245300";"3296";"69904.5"
"9711516000";"2246800";"3296";"69912.9"
"9712864000";"2246800";"3296";"69922.3"
"9713944000";"2246800";"3296";"69930.3"
"9715024000";"2246800";"3296";"69938.2"
"9716104000";"2246800";"3296";"69946.6"
"9717183000";"2246800";"3296";"69954.5"
"9718525000";"2210000";"3297";"69964.0"
"9719605000";"2210000";"3297";"69972.3"
"9720685000";"2210000";"3297";"69980.3"
"9721765000";"2210000";"3297";"69988.2"
"9722846000";"2210000";"3297";"69996.2"
"9724199000";"2210000";"3297";"70004.5"
"9725279000";"2210000";"3297";"70012.8"
"9726359000";"2196900";"3297";"70020.8"
"9727439000";"2196900";"3297";"70028.7"
"9728519000";"2196900";"3297";"70036.7"
"9729863000";"2196900";"3297";"70046.5"
"9730942000";"2196900";"3297";"70054.5"
"9732023000";"2196900";"3297";"70062.8"
"9733108000";"2244500";"3297";"70070.8"
"9734188000";"2244500";"3297";"70078.7"
"9735531000";"2244500";"3297";"70088.6"
"9736610000";"2244500";"3297";"70096.5"
"9737690000";"2244500";"3297";"70104.5"
"9738770000";"2244500";"3297";"70112.4"
"9739850000";"2246800";"3297";"70120.8"
"9741193000";"2246800";"3297";"70129.1"
"9742274000";"2246800";"3297";"70137.0"
"9743358000";"2246800";"3297";"70145.0"
"9744439000";"2246800";"3297";"70152.9"
"9745519000";"2246800";"3297";"70161.3"
"9746861000";"2246800";"3297";"70169.6"
"9747941000";"2126500";"3297";"70177.5"
"9749020000";"2126500";"3297";"70185.5"
"9750101000";"2126500";"3297";"70193.8"
"9751182000";"2126500";"3297";"70201.8"
"9752524000";"2126500";"3297";"70210.1"
"9753610000";"2126500";"3297";"70218.0"
"9754690000";"2126500";"3297";"70226.0"
"9755770000";"2183700";"3297";"70234.0"
"9756850000";"2183700";"3297";"70241.9"
"9758194000";"2183700";"3297";"70250.2"
"9759273000";"2183700";"3296";"70258.2"
"9760353000";"2183700";"3297";"70266.5"
"9761433000";"2183700";"3297";"70274.5"
"9762514000";"2183700";"3297";"70282.4"
"9763861000";"2126700";"3296";"70290.7"
"9764946000";"2126700";"3296";"70298.7"
"9766026000";"2126700";"3296";"70307.0"
"9767106000";"2126700";"3297";"70315.0"
"9768185000";"2126700";"3296";"70322.9"
"9769529000";"2126700";"3296";"70331.2"
"9770610000";"2126700";"3297";"70339.2"
"9771689000";"2198500";"3297";"70347.5"
"9772770000";"2198500";"3297";"70355.5"
"9773856000";"2198500";"3297";"70363.4"
"9775198000";"2198500";"3297";"70371.8"
"9776277000";"2198500";"3297";"70379.7"
"9777357000";"2198500";"3297";"70387.7"
"9778437000";"2198500";"3296";"70395.6"
"9779517000";"2183900";"3297";"70403.9"
"9780859000";"2183900";"3297";"70412.3"
"9781939000";"2183900";"3297";"70420.2"
"9783024000";"2183900";"3296";"70428.2"
"9784103000";"2183900";"3297";"70436.5"
"9785184000";"2183900";"3296";"70444.5"
"9786526000";"2183900";"3296";"70452.8"
"9787606000";"2127200";"3296";"70460.7"
"9788686000";"2127200";"3296";"70469.1"
"9789766000";"2127200";"3296";"70477.0"
"9790846000";"2127200";"3296";"70485.0"
"9792188000";"2127200";"3296";"70493.3"
"9793274000";"2127200";"3296";"70501.2"
"9794354000";"2127200";"3296";"70509.2"
"9795434000";"2183700";"3297";"70517.1"
"9796514000";"2183700";"3296";"70525.5"
"9797856000";"2183700";"3296";"70534.9"
"9798936000";"2183700";"3296";"70543.3"
"9800016000";"2183700";"3296";"70551.2"
"9801095000";"2183700";"3296";"70559.2"
"9802175000";"2247300";"3296";"70567.1"
"9803523000";"2247300";"3296";"70575.5"
"9804604000";"2247300";"3296";"70583.8"
"9805683000";"2247300";"3296";"70591.7"
"9806763000";"2247300";"3296";"70599.7"
"9807849000";"2247300";"3296";"70608.0"
"9809190000";"2247300";"3296";"70616.3"
"9810270000";"2139800";"3296";"70624.3"
"9811351000";"2139800";"3296";"70632.2"
"9812430000";"2139800";"3296";"70640.2"
"9813516000";"2139800";"3296";"70648.2"
"9814859000";"2139800";"3296";"70656.5"
"9815939000";"2139800";"3297";"70664.8"
"9817018000";"2139800";"3297";"70672.8"
"9818099000";"2183700";"3297";"70680.7"
"9819178000";"2183700";"3296";"70688.7"
"9820521000";"2183700";"3297";"70698.5"
"9821602000";"2183700";"3297";"70706.5"
"9822681000";"2183700";"3297";"70714.4"
"9823767000";"2183700";"3297";"70722.7"
"9824847000";"2244700";"3297";"70730.7"
"9826190000";"2244700";"3297";"70739.0"
"9827270000";"2244700";"3297";"70747.3"
"9828350000";"2244700";"3296";"70755.3"
"9829429000";"2244700";"3296";"70763.3"
"9830509000";"2244700";"3296";"70771.2"
"9831851000";"2178600";"3296";"70781.1"
"9832937000";"2178600";"3296";"70789.0"
"9834017000";"2178600";"3296";"70797.3"
"9835097000";"2178600";"3297";"70805.3"
"9836178000";"2178600";"3296";"70813.2"
"9837520000";"2178600";"3296";"70821.6"
"9838599000";"2178600";"3296";"70829.5"
"9839680000";"2183700";"3296";"70837.5"
"9840761000";"2183700";"3296";"70845.4"
"9841841000";"2183700";"3296";"70853.8"
"9843188000";"2183700";"3296";"70862.1"
"9844268000";"2183700";"3296";"70870.0"
"9845347000";"2183700";"3296";"70878.0"
"9846427000";"2183700";"3296";"70886.3"
"9847507000";"2198700";"3296";"70894.3"
"9848855000";"2198700";"3296";"70902.6"
"9849934000";"2198700";"3296";"70910.5"
"9851014000";"2198700";"3296";"70918.9"
"9852094000";"2198700";"3296";"70926.8"
"9853179000";"2198700";"3296";"70934.8"
"9854521000";"2198700";"3297";"70943.1"
"9855601000";"2126000";"3297";"70951.0"
"9856680000";"2126000";"3296";"70959.0"
"9857760000";"2126000";"3296";"70967.3"
"9858840000";"2126000";"3297";"70975.3"
"9860183000";"2126000";"3297";"70983.6"
"9861263000";"2126000";"3297";"70991.6"
"9862343000";"2126000";"3297";"70999.5"
"9863428000";"2198800";"3297";"71007.8"
"9864508000";"2198800";"3297";"71015.8"
"9865852000";"2198800";"3297";"71025.6"
"9866931000";"2198800";"3297";"71033.6"
"9868011000";"2198800";"3297";"71041.5"
"9869091000";"2198800";"3297";"71049.9"
"9870170000";"2246800";"3297";"71057.8"
"9871513000";"2246800";"3297";"71066.1"
"9872592000";"2246800";"3297";"71074.1"
"9873678000";"2246800";"3297";"71082.4"
"9874758000";"2246800";"3297";"71090.4"
"9875838000";"2246800";"3297";"71098.3"
"9877180000";"2246800";"3297";"71106.7"
"9878261000";"2126700";"3297";"71114.6"
"9879340000";"2126700";"3297";"71122.6"
"9880421000";"2126700";"3297";"71130.5"
"9881502000";"2126700";"3297";"71138.8"
"9882844000";"2126700";"3297";"71147.2"
"9883929000";"2126700";"3297";"71155.1"
"9885010000";"2126700";"3297";"71163.1"
"9886089000";"2198500";"3297";"71171.4"
"9887170000";"2198500";"3297";"71179.4"
"9888511000";"2198500";"3297";"71187.7"
"9889591000";"2198500";"3297";"71195.6"
"9890671000";"2198500";"3297";"71204.0"
"9891755000";"2198500";"3297";"71211.9"
"9892835000";"2198500";"3297";"71219.9"
"9894184000";"2125700";"3297";"71228.2"
"9895263000";"2125700";"3297";"71236.1"
"9896343000";"2125700";"3297";"71244.1"
"9897423000";"2125700";"3297";"71252.4"
"9898502000";"2125700";"3297";"71260.4"
"9899845000";"2125700";"3297";"71268.7"
"9900926000";"2125700";"3297";"71276.7"
"9902006000";"2185500";"3297";"71284.6"
"9903091000";"2185500";"3297";"71292.9"
"9904171000";"2185500";"3297";"71300.9"
"9905514000";"2185500";"3297";"71309.2"
"9906594000";"2185500";"3297";"71317.5"
"9907674000";"2185500";"3297";"71325.5"
"9908754000";"2185500";"3297";"71333.4"
"9909834000";"2198500";"3297";"71341.4"
"9911178000";"2198500";"3297";"71349.7"
"9912258000";"2198500";"3297";"71357.7"
"9913343000";"2198500";"3297";"71366.0"
"9914423000";"2198500";"3297";"71374.0"
"9915504000";"2198500";"3297";"71381.9"
"9916846000";"2198500";"3297";"71390.2"
"9917927000";"2126400";"3297";"71398.2"
"9919006000";"2126400";"3297";"71406.1"
"9920087000";"2126400";"3297";"71414.5"
"9921167000";"2126400";"3297";"71422.4"
"9922510000";"2126400";"3297";"71430.7"
"9923596000";"2126400";"3297";"71438.7"
"9924675000";"2126400";"3297";"71446.6"
"9925755000";"2198500";"3297";"71455.0"
"9926835000";"2198500";"3297";"71462.9"
"9928178000";"2198500";"3297";"71471.2"
"9929258000";"2198500";"3297";"71479.6"
"9930338000";"2198500";"3297";"71487.5"
"9931417000";"2198500";"3297";"71495.5"
"9932496000";"2198500";"3297";"71503.4"
"9933849000";"2125800";"3297";"71511.8"
"9934928000";"2125800";"3296";"71519.7"
"9936008000";"2125800";"3296";"71527.7"
"9937088000";"2125800";"3296";"71536.0"
"9938168000";"2125800";"3296";"71543.9"
"9939511000";"2125800";"3296";"71552.3"
"9940590000";"2125800";"3296";"71560.2"
"9941669000";"2186100";"3296";"71568.2"
"9942750000";"2186100";"3297";"71576.1"
"9943836000";"2186100";"3297";"71584.5"
"9945178000";"2186100";"3297";"71592.8"
"9946258000";"2186100";"3297";"71600.7"
"9947338000";"2186100";"3297";"71609.1"
"9948418000";"2186100";"3297";"71617.0"
"9949498000";"2198500";"3297";"71625.0"
"9950841000";"2198500";"3297";"71634.8"
"9951920000";"2198500";"3297";"71642.8"
"9953005000";"2198500";"3297";"71651.1"
"9954085000";"2198500";"3297";"71659.1"
"9955166000";"2198500";"3297";"71667.0"
"9956508000";"2176600";"3297";"71675.3"
"9957588000";"2176600";"3297";"71683.3"
"9958667000";"2176600";"3297";"71691.2"
"9959747000";"2176600";"3297";"71699.2"
"9960827000";"2176600";"3297";"71707.5"
"9962170000";"2176600";"3297";"71715.8"
"9963256000";"2176600";"3297";"71723.8"
"9964336000";"2184100";"3297";"71731.7"
"9965417000";"2184100";"3297";"71740.1"
"9966496000";"2184100";"3297";"71748.0"
"9967838000";"2184100";"3297";"71756.3"
"9968917000";"2184100";"3297";"71764.3"
"9969996000";"2184100";"3296";"71772.6"
"9971077000";"2184100";"3296";"71780.6"
"9972156000";"2200700";"3296";"71788.5"
"9973504000";"2200700";"3297";"71796.9"
"9974629000";"2200700";"3297";"71804.8"
"9975709000";"2200700";"3297";"71812.8"
"9976789000";"2200700";"3297";"71821.1"
"9977868000";"2200700";"3297";"71829.0"
"9979210000";"2163100";"3297";"71838.9"
"9980291000";"2163100";"3297";"71846.8"
"9981371000";"2163100";"3297";"71854.8"
"9982451000";"2163100";"3297";"71862.7"
"9983538000";"2163100";"3297";"71871.1"
"9984881000";"2163100";"3297";"71879.4"
"9985961000";"2163100";"3297";"71887.3"
"9987041000";"2183200";"3297";"71895.3"
"9988121000";"2183200";"3297";"71903.6"
"9989200000";"2183200";"3297";"71911.6"
"9990542000";"2183200";"3297";"71919.9"
"9991621000";"2183200";"3297";"71927.9"
"9992700000";"2183200";"3297";"71935.8"
"9993785000";"2183200";"3297";"71944.1"
"9994865000";"2199800";"3297";"71952.1"
"9996208000";"2199800";"3297";"71961.6"
"9997289000";"2199800";"3297";"71969.9"
"9998368000";"2199800";"3297";"71977.8"
"9999447000";"2199800";"3297";"71985.8"
"10000527000";"2199800";"3297";"71993.8"
"10001870000";"2161700";"3297";"72002.1"
"10002956000";"2161700";"3297";"72010.4"
"10004035000";"2161700";"3297";"72018.4"
"10005115000";"2161700";"3297";"72026.3"
"10006195000";"2161700";"3297";"72034.6"
"10007538000";"2161700";"3297";"72044.5"
"10008618000";"2262000";"3297";"72052.4"
"10009698000";"2262000";"3297";"72060.4"
"10010778000";"2262000";"3296";"72068.3"
"10011858000";"2262000";"3296";"72076.7"
"10013205000";"2262000";"3297";"72085.0"
"10014286000";"2262000";"3297";"72093.0"
"10015366000";"2262000";"3297";"72100.9"
"10016445000";"2184100";"3297";"72108.9"
"10017529000";"2184100";"3297";"72116.8"
"10018872000";"2184100";"3297";"72125.1"
"10019952000";"2184100";"3296";"72133.1"
"10021032000";"2184100";"3297";"72141.4"
"10022112000";"2184100";"3296";"72149.4"
"10023198000";"2184100";"3296";"72157.3"
"10024540000";"2125700";"3297";"72165.6"
"10025619000";"2125700";"3297";"72173.6"
"10026700000";"2125700";"3297";"72181.9"
"10027780000";"2125700";"3297";"72189.9"
"10028860000";"2125700";"3297";"72197.8"
"10030204000";"2125700";"3297";"72206.1"
"10031284000";"2125700";"3297";"72214.5"
"10032364000";"2199600";"3297";"72222.4"
"10033449000";"2199600";"3297";"72230.4"
"10034530000";"2199600";"3297";"72238.3"
"10035872000";"2199600";"3297";"72246.7"
"10036952000";"2199600";"3297";"72254.6"
"10038032000";"2199600";"3297";"72262.9"
"10039113000";"2199600";"3297";"72270.9"
"10040192000";"2184100";"3297";"72278.8"
"10041534000";"2184100";"3297";"72287.2"
"10042614000";"2184100";"3297";"72295.1"
"10043699000";"2184100";"3297";"72303.5"
"10044778000";"2184100";"3297";"72311.4"
"10045858000";"2184100";"3297";"72319.4"
"10047200000";"2177200";"3297";"72329.2"
"10048281000";"2177200";"3297";"72337.2"
"10049361000";"2177200";"3297";"72345.5"
"10050440000";"2177200";"3297";"72353.4"
"10051520000";"2177200";"3297";"72361.4"
"10052869000";"2177200";"3297";"72369.7"
"10053949000";"2177200";"3297";"72377.7"
"10055029000";"2198300";"3297";"72386.0"
"10056110000";"2198300";"3297";"72394.0"
"10057189000";"2198300";"3297";"72401.9"
"10058537000";"2198300";"3297";"72411.7"
"10059617000";"2198300";"3297";"72419.7"
"10060697000";"2198300";"3297";"72427.7"
"10061777000";"2227800";"3297";"72435.6"
"10062863000";"2227800";"3297";"72443.6"
"10064206000";"2227800";"3297";"72452.3"
"10065287000";"2227800";"3298";"72460.2"
"10066366000";"2227800";"3298";"72468.2"
"10067447000";"2227800";"3298";"72476.5"
"10068526000";"2227800";"3298";"72484.4"
"10069868000";"2183600";"3298";"72493.9"
"10070949000";"2183600";"3298";"72502.2"
"10072028000";"2183600";"3298";"72510.2"
"10073113000";"2183600";"3297";"72518.1"
"10074194000";"2183600";"3298";"72526.5"
"10075536000";"2183600";"3298";"72534.8"
"10076617000";"2183600";"3298";"72542.8"
"10077696000";"2198700";"3298";"72550.7"
"10078775000";"2198700";"3298";"72558.7"
"10079855000";"2198700";"3298";"72566.6"
"10081198000";"2198700";"3297";"72574.9"
"10082279000";"2198700";"3297";"72582.9"
"10083363000";"2198700";"3297";"72591.2"
"10084444000";"2198700";"3297";"72599.2"
"10085524000";"2183900";"3297";"72607.1"
"10086867000";"2183900";"3297";"72615.4"
"10087948000";"2183900";"3297";"72623.8"
"10089027000";"2183900";"3297";"72631.7"
"10090107000";"2183900";"3297";"72639.7"
"10091187000";"2183900";"3297";"72648.0"
"10092529000";"2183900";"3297";"72656.0"
"10093614000";"2141100";"3297";"72664.3"
"10094695000";"2141100";"3297";"72672.2"
"10095774000";"2141100";"3297";"72680.2"
"10096853000";"2141100";"3297";"72688.1"
"10098197000";"2141100";"3297";"72696.5"
"10099276000";"2141100";"3297";"72704.4"
"10100356000";"2141100";"3297";"72712.4"
"10101442000";"2184100";"3297";"72720.7"
"10102521000";"2184100";"3297";"72728.7"
"10103870000";"2184100";"3297";"72737.0"
"10104950000";"2184100";"3297";"72744.9"
"10106030000";"2184100";"3297";"72753.3"
"10107110000";"2184100";"3297";"72761.2"
"10108190000";"2184100";"3297";"72769.2"
"10109532000";"2126700";"3297";"72777.5"
"10110612000";"2126700";"3297";"72785.8"
"10111692000";"2126700";"3297";"72793.8"
"10112773000";"2126700";"3297";"72801.7"
"10113859000";"2126700";"3297";"72809.7"
"10115201000";"2126700";"3296";"72818.0"
"10116282000";"2126700";"3296";"72825.9"
"10117362000";"2183500";"3296";"72833.9"
"10118442000";"2183500";"3296";"72842.2"
"10119522000";"2183500";"3296";"72850.2"
"10120865000";"2183500";"3296";"72858.5"
"10121944000";"2183500";"3296";"72866.5"
"10123029000";"2183500";"3296";"72874.8"
"10124108000";"2183500";"3296";"72882.7"
"10125187000";"2199200";"3296";"72890.7"
"10126531000";"2199200";"3296";"72900.5"
"10127611000";"2199200";"3296";"72908.5"
"10128691000";"2199200";"3296";"72916.8"
"10129771000";"2199200";"3296";"72924.8"
"10130851000";"2199200";"3296";"72932.7"
"10132195000";"2243500";"3296";"72942.6"
"10133280000";"2243500";"3296";"72950.5"
"10134359000";"2243500";"3296";"72958.5"
"10135439000";"2243500";"3296";"72966.4"
"10136519000";"2243500";"3296";"72974.8"
"10137862000";"2243500";"3296";"72982.7"
"10138943000";"2243500";"3296";"72991.0"
"10140023000";"2183900";"3296";"72999.0"
"10141103000";"2183900";"3296";"73006.9"
"10142183000";"2183900";"3296";"73014.9"
"10143536000";"2183900";"3296";"73023.2"
"10144617000";"2183900";"3296";"73031.5"
"10145696000";"2183900";"3296";"73039.5"
"10146776000";"2183900";"3296";"73047.4"
"10147856000";"2197200";"3296";"73055.8"
"10149198000";"2197200";"3296";"73064.1"
"10150279000";"2197200";"3296";"73072.1"
"10151358000";"2197200";"3296";"73080.0"
"10152438000";"2197200";"3296";"73088.0"
"10153524000";"2197200";"3296";"73096.3"
"10154867000";"2197200";"3296";"73104.2"
"10155947000";"2126500";"3296";"73112.6"
"10157027000";"2126500";"3296";"73120.5"
"10158108000";"2126500";"3296";"73128.5"
"10159187000";"2126500";"3296";"73136.4"
"10160530000";"2126500";"3296";"73144.7"
"10161609000";"2126500";"3296";"73152.7"
"10162690000";"2126500";"3296";"73161.0"
"10163774000";"2184100";"3296";"73169.0"
"10164854000";"2184100";"3296";"73176.9"
"10166197000";"2184100";"3296";"73185.3"
"10167278000";"2184100";"3296";"73193.6"
"10168357000";"2184100";"3296";"73201.5"
"10169437000";"2184100";"3296";"73209.5"
"10170517000";"2184100";"3296";"73217.8"
"10171861000";"2127900";"3297";"73225.8"
"10172946000";"2127900";"3297";"73234.1"
"10174025000";"2127900";"3297";"73242.0"
"10175106000";"2127900";"3297";"73250.0"
"10176186000";"2127900";"3297";"73258.0"
"10177529000";"2127900";"3297";"73266.3"
"10178610000";"2127900";"3297";"73274.6"
"10179689000";"2198700";"3297";"73282.6"
"10180768000";"2198700";"3297";"73290.5"
"10181847000";"2198700";"3297";"73298.5"
"10183196000";"2198700";"3297";"73306.8"
"10184275000";"2198700";"3297";"73315.1"
"10185360000";"2198700";"3297";"73323.1"
"10186441000";"2198700";"3297";"73331.0"
"10187521000";"2182600";"3297";"73339.0"
"10188863000";"2182600";"3297";"73348.8"
"10189943000";"2182600";"3297";"73357.2"
"10191023000";"2182600";"3297";"73365.1"
"10192103000";"2182600";"3297";"73373.1"
"10193189000";"2182600";"3297";"73381.0"
"10194531000";"2176600";"3297";"73389.3"
"10195612000";"2176600";"3297";"73397.3"
"10196691000";"2176600";"3296";"73405.2"
"10197772000";"2176600";"3296";"73413.6"
"10198852000";"2176600";"3297";"73421.5"
"10200195000";"2176600";"3297";"73429.8"
"10201275000";"2176600";"3297";"73437.8"
"10202355000";"2185200";"3297";"73445.7"
"10203440000";"2185200";"3297";"73453.7"
"10204521000";"2185200";"3297";"73462.0"
"10205863000";"2185200";"3297";"73470.3"
"10206943000";"2185200";"3297";"73478.3"
"10208023000";"2185200";"3297";"73486.6"
"10209102000";"2185200";"3297";"73494.6"
"10210182000";"2198800";"3297";"73502.5"
"10211525000";"2198800";"3297";"73510.9"
"10212605000";"2198800";"3296";"73518.8"
"10213690000";"2198800";"3296";"73526.8"
"10214771000";"2198800";"3297";"73535.1"
"10215851000";"2198800";"3297";"73543.0"
"10217194000";"2198800";"3297";"73551.4"
"10218274000";"2126400";"3297";"73559.3"
"10219354000";"2126400";"3297";"73567.3"
"10220433000";"2126400";"3297";"73575.2"
"10221513000";"2126400";"3297";"73583.6"
"10222861000";"2126400";"3297";"73591.9"
"10223940000";"2126400";"3297";"73599.8"
"10225020000";"2126400";"3297";"73607.8"
"10226100000";"2199200";"3297";"73616.1"
"10227185000";"2199200";"3297";"73624.1"
"10228528000";"2199200";"3297";"73632.4"
"10229608000";"2199200";"3297";"73640.3"
"10230688000";"2199200";"3297";"73648.7"
"10231768000";"2199200";"3297";"73656.6"
"10232853000";"2199200";"3297";"73664.6"
"10234196000";"2125300";"3297";"73672.9"
"10235276000";"2125300";"3297";"73680.9"
"10236355000";"2125300";"3297";"73688.8"
"10237436000";"2125300";"3297";"73696.8"
"10238517000";"2125300";"3297";"73705.1"
"10239859000";"2125300";"3297";"73713.4"
"10240940000";"2125300";"3297";"73721.4"
"10242019000";"2185300";"3297";"73729.3"
"10243105000";"2185300";"3297";"73737.6"
"10244185000";"2185300";"3297";"73745.6"
"10245527000";"2185300";"3297";"73753.9"
"10246606000";"2185300";"3297";"73761.9"
"10247687000";"2185300";"3297";"73770.2"
"10248766000";"2185300";"3297";"73778.2"
"10249845000";"2199000";"3297";"73786.1"
"10251189000";"2199000";"3297";"73794.4"
"10252270000";"2199000";"3297";"73802.4"
"10253355000";"2199000";"3297";"73810.7"
"10254435000";"2199000";"3297";"73818.7"
"10255516000";"2199000";"3297";"73826.6"
"10256858000";"2199000";"3297";"73834.9"
"10257938000";"2126200";"3297";"73842.9"
"10259018000";"2126200";"3297";"73850.8"
"10260098000";"2126200";"3297";"73858.8"
"10261178000";"2126200";"3297";"73867.1"
"10262521000";"2126200";"3297";"73875.4"
"10263606000";"2126200";"3297";"73883.4"
"10264686000";"2126200";"3297";"73891.4"
"10265767000";"2198500";"3297";"73899.7"
"10266847000";"2198500";"3297";"73907.6"
"10268230000";"2198500";"3297";"73916.0"
"10269310000";"2198500";"3297";"73923.9"
"10270391000";"2198500";"3297";"73932.2"
"10271470000";"2198500";"3297";"73940.2"
"10272549000";"2198500";"3297";"73948.1"
"10273898000";"2116100";"3297";"73956.5"
"10274978000";"2116100";"3297";"73964.4"
"10276058000";"2116100";"3297";"73972.4"
"10277138000";"2116100";"3297";"73980.7"
"10278218000";"2116100";"3297";"73988.7"
"10279561000";"2116100";"3297";"73997.0"
"10280641000";"2116100";"3297";"74004.9"
"10281721000";"2185300";"3297";"74012.9"
"10282801000";"2185300";"3297";"74020.8"
"10283887000";"2185300";"3297";"74029.2"
"10285229000";"2185300";"3297";"74037.5"
"10286309000";"2185300";"3297";"74045.4"
"10287390000";"2185300";"3297";"74053.8"
"10288470000";"2185300";"3297";"74061.7"
"10289550000";"2198300";"3297";"74069.7"
"10290894000";"2198300";"3297";"74079.5"
"10291973000";"2198300";"3297";"74087.5"
"10293059000";"2198300";"3297";"74095.4"
"10294139000";"2198300";"3297";"74103.4"
"10295219000";"2198300";"3297";"74111.7"
"10296562000";"2176000";"3297";"74120.0"
"10297642000";"2176000";"3297";"74128.0"
"10298722000";"2176000";"3297";"74135.9"
"10299801000";"2176000";"3297";"74143.9"
"10300882000";"2176000";"3297";"74151.8"
"10302224000";"2176000";"3297";"74161.7"
"10303310000";"2227800";"3297";"74169.6"
"10304389000";"2227800";"3297";"74178.0"
"10305469000";"2227800";"3297";"74185.9"
"10306549000";"2227800";"3297";"74193.9"
"10307892000";"2227800";"3297";"74202.2"
"10308972000";"2227800";"3297";"74210.5"
"10310053000";"2227800";"3297";"74218.5"
"10311138000";"2198700";"3297";"74226.4"
"10312217000";"2198700";"3297";"74234.4"
"10313566000";"2198700";"3297";"74242.7"
"10314646000";"2198700";"3297";"74250.7"
"10315726000";"2198700";"3297";"74259.0"
"10316806000";"2198700";"3297";"74266.9"
"10317886000";"2198700";"3297";"74274.9"
"10319228000";"2183800";"3297";"74284.7"
"10320309000";"2183800";"3297";"74292.7"
"10321388000";"2183800";"3297";"74300.6"
"10322469000";"2183800";"3296";"74308.6"
"10323554000";"2183800";"3296";"74316.9"
"10324898000";"2183800";"3296";"74326.4"
"10325978000";"2244100";"3296";"74334.7"
"10327058000";"2244100";"3296";"74342.7"
"10328137000";"2244100";"3296";"74350.6"
"10329217000";"2244100";"3297";"74359.0"
"10330559000";"2244100";"3297";"74367.3"
"10331639000";"2244100";"3297";"74375.2"
"10332718000";"2244100";"3297";"74383.2"
"10333804000";"2184600";"3296";"74391.1"
"10334884000";"2184600";"3296";"74399.5"
"10336227000";"2184600";"3296";"74407.8"
"10337308000";"2184600";"3297";"74415.7"
"10338388000";"2184600";"3297";"74423.7"
"10339468000";"2184600";"3297";"74431.7"
"10340547000";"2184600";"3296";"74439.6"
"10341890000";"2127900";"3296";"74447.9"
"10342976000";"2127900";"3296";"74456.3"
"10344056000";"2127900";"3296";"74464.2"
"10345137000";"2127900";"3297";"74472.2"
"10346217000";"2127900";"3297";"74480.5"
"10347560000";"2127900";"3297";"74488.8"
"10348640000";"2127900";"3297";"74496.8"
"10349721000";"2212700";"3297";"74505.1"
"10350801000";"2212700";"3297";"74513.1"
"10351880000";"2212700";"3297";"74521.0"
"10353232000";"2212700";"3297";"74529.3"
"10354312000";"2212700";"3297";"74537.3"
"10355392000";"2212700";"3297";"74545.2"
"10356472000";"2212700";"3297";"74553.2"
"10357553000";"2182600";"3297";"74561.5"
"10358896000";"2182600";"3297";"74569.8"
"10359977000";"2182600";"3297";"74577.8"
"10361057000";"2182600";"3297";"74585.7"
"10362136000";"2182600";"3297";"74593.7"
"10363222000";"2182600";"3297";"74601.6"
"10364565000";"2182600";"3297";"74610.3"
"10365646000";"2126200";"3297";"74618.3"
"10366725000";"2126200";"3297";"74626.3"
"10367806000";"2126200";"3297";"74634.6"
"10368885000";"2126200";"3298";"74642.5"
"10370227000";"2126200";"3298";"74650.9"
"10371307000";"2126200";"3298";"74658.8"
"10372386000";"2126200";"3297";"74666.8"
"10373472000";"2199200";"3297";"74675.1"
"10374551000";"2199200";"3298";"74683.0"
"10375893000";"2199200";"3298";"74691.4"
"10376972000";"2199200";"3298";"74699.3"
"10378052000";"2199200";"3298";"74707.3"
"10379132000";"2199200";"3298";"74715.2"
"10380211000";"2199200";"3298";"74723.2"
"10381554000";"2114800";"3298";"74731.5"
"10382633000";"2114800";"3298";"74739.4"
"10383719000";"2114800";"3298";"74747.8"
"10384799000";"2114800";"3298";"74755.7"
"10385878000";"2114800";"3297";"74763.7"
"10387221000";"2114800";"3297";"74772.4"
"10388301000";"2114800";"3298";"74780.3"
"10389381000";"2198700";"3298";"74788.3"
"10390461000";"2198700";"3298";"74796.2"
"10391541000";"2198700";"3298";"74804.6"
"10392890000";"2198700";"3298";"74812.9"
"10393970000";"2198700";"3297";"74820.9"
"10395055000";"2198700";"3297";"74828.8"
"10396135000";"2198700";"3297";"74836.8"
"10397216000";"2182100";"3297";"74844.7"
"10398558000";"2182100";"3297";"74853.0"
"10399638000";"2182100";"3297";"74861.0"
"10400717000";"2182100";"3297";"74869.3"
"10401797000";"2182100";"3297";"74877.3"
"10402883000";"2182100";"3297";"74885.2"
"10404226000";"2182100";"3297";"74893.5"
"10405306000";"2126900";"3297";"74901.5"
"10406386000";"2126900";"3297";"74909.8"
"10407466000";"2126900";"3297";"74917.8"
"10408546000";"2126900";"3297";"74925.7"
"10409888000";"2126900";"3297";"74934.0"
"10410969000";"2126900";"3298";"74942.4"
"10412049000";"2126900";"3298";"74950.3"
"10413135000";"2198300";"3298";"74958.3"
"10414214000";"2198300";"3297";"74966.2"
"10415557000";"2198300";"3297";"74974.6"
"10416637000";"2198300";"3297";"74982.5"
"10417717000";"2198300";"3297";"74990.8"
"10418798000";"2198300";"3297";"74998.8"
"10419877000";"2198300";"3297";"75006.7"
"10421220000";"2128200";"3297";"75015.1"
"10422300000";"2128200";"3297";"75023.0"
"10423385000";"2128200";"3297";"75031.0"
"10424465000";"2128200";"3297";"75039.3"
"10425545000";"2128200";"3297";"75047.3"
"10426887000";"2128200";"3297";"75057.1"
"10427968000";"2244900";"3297";"75065.1"
"10429047000";"2244900";"3297";"75073.0"
"10430127000";"2244900";"3297";"75081.3"
"10431207000";"2244900";"3297";"75089.3"
"10432550000";"2244900";"3297";"75097.6"
"10433636000";"2244900";"3297";"75105.6"
"10434715000";"2244900";"3297";"75113.5"
"10435795000";"2183900";"3297";"75121.5"
"10436880000";"2183900";"3297";"75129.8"
"10438224000";"2183900";"3297";"75139.3"
"10439303000";"2183900";"3297";"75147.2"
"10440383000";"2183900";"3297";"75155.6"
"10441463000";"2183900";"3297";"75163.5"
"10442543000";"2244900";"3297";"75171.5"
"10443890000";"2244900";"3297";"75179.8"
"10444970000";"2244900";"3297";"75187.7"
"10446050000";"2244900";"3297";"75196.1"
"10447130000";"2244900";"3297";"75204.0"
"10448210000";"2244900";"3297";"75212.0"
"10449554000";"2244900";"3297";"75220.3"
"10450633000";"2141100";"3297";"75228.6"
"10451714000";"2141100";"3297";"75236.6"
"10452793000";"2141100";"3297";"75244.5"
"10453879000";"2141100";"3297";"75252.5"
"10455221000";"2141100";"3297";"75260.8"
"10456302000";"2141100";"3296";"75268.7"
"10457381000";"2141100";"3297";"75277.1"
"10458461000";"2183900";"3297";"75285.0"
"10459541000";"2183900";"3297";"75293.0"
"10460885000";"2183900";"3297";"75301.3"
"10461965000";"2183900";"3297";"75309.3"
"10463050000";"2183900";"3296";"75317.2"
"10464131000";"2183900";"3297";"75325.5"
"10465210000";"2183900";"3296";"75333.5"
"10466553000";"2126500";"3296";"75341.8"
"10467632000";"2126500";"3296";"75349.8"
"10468712000";"2126500";"3296";"75358.1"
"10469792000";"2126500";"3296";"75366.1"
"10470872000";"2126500";"3296";"75374.0"
"10472214000";"2126500";"3296";"75382.3"
"10473299000";"2126500";"3296";"75390.3"
"10474380000";"2183900";"3296";"75398.2"
"10475460000";"2183900";"3296";"75406.6"
"10476540000";"2183900";"3296";"75414.5"
"10477943000";"2183900";"3296";"75422.8"
"10479023000";"2183900";"3296";"75430.8"
"10480103000";"2183900";"3296";"75438.7"
"10481182000";"2183900";"3296";"75446.7"
"10482263000";"2183400";"3296";"75455.0"
"10483611000";"2183400";"3296";"75463.3"
"10484691000";"2183400";"3296";"75471.3"
"10485771000";"2183400";"3296";"75479.2"
"10486851000";"2183400";"3296";"75487.6"
"10487931000";"2183400";"3296";"75495.5"
"10489274000";"2183400";"3296";"75503.9"
"10490354000";"2126500";"3296";"75511.8"
"10491434000";"2126500";"3296";"75519.8"
"10492514000";"2126500";"3296";"75528.1"
"10493600000";"2126500";"3296";"75536.0"
"10494943000";"2126500";"3297";"75544.4"
"10496023000";"2126500";"3297";"75552.3"
"10497103000";"2126500";"3297";"75560.3"
"10498183000";"2183700";"3296";"75568.2"
"10499263000";"2183700";"3296";"75576.2"
"10500606000";"2183700";"3296";"75584.5"
"10501685000";"2183700";"3296";"75592.8"
"10502766000";"2183700";"3296";"75600.8"
"10503852000";"2183700";"3296";"75608.7"
"10504931000";"2183700";"3296";"75616.7"
"10506275000";"2183500";"3296";"75626.5"
"10507354000";"2183500";"3297";"75634.5"
"10508435000";"2183500";"3297";"75642.8"
"10509515000";"2183500";"3297";"75650.8"
"10510595000";"2183500";"3297";"75658.7"
"10511938000";"2183500";"3297";"75667.0"
"10513024000";"2183500";"3297";"75675.4"
"10514103000";"2198500";"3297";"75683.3"
"10515182000";"2198500";"3296";"75691.3"
"10516263000";"2198500";"3296";"75699.2"
"10517606000";"2198500";"3296";"75707.5"
"10518686000";"2198500";"3296";"75715.5"
"10519767000";"2198500";"3297";"75723.8"
"10520851000";"2198500";"3297";"75731.8"
"10521930000";"2184100";"3296";"75739.7"
"10523279000";"2184100";"3296";"75749.6"
"10524358000";"2184100";"3296";"75757.5"
"10525438000";"2184100";"3296";"75765.5"
"10526519000";"2184100";"3296";"75773.8"
"10527599000";"2184100";"3296";"75781.8"
"10528942000";"2176200";"3296";"75790.1"
"10530023000";"2176200";"3296";"75798.0"
"10531102000";"2176200";"3296";"75806.4"
"10532183000";"2176200";"3296";"75814.3"
"10533267000";"2176200";"3296";"75822.3"
"10534610000";"2176200";"3296";"75832.1"
"10535689000";"2245300";"3296";"75840.1"
"10536768000";"2245300";"3296";"75848.0"
"10537847000";"2245300";"3296";"75856.0"
"10538928000";"2245300";"3296";"75863.9"
"10540270000";"2245300";"3296";"75873.8"
"10541350000";"2245300";"3296";"75881.7"
"10542430000";"2229700";"3296";"75889.7"
"10543516000";"2229700";"3296";"75898.0"
"10544596000";"2229700";"3296";"75906.0"
"10545939000";"2229700";"3296";"75915.8"
"10547018000";"2229700";"3296";"75923.8"
"10548099000";"2229700";"3296";"75931.7"
"10549179000";"2261600";"3296";"75940.1"
"10550259000";"2261600";"3296";"75948.0"
"10551602000";"2261600";"3296";"75956.3"
"10552681000";"2261600";"3296";"75964.3"
"10553767000";"2261600";"3296";"75972.2"
"10554847000";"2261600";"3296";"75980.6"
"10555927000";"2261600";"3296";"75988.5"
"10557270000";"2126700";"3296";"75996.8"
"10558350000";"2126700";"3296";"76004.8"
"10559430000";"2126700";"3296";"76012.7"
"10560509000";"2126700";"3296";"76020.7"
"10561589000";"2126700";"3296";"76028.6"
"10562942000";"2126700";"3296";"76037.3"
"10564021000";"2126700";"3296";"76045.3"
"10565101000";"2183000";"3296";"76053.3"
"10566181000";"2183000";"3296";"76061.6"
"10567260000";"2183000";"3296";"76069.5"
"10568602000";"2183000";"3296";"76077.9"
"10569682000";"2183000";"3296";"76085.8"
"10570762000";"2183000";"3296";"76094.1"
"10571842000";"2183000";"3296";"76102.1"
"10572928000";"2199000";"3296";"76110.0"
"10574271000";"2199000";"3296";"76118.4"
"10575351000";"2199000";"3296";"76126.3"
"10576430000";"2199000";"3296";"76134.3"
"10577511000";"2199000";"3296";"76142.2"
"10578592000";"2199000";"3296";"76150.6"
"10579934000";"2199000";"3296";"76158.9"
"10581015000";"2127700";"3296";"76166.8"
"10582095000";"2127700";"3296";"76174.8"
"10583180000";"2127700";"3296";"76182.7"
"10584260000";"2127700";"3296";"76190.7"
"10585603000";"2127700";"3296";"76199.0"
"10586683000";"2127700";"3296";"76207.3"
"10587763000";"2127700";"3296";"76215.3"
"10588842000";"2184100";"3296";"76223.2"
"10589922000";"2184100";"3296";"76231.6"
"10591266000";"2184100";"3297";"76239.9"
"10592345000";"2184100";"3297";"76247.9"
"10593429000";"2184100";"3296";"76255.8"
"10594510000";"2184100";"3296";"76263.8"
"10595590000";"2184100";"3297";"76271.7"
"10596933000";"2126500";"3297";"76280.0"
"10598013000";"2126500";"3297";"76288.4"
"10599093000";"2126500";"3297";"76296.3"
"10600173000";"2126500";"3297";"76304.3"
"10601253000";"2126500";"3297";"76312.2"
"10602594000";"2126500";"3297";"76322.1"
"10603680000";"2245300";"3297";"76330.0"
"10604764000";"2245300";"3297";"76338.3"
"10605844000";"2245300";"3297";"76346.3"
"10606924000";"2245300";"3297";"76354.3"
"10608267000";"2245300";"3297";"76362.6"
"10609347000";"2245300";"3297";"76370.9"
"10610427000";"2245300";"3297";"76378.9"
"10611507000";"2198800";"3297";"76386.8"
"10612586000";"2198800";"3297";"76394.8"
"10613935000";"2198800";"3297";"76403.1"
"10615015000";"2198800";"3296";"76411.0"
"10616095000";"2198800";"3296";"76419.4"
"10617175000";"2198800";"3297";"76427.3"
"10618256000";"2198800";"3297";"76435.3"
"10619598000";"2126500";"3297";"76443.6"
"10620679000";"2126500";"3297";"76451.5"
"10621759000";"2126500";"3297";"76459.5"
"10622839000";"2126500";"3297";"76467.5"
"10623925000";"2126500";"3297";"76475.8"
"10625267000";"2126500";"3297";"76484.1"
"10626348000";"2126500";"3297";"76492.1"
"10627428000";"2183400";"3297";"76500.0"
"10628508000";"2183400";"3297";"76508.3"
"10629588000";"2183400";"3297";"76516.3"
"10630931000";"2183400";"3297";"76524.6"
"10632012000";"2183400";"3297";"76532.6"
"10633097000";"2183400";"3297";"76540.9"
"10634178000";"2183400";"3297";"76548.9"
"10635257000";"2198500";"3297";"76556.8"
"10636599000";"2198500";"3297";"76565.1"
"10637678000";"2198500";"3297";"76573.1"
"10638758000";"2198500";"3297";"76581.0"
"10639838000";"2198500";"3297";"76589.0"
"10640917000";"2198500";"3297";"76596.9"
"10642261000";"2198500";"3297";"76605.3"
"10643347000";"2112400";"3297";"76613.2"
"10644428000";"2112400";"3297";"76621.5"
"10645507000";"2112400";"3297";"76629.5"
"10646592000";"2112400";"3297";"76637.4"
"10647934000";"2112400";"3296";"76645.8"
"10649015000";"2112400";"3296";"76654.1"
"10650094000";"2112400";"3296";"76662.0"
"10651173000";"2199200";"3297";"76670.0"
"10652254000";"2199200";"3296";"76678.0"
"10653602000";"2199200";"3296";"76686.3"
"10654681000";"2199200";"3296";"76694.2"
"10655762000";"2199200";"3296";"76702.6"
"10656841000";"2199200";"3296";"76710.5"
"10657921000";"2199200";"3296";"76718.5"
"10659264000";"2183800";"3297";"76728.3"
"10660345000";"2183800";"3297";"76736.3"
"10661425000";"2183800";"3297";"76744.2"
"10662505000";"2183800";"3297";"76752.2"
"10663590000";"2183800";"3297";"76760.1"
"10664933000";"2183800";"3297";"76768.4"
"10666013000";"2183800";"3297";"76776.8"
"10667093000";"2183700";"3297";"76784.7"
"10668172000";"2183700";"3297";"76792.7"
"10669252000";"2183700";"3297";"76800.6"
"10670595000";"2183700";"3297";"76808.9"
"10671675000";"2183700";"3297";"76817.3"
"10672755000";"2183700";"3297";"76825.2"
"10673841000";"2183700";"3297";"76833.2"
"10674921000";"2183900";"3297";"76841.1"
"10676263000";"2183900";"3297";"76849.5"
"10677343000";"2183900";"3297";"76857.4"
"10678422000";"2183900";"3297";"76865.4"
"10679502000";"2183900";"3297";"76873.3"
"10680583000";"2183900";"3297";"76881.6"
"10681926000";"2183900";"3297";"76889.6"
"10683011000";"2126700";"3297";"76897.9"
"10684091000";"2126700";"3297";"76905.9"
"10685172000";"2126700";"3297";"76913.8"
"10686252000";"2126700";"3297";"76922.2"
"10687659000";"2126700";"3297";"76930.5"
"10688739000";"2126700";"3297";"76938.4"
"10689818000";"2126700";"3297";"76946.8"
"10690898000";"2182100";"3297";"76954.7"
"10691978000";"2182100";"3297";"76962.7"
"10693326000";"2182100";"3297";"76971.0"
"10694406000";"2182100";"3297";"76978.9"
"10695486000";"2182100";"3296";"76986.9"
"10696565000";"2182100";"3296";"76994.8"
"10697645000";"2182100";"3297";"77002.8"
"10698988000";"2112600";"3297";"77011.1"
"10700068000";"2112600";"3297";"77019.4"
"10701147000";"2112600";"3297";"77027.4"
"10702227000";"2112600";"3297";"77035.4"
"10703312000";"2112600";"3297";"77043.3"
"10704654000";"2112600";"3297";"77053.1"
"10705734000";"2245600";"3297";"77061.1"
"10706814000";"2245600";"3297";"77069.1"
"10707893000";"2245600";"3297";"77077.4"
"10708974000";"2245600";"3297";"77085.3"
"10710316000";"2245600";"3297";"77093.7"
"10711396000";"2245600";"3297";"77101.6"
"10712476000";"2245600";"3297";"77109.6"
"10713561000";"2198800";"3297";"77117.9"
"10714641000";"2198800";"3297";"77125.8"
"10715983000";"2198800";"3296";"77135.3"
"10717063000";"2198800";"3296";"77143.3"
"10718148000";"2198800";"3296";"77151.6"
"10719228000";"2198800";"3296";"77159.6"
"10720309000";"2227800";"3296";"77167.5"
"10721652000";"2227800";"3297";"77175.8"
"10722732000";"2227800";"3297";"77183.8"
"10723818000";"2227800";"3297";"77191.7"
"10724898000";"2227800";"3297";"77199.7"
"10725978000";"2227800";"3297";"77208.0"
"10727321000";"2227800";"3297";"77216.3"
"10728400000";"2126500";"3297";"77224.3"
"10729480000";"2126500";"3296";"77232.2"
"10730565000";"2126500";"3297";"77240.2"
"10731645000";"2126500";"3297";"77248.5"
"10732994000";"2126500";"3297";"77258.4"
"10734074000";"2126500";"3297";"77266.3"
"10735154000";"2242800";"3297";"77274.3"
"10736233000";"2242800";"3297";"77282.2"
"10737314000";"2242800";"3297";"77290.2"
"10738657000";"2242800";"3297";"77298.5"
"10739737000";"2242800";"3297";"77306.4"
"10740818000";"2242800";"3297";"77314.4"
"10741898000";"2242800";"3297";"77322.7"
"10742983000";"2183500";"3297";"77330.7"
"10744326000";"2183500";"3297";"77339.0"
"10745406000";"2183500";"3297";"77347.0"
"10746486000";"2183500";"3297";"77355.3"
"10747566000";"2183500";"3297";"77363.2"
"10748645000";"2183500";"3297";"77371.2"
"10749987000";"2183500";"3296";"77379.5"
"10751068000";"2142700";"3297";"77387.9"
"10752148000";"2142700";"3297";"77395.8"
"10753234000";"2142700";"3297";"77403.8"
"10754314000";"2142700";"3297";"77411.7"
"10755657000";"2142700";"3297";"77420.0"
"10756736000";"2142700";"3297";"77428.0"
"10757817000";"2142700";"3297";"77435.9"
"10758896000";"2183700";"3297";"77444.3"
"10759975000";"2183700";"3297";"77452.2"
"10761318000";"2183700";"3297";"77460.5"
"10762397000";"2183700";"3297";"77468.5"
"10763483000";"2183700";"3297";"77476.4"
"10764563000";"2183700";"3297";"77484.4"
"10765642000";"2183700";"3297";"77492.7"
"10766986000";"2169900";"3297";"77502.2"
"10768067000";"2169900";"3297";"77510.5"
"10769146000";"2169900";"3297";"77518.5"
"10770226000";"2169900";"3297";"77526.4"
"10771306000";"2169900";"3297";"77534.4"
"10772654000";"2169900";"3297";"77544.2"
"10773739000";"2243000";"3297";"77552.2"
"10774819000";"2243000";"3297";"77560.1"
"10775900000";"2243000";"3297";"77568.1"
"10776980000";"2243000";"3297";"77576.4"
"10778323000";"2243000";"3297";"77584.7"
"10779404000";"2243000";"3297";"77592.7"
"10780483000";"2243000";"3297";"77600.6"
"10781564000";"2184800";"3297";"77608.6"
"10782644000";"2184800";"3297";"77616.5"
"10783993000";"2184800";"3297";"77624.9"
"10785073000";"2184800";"3297";"77632.8"
"10786153000";"2184800";"3297";"77641.2"
"10787232000";"2184800";"3296";"77649.1"
"10788311000";"2184800";"3296";"77657.1"
"10789655000";"2126700";"3296";"77665.4"
"10790734000";"2126700";"3296";"77673.7"
"10791813000";"2126700";"3296";"77681.7"
"10792899000";"2126700";"3296";"77689.6"
"10793978000";"2126700";"3296";"77697.6"
"10795321000";"2126700";"3296";"77707.4"
"10796401000";"2245300";"3296";"77715.4"
"10797481000";"2245300";"3296";"77723.3"
"10798560000";"2245300";"3296";"77731.3"
"10799640000";"2245300";"3296";"77739.2"
"10800983000";"2245300";"3296";"77749.1"
"10802063000";"2245300";"3296";"77757.0"
"10803149000";"2227600";"3296";"77765.0"
"10804229000";"2227600";"3296";"77773.3"
"10805309000";"2227600";"3296";"77781.3"
"10806651000";"2227600";"3296";"77791.1"
"10807731000";"2227600";"3296";"77799.1"
"10808810000";"2227600";"3296";"77807.0"
"10809890000";"2247100";"3296";"77815.0"
"10810971000";"2247100";"3296";"77823.3"
"10812314000";"2247100";"3297";"77831.6"
"10813399000";"2247100";"3297";"77839.6"
"10814483000";"2247100";"3297";"77847.5"
"10815564000";"2247100";"3296";"77855.5"
"10816643000";"2247100";"3296";"77863.4"
"10817986000";"2125300";"3296";"77871.7"
"10819066000";"2125300";"3296";"77879.7"
"10820146000";"2125300";"3296";"77887.6"
"10821226000";"2125300";"3296";"77896.0"
"10822306000";"2125300";"3296";"77903.9"
"10823655000";"2125300";"3296";"77912.2"
"10824734000";"2125300";"3296";"77920.2"
"10825815000";"2183700";"3296";"77928.2"
"10826894000";"2183700";"3296";"77936.1"
"10827974000";"2183700";"3296";"77944.4"
"10829316000";"2183700";"3296";"77952.8"
"10830396000";"2183700";"3296";"77960.7"
"10831476000";"2183700";"3296";"77968.7"
"10832556000";"2183700";"3296";"77976.6"
"10833642000";"2184100";"3296";"77984.6"
"10834985000";"2184100";"3296";"77992.9"
"10836065000";"2184100";"3296";"78000.8"
"10837145000";"2184100";"3296";"78009.2"
"10838226000";"2184100";"3296";"78017.1"
"10839306000";"2184100";"3296";"78025.1"
"10840649000";"2161300";"3296";"78034.5"
"10841728000";"2161300";"3296";"78042.5"
"10842808000";"2161300";"3296";"78050.8"
"10843893000";"2161300";"3296";"78058.8"
"10844973000";"2161300";"3296";"78066.7"
"10846315000";"2161300";"3296";"78075.1"
"10847395000";"2161300";"3296";"78083.0"
"10848475000";"2184300";"3296";"78091.0"
"10849555000";"2184300";"3296";"78099.3"
"10850635000";"2184300";"3296";"78107.2"
"10851978000";"2184300";"3296";"78115.6"
"10853063000";"2184300";"3296";"78123.5"
"10854142000";"2184300";"3296";"78131.5"
"10855223000";"2184300";"3296";"78139.8"
"10856308000";"2197200";"3296";"78147.8"
"10857650000";"2197200";"3296";"78156.1"
"10858730000";"2197200";"3296";"78164.0"
"10859811000";"2197200";"3296";"78172.0"
"10860891000";"2197200";"3296";"78179.9"
"10861970000";"2197200";"3296";"78187.9"
"10863319000";"2197200";"3296";"78196.2"
"10864399000";"2112400";"3296";"78204.2"
"10865479000";"2112400";"3296";"78212.1"
"10866559000";"2112400";"3296";"78220.4"
"10867639000";"2112400";"3296";"78228.4"
"10868982000";"2112400";"3296";"78236.7"
"10870061000";"2112400";"3296";"78244.7"
"10871141000";"2112400";"3296";"78252.6"
"10872222000";"2200100";"3296";"78260.9"
"10873307000";"2200100";"3296";"78268.9"
"10874650000";"2200100";"3296";"78277.2"
"10875731000";"2200100";"3297";"78285.2"
"10876810000";"2200100";"3297";"78293.1"
"10877890000";"2200100";"3297";"78301.1"
"10878969000";"2200100";"3297";"78309.0"
"10880312000";"2112600";"3297";"78317.3"
"10881392000";"2112600";"3297";"78325.3"
"10882471000";"2112600";"3297";"78333.3"
"10883557000";"2112600";"3297";"78341.2"
"10884638000";"2112600";"3297";"78349.5"
"10885980000";"2112600";"3297";"78357.9"
"10887060000";"2112600";"3297";"78365.8"
"10888140000";"2183700";"3297";"78373.8"
"10889220000";"2183700";"3297";"78381.7"
"10890300000";"2183700";"3297";"78390.0"
"10891642000";"2183700";"3297";"78398.4"
"10892723000";"2183700";"3297";"78406.3"
"10893808000";"2183700";"3297";"78414.3"
"10894888000";"2183700";"3297";"78422.2"
"10895968000";"2183900";"3297";"78430.2"
"10897375000";"2183900";"3297";"78438.5"
"10898455000";"2183900";"3297";"78446.4"
"10899534000";"2183900";"3297";"78454.8"
"10900614000";"2183900";"3297";"78462.7"
"10901694000";"2183900";"3297";"78470.7"
"10903042000";"2157000";"3297";"78480.5"
"10904121000";"2157000";"3297";"78488.5"
"10905201000";"2157000";"3297";"78496.4"
"10906281000";"2157000";"3297";"78504.4"
"10907362000";"2157000";"3297";"78512.3"
"10908704000";"2157000";"3297";"78522.2"
"10909785000";"2229500";"3297";"78530.1"
"10910865000";"2229500";"3297";"78538.5"
"10911944000";"2229500";"3297";"78546.4"
"10913029000";"2229500";"3297";"78554.4"
"10914372000";"2229500";"3297";"78562.7"
"10915452000";"2229500";"3297";"78570.6"
"10916533000";"2229500";"3297";"78578.6"
"10917612000";"2198700";"3297";"78586.9"
"10918693000";"2198700";"3297";"78594.9"
"10920035000";"2198700";"3297";"78604.3"
"10921116000";"2198700";"3297";"78612.3"
"10922195000";"2198700";"3297";"78620.3"
"10923281000";"2198700";"3297";"78628.6"
"10924361000";"2227400";"3297";"78636.5"
"10925703000";"2227400";"3297";"78644.9"
"10926784000";"2227400";"3297";"78652.8"
"10927863000";"2227400";"3297";"78660.8"
"10928944000";"2227400";"3297";"78669.1"
"10930023000";"2227400";"3297";"78677.0"
"10931365000";"2227400";"3296";"78685.4"
"10932446000";"2128400";"3296";"78693.3"
"10933530000";"2128400";"3296";"78701.3"
"10934611000";"2128400";"3296";"78709.6"
"10935692000";"2128400";"3296";"78717.6"
"10937034000";"2128400";"3296";"78727.0"
"10938115000";"2128400";"3296";"78735.0"
"10939194000";"2227400";"3297";"78742.9"
"10940279000";"2227400";"3297";"78751.3"
"10941360000";"2227400";"3297";"78759.2"
"10942702000";"2227400";"3297";"78767.5"
"10943788000";"2227400";"3297";"78775.5"
"10944867000";"2227400";"3297";"78783.4"
"10945947000";"2227400";"3297";"78791.4"
"10947026000";"2182800";"3297";"78799.3"
"10948370000";"2182800";"3297";"78808.0"
"10949450000";"2182800";"3297";"78816.0"
"10950531000";"2182800";"3297";"78823.9"
"10951610000";"2182800";"3297";"78831.9"
"10952690000";"2182800";"3297";"78839.9"
"10954038000";"2176200";"3297";"78849.7"
"10955118000";"2176200";"3297";"78857.6"
"10956198000";"2176200";"3297";"78865.6"
"10957278000";"2176200";"3297";"78873.6"
"10958359000";"2176200";"3297";"78881.9"
"10959702000";"2176200";"3297";"78889.8"
"10960782000";"2176200";"3297";"78897.8"
"10961862000";"2185000";"3297";"78906.1"
"10962947000";"2185000";"3297";"78914.1"
"10964028000";"2185000";"3297";"78922.0"
"10965370000";"2185000";"3297";"78930.3"
"10966450000";"2185000";"3297";"78938.3"
"10967529000";"2185000";"3297";"78946.2"
"10968610000";"2185000";"3297";"78954.6"
"10969690000";"2183700";"3297";"78962.5"
"10971034000";"2183700";"3297";"78970.8"
"10972114000";"2183700";"3297";"78978.8"
"10973200000";"2183700";"3297";"78986.7"
"10974280000";"2183700";"3297";"78995.1"
"10975359000";"2183700";"3297";"79003.0"
"10976702000";"2159900";"3297";"79012.5"
"10977781000";"2159900";"3297";"79020.8"
"10978862000";"2159900";"3297";"79028.8"
"10979942000";"2159900";"3297";"79036.7"
"10981022000";"2159900";"3297";"79044.7"
"10982370000";"2159900";"3297";"79053.0"
"10983455000";"2159900";"3297";"79061.0"
"10984535000";"2182300";"3297";"79068.9"
"10985616000";"2182300";"3297";"79077.2"
"10986696000";"2182300";"3297";"79085.2"
"10988039000";"2182300";"3297";"79093.5"
"10989119000";"2182300";"3297";"79101.5"
"10990199000";"2182300";"3297";"79109.8"
"10991279000";"2182300";"3297";"79117.8"
"10992359000";"2199900";"3297";"79125.7"
"10993706000";"2199900";"3297";"79134.0"
"10994786000";"2199900";"3297";"79142.0"
"10995866000";"2199900";"3297";"79149.9"
"10996946000";"2199900";"3297";"79157.9"
"10998026000";"2199900";"3297";"79165.8"
"10999369000";"2199900";"3297";"79174.2"
"11000449000";"2112600";"3297";"79182.1"
"11001529000";"2112600";"3297";"79190.4"
"11002610000";"2112600";"3297";"79198.4"
"11003696000";"2112600";"3296";"79206.3"
"11005038000";"2112600";"3296";"79214.7"
"11006119000";"2112600";"3296";"79223.0"
"11007198000";"2112600";"3296";"79231.0"
"11008278000";"2198300";"3296";"79238.9"
"11009357000";"2198300";"3296";"79246.9"
"11010700000";"2198300";"3297";"79255.2"
"11011781000";"2198300";"3297";"79263.5"
"11012866000";"2198300";"3297";"79271.5"
"11013946000";"2198300";"3297";"79279.4"
"11015025000";"2198300";"3297";"79287.4"
"11016368000";"2126900";"3297";"79295.7"
"11017448000";"2126900";"3297";"79303.6"
"11018528000";"2126900";"3297";"79311.6"
"11019609000";"2126900";"3297";"79319.5"
"11020689000";"2126900";"3297";"79327.9"
"11022032000";"2126900";"3297";"79336.2"
"11023118000";"2126900";"3297";"79344.2"
"11024202000";"2182100";"3297";"79352.1"
"11025282000";"2182100";"3297";"79360.1"
"11026362000";"2182100";"3297";"79368.0"
"11027705000";"2182100";"3297";"79377.9"
"11028786000";"2182100";"3297";"79386.2"
"11029865000";"2182100";"3297";"79394.1"
"11030945000";"2246600";"3297";"79402.1"
"11032025000";"2246600";"3297";"79410.0"
"11033374000";"2246600";"3297";"79418.4"
"11034453000";"2246600";"3297";"79426.7"
"11035533000";"2246600";"3297";"79434.6"
"11036613000";"2246600";"3297";"79442.6"
"11037693000";"2246600";"3297";"79450.6"
"11039035000";"2184000";"3297";"79460.4"
"11040115000";"2184000";"3297";"79468.4"
"11041196000";"2184000";"3297";"79476.3"
"11042275000";"2184000";"3297";"79484.3"
"11043361000";"2184000";"3297";"79492.2"
"11044703000";"2184000";"3297";"79500.5"
"11045783000";"2184000";"3297";"79508.9"
"11046862000";"2184100";"3297";"79516.8"
"11047943000";"2184100";"3297";"79524.8"
"11049023000";"2184100";"3297";"79533.1"
"11050367000";"2184100";"3297";"79542.6"
"11051447000";"2184100";"3297";"79550.9"
"11052528000";"2184100";"3297";"79558.8"
"11053613000";"2243800";"3297";"79566.8"
"11054693000";"2243800";"3297";"79574.8"
"11056035000";"2243800";"3297";"79583.1"
"11057115000";"2243800";"3297";"79591.0"
"11058195000";"2243800";"3297";"79599.0"
"11059276000";"2243800";"3297";"79606.9"
"11060356000";"2243800";"3297";"79615.3"
"11061699000";"2113600";"3297";"79623.2"
"11062778000";"2113600";"3297";"79631.5"
"11063865000";"2113600";"3297";"79639.5"
"11064945000";"2113600";"3297";"79647.4"
"11066029000";"2113600";"3297";"79655.4"
"11067372000";"2113600";"3297";"79663.7"
"11068451000";"2113600";"3297";"79672.0"
"11069530000";"2197800";"3297";"79680.0"
"11070611000";"2197800";"3297";"79687.9"
"11071690000";"2197800";"3297";"79695.9"
"11073039000";"2197800";"3297";"79704.2"
"11074119000";"2197800";"3297";"79712.6"
"11075198000";"2197800";"3297";"79720.5"
"11076277000";"2197800";"3297";"79728.5"
"11077357000";"2184300";"3297";"79736.4"
"11078699000";"2184300";"3297";"79744.7"
"11079779000";"2184300";"3297";"79752.7"
"11080858000";"2184300";"3297";"79760.6"
"11081938000";"2184300";"3297";"79768.6"
"11083023000";"2184300";"3296";"79776.9"
"11084366000";"2177200";"3296";"79786.8"
"11085445000";"2177200";"3297";"79794.7"
"11086526000";"2177200";"3297";"79802.7"
"11087606000";"2177200";"3297";"79810.6"
"11088686000";"2177200";"3297";"79819.0"
"11090029000";"2177200";"3297";"79827.3"
"11091109000";"2177200";"3297";"79835.2"
"11092189000";"2185200";"3297";"79843.2"
"11093274000";"2185200";"3296";"79851.1"
"11094354000";"2185200";"3297";"79859.5"
"11095696000";"2185200";"3296";"79867.4"
"11096777000";"2185200";"3296";"79875.7"
"11097856000";"2185200";"3297";"79883.7"
"11098936000";"2185200";"3297";"79891.6"
"11100016000";"2184100";"3297";"79899.6"
"11101359000";"2184100";"3297";"79907.9"
"11102438000";"2184100";"3297";"79915.9"
"11103524000";"2184100";"3297";"79923.8"
"11104604000";"2184100";"3297";"79932.2"
"11105685000";"2184100";"3297";"79940.1"
"11107090000";"2184100";"3297";"79948.4"
"11108169000";"2110400";"3297";"79956.4"
"11109250000";"2110400";"3297";"79964.7"
"11110329000";"2110400";"3297";"79972.7"
"11111408000";"2110400";"3297";"79980.6"
"11112751000";"2110400";"3297";"79988.9"
"11113836000";"2110400";"3297";"79996.9"
"11114917000";"2110400";"3297";"80004.8"
"11115997000";"2198700";"3297";"80013.2"
"11117076000";"2198700";"3297";"80021.1"
"11118419000";"2198700";"3297";"80029.4"
"11119498000";"2198700";"3297";"80037.4"
"11120579000";"2198700";"3297";"80045.3"
"11121659000";"2198700";"3297";"80053.3"
"11122738000";"2198700";"3297";"80061.3"
"11124086000";"2112900";"3297";"80069.6"
"11125166000";"2112900";"3297";"80077.5"
"11126246000";"2112900";"3297";"80085.9"
"11127326000";"2112900";"3297";"80093.8"
"11128405000";"2112900";"3297";"80101.8"
"11129748000";"2112900";"3297";"80110.1"
"11130828000";"2112900";"3297";"80118.4"
"11131909000";"2200100";"3297";"80126.4"
"11132994000";"2200100";"3297";"80134.3"
"11134073000";"2200100";"3296";"80142.3"
"11135415000";"2200100";"3296";"80150.6"
"11136496000";"2200100";"3296";"80158.5"
"11137575000";"2200100";"3297";"80166.9"
"11138656000";"2200100";"3297";"80174.8"
"11139736000";"2184100";"3297";"80182.8"
"11141079000";"2184100";"3297";"80191.1"
"11142159000";"2184100";"3297";"80199.1"
"11143244000";"2184100";"3297";"80207.0"
"11144325000";"2184100";"3297";"80215.0"
"11145406000";"2184100";"3297";"80223.3"
"11146749000";"2184100";"3297";"80231.6"
"11147828000";"2126400";"3297";"80239.6"
"11148907000";"2126400";"3297";"80247.5"
"11149993000";"2126400";"3297";"80255.8"
"11151073000";"2126400";"3297";"80263.8"
"11152416000";"2126400";"3297";"80273.6"
"11153502000";"2126400";"3297";"80281.6"
"11154581000";"2243000";"3297";"80289.6"
"11155661000";"2243000";"3297";"80297.5"
"11156741000";"2243000";"3297";"80305.5"
"11158084000";"2243000";"3297";"80313.8"
"11159164000";"2243000";"3297";"80321.7"
"11160245000";"2243000";"3297";"80329.7"
"11161325000";"2243000";"3297";"80338.0"
"11162404000";"2185300";"3297";"80346.0"
"11163753000";"2185300";"3297";"80354.3"
"11164833000";"2185300";"3297";"80362.2"
"11165913000";"2185300";"3296";"80370.2"
"11166993000";"2185300";"3296";"80378.5"
"11168073000";"2185300";"3296";"80386.5"
"11169415000";"2185300";"3296";"80394.8"
"11170496000";"2126400";"3296";"80402.7"
"11171576000";"2126400";"3296";"80411.1"
"11172656000";"2126400";"3296";"80419.0"
"11173742000";"2126400";"3296";"80427.0"
"11175085000";"2126400";"3296";"80436.8"
"11176165000";"2126400";"3296";"80444.8"
"11177246000";"2244300";"3296";"80452.7"
"11178326000";"2244300";"3296";"80460.7"
"11179406000";"2244300";"3296";"80468.6"
"11180748000";"2244300";"3296";"80477.0"
"11181828000";"2244300";"3296";"80484.9"
"11182914000";"2244300";"3296";"80493.2"
"11183993000";"2244300";"3296";"80501.2"
"11185073000";"2184100";"3296";"80509.2"
"11186416000";"2184100";"3296";"80519.0"
"11187497000";"2184100";"3296";"80526.9"
"11188576000";"2184100";"3296";"80534.9"
"11189656000";"2184100";"3296";"80543.2"
"11190736000";"2184100";"3296";"80551.2"
"11192084000";"2176400";"3297";"80559.5"
"11193169000";"2176400";"3296";"80567.5"
"11194249000";"2176400";"3296";"80575.4"
"11195329000";"2176400";"3296";"80583.4"
"11196409000";"2176400";"3296";"80591.7"
"11197753000";"2176400";"3296";"80599.6"
"11198833000";"2176400";"3296";"80608.0"
"11199913000";"2183500";"3296";"80615.9"
"11200994000";"2183500";"3296";"80623.9"
"11202074000";"2183500";"3296";"80631.8"
"11203421000";"2183500";"3296";"80640.1"
"11204501000";"2183500";"3296";"80648.1"
"11205582000";"2183500";"3297";"80656.0"
"11206661000";"2183500";"3296";"80664.4"
"11207741000";"2183900";"3296";"80672.3"
"11209083000";"2183900";"3296";"80682.2"
"11210162000";"2183900";"3296";"80690.1"
"11211242000";"2183900";"3296";"80698.5"
"11212322000";"2183900";"3296";"80706.4"
"11213408000";"2183900";"3296";"80714.4"
"11214749000";"2177400";"3297";"80722.7"
"11215829000";"2177400";"3297";"80730.6"
"11216908000";"2177400";"3297";"80738.6"
"11217989000";"2177400";"3296";"80746.5"
"11219068000";"2177400";"3296";"80754.9"
"11220411000";"2177400";"3296";"80764.3"
"11221491000";"2229500";"3296";"80772.3"
"11222571000";"2229500";"3297";"80780.6"
"11223657000";"2229500";"3297";"80788.6"
"11224737000";"2229500";"3297";"80796.5"
"11226080000";"2229500";"3297";"80804.9"
"11227159000";"2229500";"3297";"80812.8"
"11228240000";"2229500";"3297";"80821.1"
"11229320000";"2198500";"3297";"80829.1"
"11230400000";"2198500";"3297";"80837.0"
"11231743000";"2198500";"3296";"80845.4"
"11232823000";"2198500";"3296";"80853.7"
"11233913000";"2198500";"3296";"80861.6"
"11234993000";"2198500";"3296";"80869.6"
"11236073000";"2198500";"3296";"80877.6"
"11237416000";"2182400";"3297";"80887.4"
"11238496000";"2182400";"3297";"80895.4"
"11239577000";"2182400";"3297";"80903.3"
"11240656000";"2182400";"3296";"80911.3"
"11241737000";"2182400";"3296";"80919.6"
"11243084000";"2182400";"3297";"80927.5"
"11244165000";"2182400";"3297";"80935.9"
"11245245000";"2183500";"3297";"80943.8"
"11246325000";"2183500";"3297";"80951.8"
"11247404000";"2183500";"3297";"80959.7"
"11248748000";"2183500";"3297";"80968.4"
"11249827000";"2183500";"3297";"80976.4"
"11250908000";"2183500";"3297";"80984.3"
"11251988000";"2183500";"3297";"80992.3"
"11253074000";"2198300";"3297";"81000.6"
"11254416000";"2198300";"3297";"81008.9"
"11255496000";"2198300";"3297";"81016.9"
"11256576000";"2198300";"3297";"81024.8"
"11257657000";"2198300";"3297";"81032.8"
"11258737000";"2198300";"3297";"81041.1"
"11260079000";"2198300";"3297";"81049.4"
"11261159000";"2128200";"3297";"81057.4"
"11262239000";"2128200";"3297";"81065.3"
"11263324000";"2128200";"3297";"81073.3"
"11264403000";"2128200";"3297";"81081.2"
"11265746000";"2128200";"3297";"81089.6"
"11266826000";"2128200";"3297";"81097.9"
"11267906000";"2128200";"3297";"81105.9"
"11268985000";"2184400";"3297";"81113.8"
"11270066000";"2184400";"3297";"81122.1"
"11271409000";"2184400";"3297";"81130.5"
"11272489000";"2184400";"3297";"81138.4"
"11273575000";"2184400";"3297";"81146.4"
"11274654000";"2184400";"3297";"81154.3"
"11275739000";"2184400";"3297";"81162.3"
"11277082000";"2182100";"3297";"81172.1"
"11278163000";"2182100";"3297";"81180.1"
"11279243000";"2182100";"3297";"81188.0"
"11280323000";"2182100";"3297";"81196.4"
"11281404000";"2182100";"3297";"81204.3"
"11282746000";"2182100";"3297";"81213.8"
"11283831000";"2244700";"3297";"81222.1"
"11284911000";"2244700";"3297";"81230.1"
"11285991000";"2244700";"3297";"81238.0"
"11287072000";"2244700";"3297";"81246.0"
"11288414000";"2244700";"3297";"81254.7"
"11289494000";"2244700";"3297";"81262.6"
"11290574000";"2244700";"3297";"81270.6"
"11291654000";"2185200";"3297";"81278.5"
"11292734000";"2185200";"3297";"81286.8"
"11294082000";"2185200";"3297";"81295.2"
"11295162000";"2185200";"3297";"81303.1"
"11296242000";"2185200";"3297";"81311.1"
"11297322000";"2185200";"3297";"81319.0"
"11298402000";"2185200";"3297";"81327.0"
"11299745000";"2126700";"3297";"81335.3"
"11300826000";"2126700";"3297";"81343.2"
"11301906000";"2126700";"3297";"81351.6"
"11302991000";"2126700";"3297";"81359.5"
"11304071000";"2126700";"3297";"81367.5"
"11305413000";"2126700";"3296";"81375.8"
"11306494000";"2126700";"3296";"81384.1"
"11307574000";"2198300";"3297";"81392.1"
"11308654000";"2198300";"3296";"81400.0"
"11309734000";"2198300";"3297";"81408.0"
"11311077000";"2198300";"3297";"81417.8"
"11312156000";"2198300";"3297";"81426.2"
"11313241000";"2198300";"3297";"81434.1"
"11314320000";"2245300";"3297";"81442.1"
"11315400000";"2245300";"3297";"81450.0"
"11316804000";"2245300";"3297";"81458.3"
"11317884000";"2245300";"3297";"81466.3"
"11318965000";"2245300";"3297";"81474.6"
"11320045000";"2245300";"3297";"81482.6"
"11321125000";"2245300";"3297";"81490.5"
"11322468000";"2111700";"3297";"81498.9"
"11323554000";"2111700";"3297";"81506.8"
"11324633000";"2111700";"3297";"81514.8"
"11325714000";"2111700";"3297";"81523.1"
"11326794000";"2111700";"3297";"81531.0"
"11328137000";"2111700";"3297";"81540.9"
"11329217000";"2244500";"3296";"81548.8"
"11330296000";"2244500";"3296";"81556.8"
"11331376000";"2244500";"3296";"81565.1"
"11332457000";"2244500";"3297";"81573.1"
"11333805000";"2244500";"3297";"81581.4"
"11334885000";"2244500";"3297";"81589.4"
"11335964000";"2244500";"3297";"81597.3"
"11337045000";"2183900";"3297";"81605.3"
"11338124000";"2183900";"3297";"81613.6"
"11339466000";"2183900";"3296";"81621.5"
"11340547000";"2183900";"3296";"81629.9"
"11341627000";"2183900";"3296";"81637.8"
"11342706000";"2183900";"3296";"81645.8"
"11343791000";"2183900";"3297";"81653.7"
"11345134000";"2127000";"3296";"81662.0"
"11346214000";"2127000";"3297";"81670.0"
"11347294000";"2127000";"3297";"81678.3"
"11348375000";"2127000";"3297";"81686.3"
"11349454000";"2127000";"3297";"81694.2"
"11350797000";"2127000";"3297";"81702.9"
"11351877000";"2127000";"3297";"81710.9"
"11352963000";"2198500";"3297";"81718.8"
"11354042000";"2198500";"3297";"81727.2"
"11355123000";"2198500";"3297";"81735.1"
"11356466000";"2198500";"3297";"81743.4"
"11357546000";"2198500";"3297";"81751.4"
"11358626000";"2198500";"3297";"81759.3"
"11359710000";"2198500";"3297";"81767.3"
"11360790000";"2184100";"3297";"81775.3"
"11362133000";"2184100";"3297";"81783.6"
"11363219000";"2184100";"3297";"81791.9"
"11364299000";"2184100";"3297";"81799.9"
"11365379000";"2184100";"3297";"81807.8"
"11366460000";"2184100";"3297";"81815.8"
"11367804000";"2184100";"3297";"81824.1"
"11368883000";"2140300";"3297";"81832.4"
"11369964000";"2140300";"3297";"81840.4"
"11371043000";"2140300";"3296";"81848.3"
"11372123000";"2140300";"3297";"81856.7"
"11373471000";"2140300";"3297";"81866.1"
"11374551000";"2140300";"3297";"81874.5"
"11375631000";"2244900";"3297";"81882.4"
"11376711000";"2244900";"3297";"81890.4"
"11377791000";"2244900";"3297";"81898.3"
"11379134000";"2244900";"3297";"81906.6"
"11380215000";"2244900";"3297";"81914.6"
"11381294000";"2244900";"3297";"81922.5"
"11382373000";"2244900";"3297";"81930.9"
"11383459000";"2183700";"3297";"81938.8"
"11384802000";"2183700";"3297";"81947.1"
"11385882000";"2183700";"3297";"81955.1"
"11386962000";"2183700";"3297";"81963.0"
"11388041000";"2183700";"3297";"81971.4"
"11389122000";"2183700";"3297";"81979.3"
"11390465000";"2183700";"3297";"81987.6"
"11391545000";"2128200";"3297";"81995.6"
"11392625000";"2128200";"3297";"82003.9"
"11393710000";"2128200";"3297";"82011.9"
"11394791000";"2128200";"3297";"82019.8"
"11396133000";"2128200";"3297";"82028.2"
"11397212000";"2128200";"3297";"82036.1"
"11398292000";"2128200";"3297";"82044.1"
"11399372000";"2184100";"3297";"82052.0"
"11400452000";"2184100";"3297";"82060.4"
"11401800000";"2184100";"3297";"82068.3"
"11402885000";"2184100";"3297";"82076.6"
"11403966000";"2184100";"3297";"82084.6"
"11405045000";"2184100";"3297";"82092.5"
"11406126000";"2184100";"3297";"82100.5"
"11407468000";"2182200";"3297";"82110.3"
"11408549000";"2182200";"3297";"82118.3"
"11409629000";"2182200";"3297";"82126.6"
"11410708000";"2182200";"3297";"82134.6"
"11411788000";"2182200";"3297";"82142.5"
"11413136000";"2182200";"3296";"82150.8"
"11414217000";"2182200";"3297";"82159.2"
"11415297000";"2198500";"3297";"82167.1"
"11416377000";"2198500";"3297";"82175.1"
"11417458000";"2198500";"3297";"82183.0"
"11418800000";"2198500";"3297";"82191.3"
"11419880000";"2198500";"3297";"82199.3"
"11420960000";"2198500";"3296";"82207.2"
"11422041000";"2198500";"3296";"82215.2"
"11423125000";"2183700";"3297";"82223.5"
"11424468000";"2183700";"3297";"82233.0"
"11425548000";"2183700";"3297";"82241.3"
"11426627000";"2183700";"3297";"82249.3"
"11427707000";"2183700";"3297";"82257.2"
"11428787000";"2183700";"3297";"82265.6"
"11430131000";"2227700";"3297";"82275.0"
"11431210000";"2227700";"3297";"82283.4"
"11432289000";"2227700";"3296";"82291.3"
"11433374000";"2227700";"3296";"82299.3"
"11434454000";"2227700";"3296";"82307.2"
"11435797000";"2227700";"3296";"82317.1"
"11436877000";"2245300";"3296";"82325.0"
"11437957000";"2245300";"3296";"82333.0"
"11439038000";"2245300";"3296";"82341.3"
"11440118000";"2245300";"3296";"82349.3"
"11441461000";"2245300";"3296";"82357.6"
"11442541000";"2245300";"3296";"82365.5"
"11443630000";"2245300";"3296";"82373.5"
"11444710000";"2182500";"3296";"82381.4"
"11445790000";"2182500";"3296";"82389.8"
"11447134000";"2182500";"3296";"82398.1"
"11448214000";"2182500";"3296";"82406.0"
"11449294000";"2182500";"3296";"82414.0"
"11450374000";"2182500";"3296";"82422.3"
"11451454000";"2182500";"3296";"82430.3"
"11452798000";"2141800";"3296";"82438.6"
"11453883000";"2141800";"3296";"82446.6"
"11454963000";"2141800";"3296";"82454.5"
"11456043000";"2141800";"3297";"82462.8"
"11457122000";"2141800";"3297";"82470.8"
"11458466000";"2141800";"3297";"82479.1"
"11459546000";"2141800";"3296";"82487.1"
"11460626000";"2183900";"3296";"82495.0"
"11461705000";"2183900";"3296";"82503.0"
"11462785000";"2183900";"3296";"82510.9"
"11464133000";"2183900";"3296";"82519.2"
"11465212000";"2183900";"3297";"82527.2"
"11466293000";"2183900";"3297";"82535.5"
"11467372000";"2183900";"3297";"82543.5"
"11468451000";"2184400";"3297";"82551.4"
"11469795000";"2184400";"3297";"82559.7"
"11470874000";"2184400";"3297";"82568.1"
"11471954000";"2184400";"3297";"82576.0"
"11473040000";"2184400";"3297";"82584.0"
"11474120000";"2184400";"3297";"82592.3"
"11475463000";"2184400";"3297";"82600.3"
"11476543000";"2140800";"3297";"82608.6"
"11477623000";"2140800";"3297";"82616.5"
"11478702000";"2140800";"3297";"82624.5"
"11479782000";"2140800";"3297";"82632.4"
"11481124000";"2140800";"3297";"82640.8"
"11482203000";"2140800";"3297";"82648.7"
"11483289000";"2140800";"3297";"82656.7"
"11484369000";"2184400";"3297";"82665.0"
"11485454000";"2184400";"3297";"82673.0"
"11486796000";"2184400";"3297";"82681.3"
"11487877000";"2184400";"3297";"82689.2"
"11488957000";"2184400";"3297";"82697.2"
"11490037000";"2184400";"3297";"82705.5"
"11491117000";"2184400";"3297";"82713.5"
"11492461000";"2126400";"3297";"82721.8"
"11493546000";"2126400";"3297";"82729.7"
"11494626000";"2126400";"3297";"82738.1"
"11495706000";"2126400";"3297";"82746.0"
"11496786000";"2126400";"3297";"82754.0"
"11498127000";"2126400";"3297";"82762.3"
"11499207000";"2126400";"3297";"82770.3"
"11500287000";"2184400";"3297";"82778.2"
"11501367000";"2184400";"3297";"82786.2"
"11502446000";"2184400";"3297";"82794.5"
"11503795000";"2184400";"3297";"82802.8"
"11504876000";"2184400";"3297";"82810.8"
"11505955000";"2184400";"3297";"82818.7"
"11507034000";"2184400";"3297";"82826.7"
"11508115000";"2198700";"3297";"82835.0"
"11509458000";"2198700";"3297";"82844.5"
"11510538000";"2198700";"3297";"82852.8"
"11511618000";"2198700";"3297";"82860.7"
"11512697000";"2198700";"3297";"82868.7"
"11513783000";"2198700";"3297";"82877.0"
"11515125000";"2160300";"3297";"82885.0"
"11516204000";"2160300";"3297";"82893.3"
"11517285000";"2160300";"3297";"82901.3"
"11518365000";"2160300";"3297";"82909.2"
"11519445000";"2160300";"3297";"82917.2"
"11520787000";"2160300";"3297";"82925.5"
"11521866000";"2160300";"3297";"82933.4"
"11522953000";"2183700";"3297";"82941.4"
"11524033000";"2183700";"3297";"82949.7"
"11525112000";"2183700";"3297";"82957.7"
"11526521000";"2183700";"3297";"82966.0"
"11527601000";"2183700";"3297";"82973.9"
"11528681000";"2183700";"3297";"82982.3"
"11529761000";"2183700";"3297";"82990.2"
"11530841000";"2182000";"3297";"82998.2"
"11532184000";"2182000";"3297";"83006.5"
"11533269000";"2182000";"3297";"83014.8"
"11534349000";"2182000";"3297";"83022.8"
"11535429000";"2182000";"3297";"83030.7"
"11536509000";"2182000";"3297";"83038.7"
"11537853000";"2182000";"3297";"83047.0"
"11538933000";"2126200";"3297";"83055.0"
"11540013000";"2126200";"3297";"83062.9"
"11541093000";"2126200";"3297";"83071.2"
"11542172000";"2126200";"3297";"83079.2"
"11543520000";"2126200";"3297";"83087.5"
"11544600000";"2126200";"3297";"83095.5"
"11545680000";"2126200";"3297";"83103.4"
"11546760000";"2184300";"3297";"83111.4"
"11547841000";"2184300";"3297";"83119.7"
"11549183000";"2184300";"3297";"83128.0"
"11550263000";"2184300";"3297";"83136.0"
"11551342000";"2184300";"3297";"83143.9"
"11552423000";"2184300";"3297";"83152.3"
"11553509000";"2184300";"3297";"83160.2"
"11554851000";"2141000";"3297";"83168.5"
"11555930000";"2141000";"3297";"83176.5"
"11557010000";"2141000";"3297";"83184.4"
"11558090000";"2141000";"3297";"83192.4"
"11559169000";"2141000";"3297";"83200.7"
"11560512000";"2141000";"3297";"83210.2"
"11561593000";"2229700";"3297";"83218.1"
"11562672000";"2229700";"3297";"83226.5"
"11563758000";"2229700";"3297";"83234.4"
"11564837000";"2229700";"3297";"83242.4"
"11566179000";"2229700";"3297";"83250.7"
"11567259000";"2229700";"3297";"83258.7"
"11568339000";"2229700";"3297";"83267.0"
"11569423000";"2197900";"3297";"83274.9"
"11570502000";"2197900";"3297";"83282.9"
"11571845000";"2197900";"3297";"83291.2"
"11572930000";"2197900";"3297";"83299.5"
"11574010000";"2197900";"3296";"83307.5"
"11575090000";"2197900";"3296";"83315.5"
"11576170000";"2197900";"3296";"83323.4"
"11577512000";"2184300";"3296";"83333.2"
"11578592000";"2184300";"3296";"83341.2"
"11579673000";"2184300";"3296";"83349.2"
"11580752000";"2184300";"3296";"83357.1"
"11581833000";"2184300";"3296";"83365.1"
"11583181000";"2184300";"3296";"83373.4"
"11584261000";"2184300";"3296";"83381.7"
"11585342000";"2183400";"3296";"83389.7"
"11586422000";"2183400";"3296";"83397.6"
"11587502000";"2183400";"3296";"83405.6"
"11588845000";"2183400";"3296";"83413.9"
"11589925000";"2183400";"3296";"83422.2"
"11591005000";"2183400";"3296";"83430.2"
"11592085000";"2183400";"3296";"83438.1"
"11593170000";"2198500";"3296";"83446.5"
"11594513000";"2198500";"3296";"83454.8"
"11595593000";"2198500";"3296";"83462.7"
"11596674000";"2198500";"3296";"83470.7"
"11597753000";"2198500";"3296";"83478.6"
"11598833000";"2198500";"3296";"83486.6"
"11600176000";"2198500";"3296";"83494.9"
"11601257000";"2113600";"3296";"83502.9"
"11602336000";"2113600";"3296";"83510.8"
"11603422000";"2113600";"3296";"83519.1"
"11604503000";"2113600";"3296";"83527.1"
"11605846000";"2113600";"3296";"83535.4"
"11606926000";"2113600";"3296";"83543.4"
"11608005000";"2113600";"3296";"83551.3"
"11609086000";"2198100";"3296";"83559.7"
"11610166000";"2198100";"3296";"83567.6"
"11611513000";"2198100";"3296";"83577.5"
"11612592000";"2198100";"3296";"83585.4"
"11613678000";"2198100";"3296";"83593.7"
"11614757000";"2198100";"3296";"83601.7"
"11615838000";"2243600";"3296";"83609.6"
"11617180000";"2243600";"3296";"83618.0"
"11618259000";"2243600";"3296";"83625.9"
"11619340000";"2243600";"3296";"83633.9"
"11620419000";"2243600";"3296";"83641.8"
"11621500000";"2243600";"3296";"83650.2"
"11622842000";"2243600";"3296";"83658.5"
"11623928000";"2126900";"3296";"83666.4"
"11625007000";"2126900";"3296";"83674.4"
"11626087000";"2126900";"3296";"83682.3"
"11627168000";"2126900";"3296";"83690.7"
"11628511000";"2126900";"3296";"83699.0"
"11629591000";"2126900";"3296";"83706.9"
"11630672000";"2126900";"3296";"83714.9"
"11631752000";"2199800";"3297";"83723.2"
"11632832000";"2199800";"3297";"83731.2"
"11634180000";"2199800";"3297";"83739.5"
"11635260000";"2199800";"3297";"83747.4"
"11636339000";"2199800";"3297";"83755.4"
"11637420000";"2199800";"3297";"83763.4"
"11638501000";"2199800";"3297";"83771.7"
"11639844000";"2112100";"3297";"83779.6"
"11640923000";"2112100";"3297";"83788.0"
"11642003000";"2112100";"3297";"83795.9"
"11643090000";"2112100";"3297";"83803.9"
"11644169000";"2112100";"3297";"83812.2"
"11645512000";"2112100";"3297";"83820.1"
"11646592000";"2112100";"3297";"83828.5"
"11647671000";"2198800";"3297";"83836.4"
"11648751000";"2198800";"3297";"83844.4"
"11649831000";"2198800";"3297";"83852.7"
"11651174000";"2198800";"3297";"83861.0"
"11652253000";"2198800";"3297";"83869.0"
"11653343000";"2198800";"3297";"83876.9"
"11654423000";"2198800";"3297";"83885.3"
"11655503000";"2197600";"3297";"83893.2"
"11656846000";"2197600";"3298";"83901.5"
"11657925000";"2197600";"3298";"83909.5"
"11659005000";"2197600";"3298";"83917.4"
"11660085000";"2197600";"3297";"83925.4"
"11661164000";"2197600";"3297";"83933.3"
"11662507000";"2197600";"3297";"83941.7"
"11663593000";"2112800";"3297";"83949.6"
"11664672000";"2112800";"3297";"83957.9"
"11665751000";"2112800";"3297";"83965.9"
"11666832000";"2112800";"3297";"83973.9"
"11668174000";"2112800";"3297";"83982.2"
"11669254000";"2112800";"3297";"83990.1"
"11670335000";"2112800";"3297";"83998.5"
"11671415000";"2200100";"3297";"84006.4"
"11672495000";"2200100";"3297";"84014.4"
"11673844000";"2200100";"3297";"84024.2"
"11674925000";"2200100";"3297";"84032.2"
"11676005000";"2200100";"3297";"84040.5"
"11677084000";"2200100";"3297";"84048.4"
"11678165000";"2244300";"3297";"84056.4"
"11679507000";"2244300";"3297";"84064.7"
"11680588000";"2244300";"3297";"84072.7"
"11681668000";"2244300";"3297";"84080.6"
"11682748000";"2244300";"3297";"84088.6"
"11683834000";"2244300";"3297";"84096.9"
"11685177000";"2244300";"3297";"84104.8"
"11686258000";"2126200";"3297";"84113.2"
"11687337000";"2126200";"3297";"84121.1"
"11688418000";"2126200";"3297";"84129.1"
"11689498000";"2126200";"3297";"84137.4"
"11690841000";"2126200";"3297";"84145.7"
"11691921000";"2126200";"3297";"84153.7"
"11693006000";"2126200";"3297";"84162.0"
"11694085000";"2198700";"3298";"84170.0"
"11695170000";"2198700";"3298";"84177.9"
"11696514000";"2198700";"3297";"84186.2"
"11697593000";"2198700";"3297";"84194.2"
"11698673000";"2198700";"3297";"84202.2"
"11699753000";"2198700";"3297";"84210.1"
"11700832000";"2198700";"3297";"84218.4"
"11702176000";"2126900";"3297";"84226.8"
"11703262000";"2126900";"3297";"84234.7"
"11704342000";"2126900";"3297";"84242.7"
"11705422000";"2126900";"3297";"84250.6"
"11706502000";"2126900";"3297";"84258.6"
"11707845000";"2126900";"3297";"84268.4"
"11708926000";"2244100";"3297";"84276.7"
"11710005000";"2244100";"3297";"84284.7"
"11711084000";"2244100";"3297";"84292.7"
"11712165000";"2244100";"3297";"84300.6"
"11713513000";"2244100";"3297";"84308.9"
"11714593000";"2244100";"3297";"84317.3"
"11715673000";"2244100";"3297";"84325.2"
"11716752000";"2184300";"3297";"84333.2"
"11717831000";"2184300";"3298";"84341.1"
"11719175000";"2184300";"3298";"84349.4"
"11720254000";"2184300";"3298";"84357.4"
"11721334000";"2184300";"3297";"84365.3"
"11722414000";"2184300";"3298";"84373.7"
"11723499000";"2184300";"3298";"84381.6"
"11724842000";"2127000";"3298";"84389.9"
"11725922000";"2127000";"3298";"84397.9"
"11727002000";"2127000";"3297";"84405.8"
"11728083000";"2127000";"3298";"84413.8"
"11729162000";"2127000";"3298";"84422.1"
"11730505000";"2127000";"3298";"84432.0"
"11731585000";"2246400";"3298";"84439.9"
"11732665000";"2246400";"3298";"84447.9"
"11733751000";"2246400";"3298";"84456.2"
"11734831000";"2246400";"3298";"84464.2"
"11736237000";"2246400";"3298";"84472.5"
"11737316000";"2246400";"3298";"84480.4"
"11738396000";"2246400";"3298";"84488.4"
"11739477000";"2166100";"3298";"84496.3"
"11740556000";"2166100";"3298";"84504.7"
"11741900000";"2166100";"3298";"84514.1"
"11742985000";"2166100";"3297";"84522.5"
"11744064000";"2166100";"3297";"84530.4"
"11745145000";"2166100";"3297";"84538.4"
"11746224000";"2244900";"3297";"84546.3"
"11747566000";"2244900";"3297";"84554.6"
"11748646000";"2244900";"3297";"84563.0"
"11749725000";"2244900";"3297";"84570.9"
"11750805000";"2244900";"3297";"84578.9"
"11751886000";"2244900";"3297";"84587.2"
"11753235000";"2244900";"3297";"84595.5"
"11754315000";"2141000";"3297";"84603.5"
"11755395000";"2141000";"3297";"84611.4"
"11756474000";"2141000";"3297";"84619.4"
"11757554000";"2141000";"3297";"84627.7"
"11758898000";"2141000";"3297";"84637.2"
"11759977000";"2141000";"3297";"84645.1"
"11761057000";"2229700";"3297";"84653.1"
"11762137000";"2229700";"3297";"84661.4"
"11763221000";"2229700";"3297";"84669.4"
"11764564000";"2229700";"3297";"84679.2"
"11765643000";"2229700";"3297";"84687.2"
"11766723000";"2229700";"3297";"84695.1"
"11767803000";"2245300";"3297";"84703.1"
"11768883000";"2245300";"3297";"84711.4"
"11770227000";"2245300";"3297";"84719.7"
"11771306000";"2245300";"3297";"84727.7"
"11772385000";"2245300";"3297";"84735.6"
"11773470000";"2245300";"3297";"84744.0"
"11774550000";"2245300";"3297";"84751.9"
"11775893000";"2184200";"3297";"84761.4"
"11776973000";"2184200";"3297";"84769.7"
"11778052000";"2184200";"3297";"84777.7"
"11779137000";"2184200";"3297";"84785.6"
"11780216000";"2184200";"3297";"84793.6"
"11781559000";"2184200";"3297";"84801.9"
"11782638000";"2184200";"3297";"84809.9"
"11783724000";"2182800";"3297";"84817.8"
"11784805000";"2182800";"3297";"84826.1"
"11785884000";"2182800";"3297";"84834.1"
"11787226000";"2182800";"3297";"84843.9"
"11788306000";"2182800";"3297";"84851.9"
"11789386000";"2182800";"3297";"84859.8"
"11790466000";"2264000";"3297";"84868.2"
"11791546000";"2264000";"3297";"84876.1"
"11792894000";"2264000";"3297";"84884.4"
"11793974000";"2264000";"3297";"84892.4"
"11795054000";"2264000";"3297";"84900.4"
"11796133000";"2264000";"3297";"84908.7"
"11797214000";"2264000";"3297";"84916.6"
"11798557000";"2169500";"3297";"84926.1"
"11799637000";"2169500";"3297";"84934.4"
"11800716000";"2169500";"3297";"84942.4"
"11801796000";"2169500";"3297";"84950.3"
"11802881000";"2169500";"3298";"84958.3"
"11804224000";"2169500";"3298";"84968.1"
"11805303000";"2245300";"3298";"84976.1"
"11806383000";"2245300";"3298";"84984.0"
"11807463000";"2245300";"3297";"84992.4"
"11808542000";"2245300";"3297";"85000.3"
"11809885000";"2245300";"3297";"85008.6"
"11810965000";"2245300";"3297";"85016.6"
"11812044000";"2245300";"3297";"85024.9"
"11813130000";"2198800";"3297";"85032.9"
"11814211000";"2198800";"3297";"85040.8"
"11815554000";"2198800";"3297";"85049.2"
"11816633000";"2198800";"3297";"85057.1"
"11817714000";"2198800";"3297";"85065.1"
"11818793000";"2198800";"3297";"85073.4"
"11819873000";"2198800";"3297";"85081.3"
"11821220000";"2127000";"3297";"85089.7"
"11822299000";"2127000";"3297";"85097.6"
"11823385000";"2127000";"3297";"85105.6"
"11824464000";"2127000";"3297";"85113.5"
"11825544000";"2127000";"3297";"85121.5"
"11826887000";"2127000";"3297";"85129.8"
"11827966000";"2127000";"3297";"85138.1"
"11829046000";"2184400";"3297";"85146.1"
"11830125000";"2184400";"3297";"85154.0"
"11831206000";"2184400";"3297";"85162.4"
"11832549000";"2184400";"3297";"85170.7"
"11833635000";"2184400";"3297";"85178.6"
"11834714000";"2184400";"3297";"85186.6"
"11835795000";"2184400";"3297";"85194.5"
"11836875000";"2198300";"3297";"85202.9"
"11838218000";"2198300";"3297";"85211.2"
"11839299000";"2198300";"3297";"85219.2"
"11840379000";"2198300";"3297";"85227.1"
"11841459000";"2198300";"3297";"85235.1"
"11842539000";"2198300";"3297";"85243.0"
"11843888000";"2198300";"3297";"85251.3"
"11844967000";"2112100";"3297";"85259.3"
"11846047000";"2112100";"3297";"85267.6"
"11847127000";"2112100";"3297";"85275.6"
"11848206000";"2112100";"3297";"85283.5"
"11849548000";"2112100";"3297";"85291.8"
"11850629000";"2112100";"3297";"85300.2"
"11851708000";"2112100";"3297";"85308.1"
"11852788000";"2200700";"3297";"85316.1"
"11853874000";"2200700";"3296";"85324.0"
"11855218000";"2200700";"3296";"85332.3"
"11856297000";"2200700";"3296";"85340.7"
"11857377000";"2200700";"3296";"85348.6"
"11858457000";"2200700";"3296";"85356.6"
"11859537000";"2200700";"3296";"85364.5"
"11860880000";"2126500";"3296";"85372.9"
"11861959000";"2126500";"3296";"85380.8"
"11863050000";"2126500";"3296";"85388.8"
"11864130000";"2126500";"3296";"85397.1"
"11865209000";"2126500";"3296";"85405.0"
"11866553000";"2126500";"3296";"85413.4"
"11867632000";"2126500";"3296";"85421.3"
"11868711000";"2182800";"3296";"85429.3"
"11869791000";"2182800";"3296";"85437.6"
"11870871000";"2182800";"3296";"85445.6"
"11872213000";"2182800";"3296";"85453.9"
"11873298000";"2182800";"3296";"85461.8"
"11874379000";"2182800";"3296";"85470.2"
"11875458000";"2182800";"3296";"85478.1"
"11876538000";"2198800";"3296";"85486.1"
"11877881000";"2198800";"3296";"85495.9"
"11878961000";"2198800";"3296";"85503.9"
"11880040000";"2198800";"3296";"85511.8"
"11881119000";"2198800";"3296";"85519.8"
"11882199000";"2198800";"3296";"85527.7"
"11883547000";"2226700";"3296";"85537.6"
"11884626000";"2226700";"3296";"85545.5"
"11885706000";"2226700";"3296";"85553.5"
"11886786000";"2226700";"3296";"85561.8"
"11887866000";"2226700";"3296";"85569.8"
"11889209000";"2226700";"3296";"85578.1"
"11890290000";"2226700";"3296";"85586.0"
"11891370000";"2199900";"3296";"85594.4"
"11892450000";"2199900";"3296";"85602.3"
"11893535000";"2199900";"3296";"85610.3"
"11894878000";"2199900";"3296";"85618.6"
"11895959000";"2199900";"3296";"85626.5"
"11897039000";"2199900";"3296";"85634.9"
"11898119000";"2199900";"3296";"85642.8"
"11899200000";"2183500";"3296";"85650.8"
"11900542000";"2183500";"3296";"85659.1"
"11901622000";"2183500";"3296";"85667.1"
"11902702000";"2183500";"3296";"85675.0"
"11903788000";"2183500";"3296";"85683.0"
"11904873000";"2183500";"3296";"85691.3"
"11906215000";"2183500";"3296";"85699.6"
"11907294000";"2125700";"3296";"85707.6"
"11908374000";"2125700";"3296";"85715.5"
"11909454000";"2125700";"3296";"85723.5"
"11910535000";"2125700";"3296";"85731.8"
"11911878000";"2125700";"3296";"85740.1"
"11912963000";"2125700";"3296";"85748.5"
"11914042000";"2125700";"3296";"85756.4"
"11915123000";"2198500";"3296";"85764.4"
"11916203000";"2198500";"3296";"85772.3"
"11917546000";"2198500";"3296";"85780.6"
"11918626000";"2198500";"3296";"85788.6"
"11919705000";"2198500";"3296";"85796.5"
"11920785000";"2198500";"3296";"85804.9"
"11921865000";"2198500";"3296";"85812.8"
"11923213000";"2126900";"3296";"85821.1"
"11924293000";"2126900";"3296";"85829.1"
"11925372000";"2126900";"3296";"85837.0"
"11926453000";"2126900";"3296";"85845.0"
"11927532000";"2126900";"3296";"85853.3"
"11928875000";"2126900";"3297";"85861.6"
"11929955000";"2126900";"3297";"85869.6"
"11931034000";"2185900";"3296";"85877.6"
"11932114000";"2185900";"3296";"85885.9"
"11933200000";"2185900";"3296";"85893.8"
"11934542000";"2185900";"3296";"85902.2"
"11935623000";"2185900";"3296";"85910.1"
"11936702000";"2185900";"3296";"85918.1"
"11937783000";"2185900";"3296";"85926.4"
"11938862000";"2198500";"3296";"85934.3"
"11940205000";"2198500";"3296";"85942.7"
"11941284000";"2198500";"3296";"85950.6"
"11942364000";"2198500";"3296";"85958.6"
"11943449000";"2198500";"3296";"85966.5"
"11944530000";"2198500";"3296";"85974.5"
"11945873000";"2198500";"3296";"85982.8"
"11946958000";"2125500";"3296";"85991.1"
"11948037000";"2125500";"3296";"85999.1"
"11949117000";"2125500";"3296";"86007.0"
"11950197000";"2125500";"3296";"86015.4"
"11951540000";"2125500";"3296";"86023.7"
"11952619000";"2125500";"3296";"86031.6"
"11953705000";"2125500";"3296";"86039.6"
"11954784000";"2199000";"3296";"86047.9"
"11955865000";"2199000";"3296";"86055.9"
"11957208000";"2199000";"3296";"86064.2"
"11958288000";"2199000";"3296";"86072.2"
"11959369000";"2199000";"3296";"86080.1"
"11960448000";"2199000";"3297";"86088.1"
"11961527000";"2199000";"3296";"86096.0"
"11962876000";"2112200";"3296";"86104.3"
"11963957000";"2112200";"3296";"86112.3"
"11965036000";"2112200";"3296";"86120.6"
"11966117000";"2112200";"3296";"86128.6"
"11967197000";"2112200";"3296";"86136.5"
"11968540000";"2112200";"3296";"86144.8"
"11969619000";"2112200";"3296";"86152.8"
"11970700000";"2199800";"3296";"86161.1"
"11971779000";"2199800";"3296";"86169.1"
"11972865000";"2199800";"3296";"86177.0"
"11974208000";"2199800";"3296";"86185.3"
"11975288000";"2199800";"3296";"86193.7"
"11976368000";"2199800";"3296";"86201.6"
"11977447000";"2199800";"3296";"86209.6"
"11978528000";"2183900";"3296";"86217.5"
"11979871000";"2183900";"3296";"86225.9"
"11980951000";"2183900";"3296";"86233.8"
"11982030000";"2183900";"3296";"86241.8"
"11983116000";"2183900";"3296";"86249.7"
"11984196000";"2183900";"3296";"86258.0"
"11985539000";"2183900";"3296";"86266.4"
"11986619000";"2126500";"3296";"86274.3"
"11987699000";"2126500";"3296";"86282.3"
"11988784000";"2126500";"3296";"86290.2"
"11989865000";"2126500";"3296";"86298.6"
"11991208000";"2126500";"3296";"86308.0"
"11992288000";"2126500";"3296";"86316.4"
"11993373000";"2242800";"3296";"86324.3"
"11994453000";"2242800";"3296";"86332.3"
"11995533000";"2242800";"3296";"86340.2"
"11996876000";"2242800";"3296";"86350.1"
"11997955000";"2242800";"3296";"86358.0"
"11999035000";"2242800";"3296";"86366.0"
"12000115000";"2229700";"3296";"86373.9"
"12001195000";"2229700";"3296";"86381.9"
"12002538000";"2229700";"3296";"86390.2"
"12003624000";"2229700";"3296";"86398.1"
"12004704000";"2229700";"3296";"86406.5"
"12005783000";"2229700";"3296";"86414.4"
"12006863000";"2229700";"3296";"86422.4"
"12008206000";"2126700";"3296";"86430.7"
"12009285000";"2126700";"3296";"86438.6"
"12010365000";"2126700";"3296";"86447.0"
"12011445000";"2126700";"3296";"86454.9"
"12012525000";"2126700";"3296";"86462.9"
"12013874000";"2126700";"3296";"86471.2"
"12014953000";"2126700";"3296";"86479.2"
"12016033000";"2198800";"3296";"86487.5"
"12017113000";"2198800";"3296";"86495.4"
"12018193000";"2198800";"3296";"86503.4"
"12019534000";"2198800";"3296";"86511.7"
"12020614000";"2198800";"3296";"86519.7"
"12021694000";"2198800";"3296";"86527.6"
"12022773000";"2198800";"3296";"86535.6"
"12023858000";"2169900";"3296";"86543.5"
"12025201000";"2169900";"3296";"86551.8"
"12026281000";"2169900";"3296";"86559.8"
"12027362000";"2169900";"3296";"86568.1"
"12028441000";"2169900";"3296";"86576.1"
"12029520000";"2169900";"3296";"86584.0"
"12030868000";"2169900";"3296";"86592.4"
"12031948000";"2141300";"3296";"86600.7"
"12033034000";"2141300";"3296";"86608.6"
"12034113000";"2141300";"3296";"86616.6"
"12035193000";"2141300";"3296";"86624.9"
"12036536000";"2141300";"3296";"86632.9"
"12037616000";"2141300";"3296";"86641.2"
"12038697000";"2141300";"3296";"86649.2"
"12039777000";"2183500";"3296";"86657.1"
"12040857000";"2183500";"3296";"86665.1"
"12042199000";"2183500";"3296";"86674.9"
"12043285000";"2183500";"3296";"86682.9"
"12044364000";"2183500";"3296";"86690.8"
"12045443000";"2183500";"3296";"86698.8"
"12046522000";"2228400";"3296";"86706.7"
"12047865000";"2228400";"3296";"86715.0"
"12048945000";"2228400";"3296";"86723.0"
"12050025000";"2228400";"3296";"86731.3"
"12051104000";"2228400";"3296";"86739.3"
"12052183000";"2228400";"3296";"86747.2"
"12053532000";"2228400";"3296";"86755.5"
"12054613000";"2141100";"3296";"86763.9"
"12055693000";"2141100";"3296";"86771.8"
"12056773000";"2141100";"3296";"86779.8"
"12057853000";"2141100";"3296";"86787.7"
"12059196000";"2141100";"3297";"86797.6"
"12060275000";"2141100";"3297";"86805.5"
"12061355000";"2229500";"3296";"86813.5"
"12062434000";"2229500";"3296";"86821.4"
"12063520000";"2229500";"3296";"86829.4"
"12064862000";"2229500";"3296";"86839.2"
"12065943000";"2229500";"3296";"86847.2"
"12067024000";"2229500";"3296";"86855.1"
"12068104000";"2244500";"3296";"86863.5"
"12069184000";"2244500";"3297";"86871.4"
"12070528000";"2244500";"3297";"86881.3"
"12071608000";"2244500";"3297";"86889.2"
"12072693000";"2244500";"3297";"86897.2"
"12073779000";"2244500";"3297";"86905.1"
"12074858000";"2242600";"3297";"86913.5"
"12076201000";"2242600";"3297";"86921.8"
"12077282000";"2242600";"3297";"86929.7"
"12078362000";"2242600";"3297";"86937.7"
"12079442000";"2242600";"3297";"86945.6"
"12080522000";"2242600";"3297";"86953.6"
"12081865000";"2242600";"3297";"86961.9"
"12082950000";"2112200";"3297";"86969.9"
"12084029000";"2112200";"3297";"86977.8"
"12085109000";"2112200";"3297";"86986.1"
"12086190000";"2112200";"3297";"86994.1"
"12087532000";"2112200";"3297";"87002.4"
"12088611000";"2112200";"3297";"87010.4"
"12089690000";"2112200";"3297";"87018.3"
"12090771000";"2200700";"3297";"87026.7"
"12091850000";"2200700";"3297";"87034.6"
"12093198000";"2200700";"3297";"87042.9"
"12094278000";"2200700";"3297";"87050.9"
"12095358000";"2200700";"3297";"87058.8"
"12096438000";"2200700";"3297";"87067.2"
"12097518000";"2200700";"3297";"87075.1"
"12098859000";"2127400";"3297";"87083.4"
"12099939000";"2127400";"3297";"87091.4"
"12101018000";"2127400";"3297";"87099.3"
"12102099000";"2127400";"3297";"87107.3"
"12103184000";"2127400";"3297";"87115.2"
"12104526000";"2127400";"3297";"87125.1"
"12105607000";"2227800";"3297";"87133.0"
"12106686000";"2227800";"3297";"87141.0"
"12107766000";"2227800";"3297";"87148.9"
"12108846000";"2227800";"3297";"87156.9"
"12110189000";"2227800";"3297";"87165.2"
"12111269000";"2227800";"3297";"87173.5"
"12112348000";"2227800";"3297";"87181.5"
"12113434000";"2184100";"3297";"87189.5"
"12114519000";"2184100";"3297";"87197.8"
"12115862000";"2184100";"3297";"87207.3"
"12116942000";"2184100";"3297";"87215.2"
"12118022000";"2184100";"3297";"87223.2"
"12119102000";"2184100";"3297";"87231.1"
"12120182000";"2244700";"3297";"87239.4"
"12121525000";"2244700";"3297";"87248.9"
"12122605000";"2244700";"3297";"87256.9"
"12123691000";"2244700";"3297";"87264.8"
"12124771000";"2244700";"3297";"87272.8"
"12125850000";"2244700";"3297";"87281.1"
"12127194000";"2209200";"3297";"87290.6"
"12128274000";"2209200";"3297";"87298.5"
"12129353000";"2209200";"3297";"87306.8"
"12130434000";"2209200";"3297";"87314.8"
"12131513000";"2209200";"3297";"87322.7"
"12132862000";"2209200";"3296";"87331.1"
"12133943000";"2209200";"3297";"87339.0"
"12135022000";"2198500";"3297";"87347.4"
"12136103000";"2198500";"3297";"87355.3"
"12137183000";"2198500";"3297";"87363.3"
"12138525000";"2198500";"3297";"87371.6"
"12139605000";"2198500";"3297";"87379.5"
"12140686000";"2198500";"3297";"87387.5"
"12141766000";"2198500";"3297";"87395.4"
"12142851000";"2168800";"3297";"87403.4"
"12144194000";"2168800";"3297";"87411.7"
"12145273000";"2168800";"3297";"87419.7"
"12146352000";"2168800";"3297";"87427.6"
"12147433000";"2168800";"3297";"87435.6"
"12148514000";"2168800";"3297";"87443.9"
"12149857000";"2168800";"3297";"87452.2"
"12150937000";"2128200";"3297";"87460.2"
"12152016000";"2128200";"3297";"87468.1"
"12153102000";"2128200";"3297";"87476.5"
"12154181000";"2128200";"3297";"87484.4"
"12155523000";"2128200";"3297";"87492.7"
"12156608000";"2128200";"3297";"87500.7"
"12157688000";"2128200";"3297";"87508.6"
"12158767000";"2183200";"3297";"87516.6"
"12159847000";"2183200";"3297";"87524.5"
"12161190000";"2183200";"3297";"87534.4"
"12162270000";"2183200";"3297";"87542.3"
"12163356000";"2183200";"3297";"87550.3"
"12164435000";"2183200";"3296";"87558.2"
"12165516000";"2227400";"3296";"87566.2"
"12166858000";"2227400";"3296";"87574.5"
"12167939000";"2227400";"3296";"87582.5"
"12169018000";"2227400";"3296";"87590.8"
"12170097000";"2227400";"3296";"87598.7"
"12171177000";"2227400";"3296";"87606.7"
"12172519000";"2227400";"3297";"87615.0"
"12173605000";"2127200";"3296";"87623.0"
"12174685000";"2127200";"3297";"87631.3"
"12175764000";"2127200";"3297";"87639.3"
"12176844000";"2127200";"3297";"87647.2"
"12178188000";"2127200";"3297";"87655.5"
"12179267000";"2127200";"3297";"87663.5"
"12180348000";"2127200";"3297";"87671.4"
"12181428000";"2185200";"3297";"87679.4"
"12182508000";"2185200";"3297";"87687.3"
"12183856000";"2185200";"3297";"87697.2"
"12184937000";"2185200";"3297";"87705.1"
"12186016000";"2185200";"3297";"87713.1"
"12187096000";"2185200";"3297";"87721.0"
"12188176000";"2227600";"3297";"87729.0"
"12189518000";"2227600";"3297";"87737.3"
"12190599000";"2227600";"3297";"87745.6"
"12191679000";"2227600";"3297";"87753.6"
"12192759000";"2227600";"3297";"87761.6"
"12193845000";"2227600";"3297";"87769.5"
"12195189000";"2227600";"3297";"87777.8"
"12196268000";"2126500";"3297";"87785.8"
"12197348000";"2126500";"3296";"87793.7"
"12198433000";"2126500";"3296";"87802.1"
"12199513000";"2126500";"3296";"87810.0"
"12200855000";"2126500";"3297";"87818.3"
"12201936000";"2126500";"3297";"87826.3"
"12203021000";"2126500";"3297";"87834.2"
"12204101000";"2182500";"3297";"87842.2"
"12205180000";"2182500";"3297";"87850.1"
"12206524000";"2182500";"3296";"87858.5"
"12207605000";"2182500";"3297";"87866.8"
"12208685000";"2182500";"3297";"87874.7"
"12209765000";"2182500";"3297";"87882.7"
"12210844000";"2182500";"3297";"87890.7"
"12212187000";"2127900";"3296";"87899.0"
"12213273000";"2127900";"3296";"87907.3"
"12214353000";"2127900";"3297";"87915.3"
"12215433000";"2127900";"3297";"87923.2"
"12216513000";"2127900";"3297";"87931.2"
"12217857000";"2127900";"3297";"87941.0"
"12218937000";"2244100";"3297";"87949.0"
"12220016000";"2244100";"3297";"87956.9"
"12221096000";"2244100";"3297";"87964.9"
"12222175000";"2244100";"3297";"87972.8"
"12223523000";"2244100";"3297";"87981.1"
"12224604000";"2244100";"3297";"87989.1"
"12225683000";"2244100";"3297";"87997.0"
"12226763000";"2169700";"3297";"88005.0"
"12227843000";"2169700";"3297";"88013.3"
"12229185000";"2169700";"3297";"88022.8"
"12230265000";"2169700";"3297";"88030.7"
"12231346000";"2169700";"3297";"88039.1"
"12232426000";"2169700";"3297";"88047.0"
"12233511000";"2244900";"3297";"88055.0"
"12234853000";"2244900";"3297";"88063.3"
"12235934000";"2244900";"3297";"88071.3"
"12237015000";"2244900";"3297";"88079.6"
"12238094000";"2244900";"3297";"88087.5"
"12239174000";"2244900";"3297";"88095.5"
"12240522000";"2159700";"3297";"88105.0"
"12241603000";"2159700";"3297";"88113.3"
"12242683000";"2159700";"3297";"88121.2"
"12243769000";"2159700";"3297";"88129.2"
"12244850000";"2159700";"3297";"88137.1"
"12246192000";"2159700";"3297";"88145.5"
"12247271000";"2159700";"3297";"88153.4"
"12248352000";"2183500";"3297";"88161.4"
"12249431000";"2183500";"3297";"88169.3"
"12250512000";"2183500";"3297";"88177.7"
"12251855000";"2183500";"3297";"88187.5"
"12252940000";"2183500";"3297";"88195.5"
"12254019000";"2183500";"3297";"88203.4"
"12255100000";"2261800";"3297";"88211.7"
"12256179000";"2261800";"3297";"88219.7"
"12257522000";"2261800";"3297";"88228.0"
"12258601000";"2261800";"3297";"88236.0"
"12259681000";"2261800";"3297";"88243.9"
"12260761000";"2261800";"3297";"88251.9"
"12261840000";"2261800";"3297";"88259.8"
"12263188000";"2113100";"3297";"88268.1"
"12264268000";"2113100";"3297";"88276.1"
"12265347000";"2113100";"3297";"88284.0"
"12266426000";"2113100";"3297";"88292.0"
"12267507000";"2113100";"3297";"88300.3"
"12268850000";"2113100";"3297";"88308.6"
"12269929000";"2113100";"3297";"88316.6"
"12271008000";"2186200";"3297";"88324.6"
"12272089000";"2186200";"3297";"88332.9"
"12273173000";"2186200";"3297";"88340.8"
"12274516000";"2186200";"3297";"88349.2"
"12275596000";"2186200";"3297";"88357.1"
"12276675000";"2186200";"3297";"88365.1"
"12277755000";"2186200";"3297";"88373.0"
"12278835000";"2183900";"3297";"88381.0"
"12280179000";"2183900";"3297";"88390.8"
"12281258000";"2183900";"3297";"88398.8"
"12282343000";"2183900";"3297";"88406.7"
"12283429000";"2183900";"3297";"88414.7"
"12284510000";"2183900";"3297";"88423.0"
"12285852000";"2158300";"3297";"88430.9"
"12286932000";"2158300";"3297";"88439.3"
"12288012000";"2158300";"3297";"88447.2"
"12289093000";"2158300";"3297";"88455.2"
"12290172000";"2158300";"3297";"88463.1"
"12291516000";"2158300";"3297";"88471.5"
"12292595000";"2158300";"3297";"88479.8"
"12293682000";"2198100";"3297";"88487.7"
"12294762000";"2198100";"3297";"88496.1"
"12295842000";"2198100";"3298";"88504.0"
"12297185000";"2198100";"3298";"88512.3"
"12298265000";"2198100";"3298";"88520.3"
"12299346000";"2198100";"3298";"88528.2"
"12300425000";"2198100";"3297";"88536.2"
"12301506000";"2185000";"3297";"88544.2"
"12302855000";"2185000";"3297";"88552.5"
"12303934000";"2185000";"3297";"88560.4"
"12305014000";"2185000";"3297";"88568.4"
"12306094000";"2185000";"3297";"88576.7"
"12307173000";"2185000";"3297";"88584.7"
"12308516000";"2185000";"3297";"88593.0"
"12309596000";"2126700";"3297";"88600.9"
"12310676000";"2126700";"3297";"88608.9"
"12311757000";"2126700";"3297";"88617.2"
"12312837000";"2126700";"3297";"88625.2"
"12314185000";"2126700";"3297";"88633.5"
"12315265000";"2126700";"3297";"88641.4"
"12316345000";"2126700";"3297";"88649.4"
"12317426000";"2198100";"3297";"88657.7"
"12318506000";"2198100";"3297";"88665.7"
"12319849000";"2198100";"3297";"88673.6"
"12320929000";"2198100";"3297";"88682.0"
"12322009000";"2198100";"3297";"88689.9"
"12323095000";"2198100";"3297";"88697.9"
"12324179000";"2198100";"3297";"88705.8"
"12325521000";"2168500";"3297";"88715.7"
"12326601000";"2168500";"3297";"88723.6"
"12327681000";"2168500";"3297";"88731.6"
"12328761000";"2168500";"3297";"88739.5"
"12329842000";"2168500";"3297";"88747.8"
"12331185000";"2168500";"3297";"88756.2"
"12332264000";"2168500";"3297";"88764.1"
"12333349000";"2183900";"3297";"88772.1"
"12334429000";"2183900";"3297";"88780.0"
"12335509000";"2183900";"3297";"88788.0"
"12336850000";"2183900";"3297";"88796.3"
"12337930000";"2183900";"3297";"88804.6"
"12339011000";"2183900";"3297";"88812.6"
"12340090000";"2183900";"3297";"88820.5"
"12341170000";"2185700";"3297";"88828.5"
"12342514000";"2185700";"3297";"88836.8"
"12343599000";"2185700";"3297";"88844.8"
"12344678000";"2185700";"3297";"88852.7"
"12345758000";"2185700";"3297";"88860.7"
"12346837000";"2185700";"3297";"88868.6"
"12348181000";"2185700";"3297";"88876.9"
"12349261000";"2112400";"3297";"88884.9"
"12350341000";"2112400";"3297";"88893.2"
"12351420000";"2112400";"3297";"88901.2"
"12352501000";"2112400";"3297";"88909.1"
"12353849000";"2112400";"3297";"88917.4"
"12354929000";"2112400";"3296";"88925.4"
"12356009000";"2112400";"3296";"88933.3"
"12357088000";"2198800";"3296";"88941.7"
"12358169000";"2198800";"3297";"88949.6"
"12359512000";"2198800";"3297";"88959.1"
"12360591000";"2198800";"3297";"88967.1"
"12361672000";"2198800";"3297";"88975.4"
"12362751000";"2198800";"3297";"88983.3"
"12363836000";"2227600";"3297";"88991.3"
"12365180000";"2227600";"3297";"88999.6"
"12366264000";"2227600";"3297";"89007.6"
"12367343000";"2227600";"3297";"89015.5"
"12368423000";"2227600";"3297";"89023.5"
"12369502000";"2227600";"3297";"89031.4"
"12370845000";"2227600";"3297";"89039.7"
"12371925000";"2127200";"3297";"89048.1"
"12373011000";"2127200";"3297";"89056.0"
"12374090000";"2127200";"3296";"89064.4"
"12375171000";"2127200";"3296";"89072.3"
"12376514000";"2127200";"3296";"89080.6"
"12377594000";"2127200";"3296";"89088.6"
"12378673000";"2127200";"3296";"89096.5"
"12379753000";"2184100";"3296";"89104.5"
"12380832000";"2184100";"3296";"89112.4"
"12382175000";"2184100";"3296";"89122.3"
"12383260000";"2184100";"3296";"89130.2"
"12384339000";"2184100";"3296";"89138.2"
"12385420000";"2184100";"3296";"89146.1"
"12386499000";"2228000";"3296";"89154.1"
"12387843000";"2228000";"3296";"89162.4"
"12388923000";"2228000";"3296";"89170.4"
"12390002000";"2228000";"3296";"89178.3"
"12391082000";"2228000";"3297";"89186.6"
"12392162000";"2228000";"3297";"89194.6"
"12393510000";"2176600";"3297";"89204.4"
"12394590000";"2176600";"3297";"89212.4"
"12395670000";"2176600";"3297";"89220.4"
"12396750000";"2176600";"3297";"89228.3"
"12397831000";"2176600";"3296";"89236.3"
"12399173000";"2176600";"3296";"89246.1"
"12400252000";"2229500";"3296";"89254.1"
"12401332000";"2229500";"3296";"89262.0"
"12402412000";"2229500";"3296";"89270.0"
"12403498000";"2229500";"3296";"89277.9"
"12404841000";"2229500";"3296";"89286.2"
"12405921000";"2229500";"3296";"89294.2"
"12407001000";"2229500";"3296";"89302.1"
"12408086000";"2182300";"3296";"89310.5"
"12409165000";"2182300";"3296";"89318.4"
"12410508000";"2182300";"3296";"89326.7"
"12411588000";"2182300";"3296";"89334.7"
"12412668000";"2182300";"3296";"89342.6"
"12413754000";"2182300";"3296";"89351.0"
"12414833000";"2182300";"3296";"89358.9"
"12416176000";"2127000";"3296";"89367.2"
"12417255000";"2127000";"3297";"89375.2"
"12418334000";"2127000";"3296";"89383.2"
"12419415000";"2127000";"3296";"89391.1"
"12420495000";"2127000";"3296";"89399.1"
"12421838000";"2127000";"3296";"89407.4"
"12422924000";"2127000";"3296";"89415.3"
"12424004000";"2169000";"3296";"89423.3"
"12425083000";"2169000";"3296";"89431.2"
"12426163000";"2169000";"3296";"89439.2"
"12427506000";"2169000";"3296";"89447.5"
"12428586000";"2169000";"3296";"89455.5"
"12429666000";"2169000";"3296";"89463.8"
"12430746000";"2169000";"3296";"89471.7"
"12431825000";"2185700";"3296";"89479.7"
"12433175000";"2185700";"3296";"89488.0"
"12434254000";"2185700";"3296";"89496.4"
"12435335000";"2185700";"3296";"89504.3"
"12436415000";"2185700";"3296";"89512.3"
"12437495000";"2185700";"3296";"89520.2"
"12438838000";"2185700";"3296";"89528.5"
"12439917000";"2126500";"3296";"89536.5"
"12440996000";"2126500";"3296";"89544.4"
"12442077000";"2126500";"3296";"89552.4"
"12443162000";"2126500";"3296";"89560.3"
"12444505000";"2126500";"3296";"89568.7"
"12445585000";"2126500";"3296";"89576.6"
"12446666000";"2126500";"3296";"89584.9"
"12447746000";"2183500";"3296";"89592.9"
"12448826000";"2183500";"3296";"89600.8"
"12450173000";"2183500";"3296";"89610.7"
"12451253000";"2183500";"3296";"89618.6"
"12452332000";"2183500";"3296";"89626.6"
"12453418000";"2183500";"3296";"89634.9"
"12454498000";"2243400";"3296";"89642.9"
"12455841000";"2243400";"3296";"89651.2"
"12456922000";"2243400";"3296";"89659.2"
"12458001000";"2243400";"3296";"89667.1"
"12459081000";"2243400";"3296";"89675.1"
"12460160000";"2243400";"3296";"89683.4"
"12461502000";"2243400";"3296";"89691.3"
"12462583000";"2128400";"3296";"89699.7"
"12463668000";"2128400";"3296";"89707.6"
"12464747000";"2128400";"3296";"89715.6"
"12465827000";"2128400";"3296";"89723.5"
"12467170000";"2128400";"3296";"89731.8"
"12468250000";"2128400";"3296";"89739.8"
"12469329000";"2128400";"3296";"89748.1"
"12470409000";"2184300";"3296";"89756.1"
"12471489000";"2184300";"3296";"89764.0"
"12472832000";"2184300";"3296";"89773.9"
"12473918000";"2184300";"3296";"89781.8"
"12474998000";"2184300";"3296";"89789.8"
"12476078000";"2184300";"3296";"89798.1"
"12477158000";"2244500";"3296";"89806.1"
"12478501000";"2244500";"3296";"89815.5"
"12479581000";"2244500";"3296";"89823.5"
"12480661000";"2244500";"3296";"89831.4"
"12481741000";"2244500";"3296";"89839.8"
"12482821000";"2244500";"3296";"89847.7"
"12484170000";"2159700";"3297";"89856.0"
"12485250000";"2159700";"3297";"89864.0"
"12486330000";"2159700";"3297";"89871.9"
"12487409000";"2159700";"3297";"89879.9"
"12488489000";"2159700";"3297";"89887.8"
"12489833000";"2159700";"3297";"89896.2"
"12490913000";"2159700";"3297";"89904.1"
"12491998000";"2183900";"3296";"89912.5"
"12493082000";"2183900";"3296";"89920.4"
"12494162000";"2183900";"3296";"89928.4"
"12495505000";"2183900";"3296";"89936.7"
"12496585000";"2183900";"3296";"89944.6"
"12497665000";"2183900";"3296";"89952.6"
"12498745000";"2183900";"3297";"89960.5"
"12499825000";"2184100";"3296";"89968.9"
"12501167000";"2184100";"3297";"89976.8"
"12502247000";"2184100";"3297";"89985.1"
"12503332000";"2184100";"3297";"89993.1"
"12504411000";"2184100";"3297";"90001.0"
"12505491000";"2184100";"3297";"90009.0"
"12506835000";"2184100";"3297";"90017.3"
"12507915000";"2112600";"3297";"90025.3"
"12508994000";"2112600";"3297";"90033.2"
"12510074000";"2112600";"3297";"90041.2"
"12511155000";"2112600";"3297";"90049.5"
"12512498000";"2112600";"3297";"90059.0"
"12513584000";"2112600";"3297";"90067.3"
"12514663000";"2244900";"3297";"90075.3"
"12515742000";"2244900";"3297";"90083.2"
"12516821000";"2244900";"3297";"90091.2"
"12518165000";"2244900";"3297";"90099.5"
"12519245000";"2244900";"3297";"90107.4"
"12520325000";"2244900";"3297";"90115.4"
"12521406000";"2244900";"3296";"90123.3"
"12522485000";"2185300";"3297";"90131.7"
"12523834000";"2185300";"3297";"90139.6"
"12524914000";"2185300";"3297";"90147.9"
"12525994000";"2185300";"3297";"90155.9"
"12527073000";"2185300";"3297";"90163.8"
"12528153000";"2185300";"3297";"90171.8"
"12529496000";"2185300";"3297";"90180.1"
"12530576000";"2112600";"3297";"90188.1"
"12531657000";"2112600";"3297";"90196.4"
"12532737000";"2112600";"3297";"90204.4"
"12533827000";"2112600";"3297";"90212.3"
"12535169000";"2112600";"3297";"90220.6"
"12536250000";"2112600";"3297";"90228.6"
"12537329000";"2112600";"3297";"90236.9"
"12538410000";"2196900";"3297";"90244.9"
"12539490000";"2196900";"3297";"90252.8"
"12540833000";"2196900";"3297";"90261.1"
"12541912000";"2196900";"3297";"90269.1"
"12542998000";"2196900";"3297";"90277.0"
"12544078000";"2196900";"3296";"90285.0"
"12545157000";"2196900";"3297";"90292.9"
"12546500000";"2169700";"3297";"90302.8"
"12547579000";"2169700";"3297";"90310.7"
"12548659000";"2169700";"3297";"90319.1"
"12549740000";"2169700";"3297";"90327.0"
"12550820000";"2169700";"3297";"90335.0"
"12552162000";"2169700";"3297";"90343.3"
"12553248000";"2169700";"3297";"90351.3"
"12554327000";"2198800";"3297";"90359.6"
"12555407000";"2198800";"3297";"90367.5"
"12556487000";"2198800";"3297";"90375.5"
"12557831000";"2198800";"3297";"90383.8"
"12558910000";"2198800";"3296";"90391.8"
"12559990000";"2198800";"3296";"90399.7"
"12561070000";"2198800";"3296";"90407.7"
"12562151000";"2170400";"3296";"90415.6"
"12563499000";"2170400";"3296";"90423.9"
"12564579000";"2170400";"3296";"90431.9"
"12565660000";"2170400";"3296";"90439.8"
"12566740000";"2170400";"3296";"90448.2"
"12567820000";"2170400";"3296";"90456.1"
"12569163000";"2176000";"3296";"90466.0"
"12570243000";"2176000";"3296";"90473.9"
"12571323000";"2176000";"3296";"90481.9"
"12572403000";"2176000";"3296";"90489.8"
"12573488000";"2176000";"3296";"90498.2"
"12574831000";"2176000";"3296";"90506.5"
"12575916000";"2176000";"3296";"90514.4"
"12576995000";"2182600";"3296";"90522.4"
"12578076000";"2182600";"3297";"90530.3"
"12579156000";"2182600";"3297";"90538.7"
"12580499000";"2182600";"3297";"90546.6"
"12581580000";"2182600";"3297";"90555.0"
"12582659000";"2182600";"3297";"90562.9"
"12583745000";"2182600";"3297";"90570.9"
"12584825000";"2183400";"3297";"90578.8"
"12586168000";"2183400";"3297";"90587.1"
"12587247000";"2183400";"3297";"90595.1"
"12588327000";"2183400";"3297";"90603.0"
"12589407000";"2183400";"3297";"90611.0"
"12590487000";"2183400";"3297";"90618.9"
"12591830000";"2183400";"3297";"90627.3"
"12592916000";"2126700";"3297";"90635.6"
"12593995000";"2126700";"3297";"90643.5"
"12595075000";"2126700";"3297";"90651.5"
"12596155000";"2126700";"3297";"90659.8"
"12597498000";"2126700";"3297";"90667.8"
"12598578000";"2126700";"3297";"90676.1"
"12599657000";"2126700";"3297";"90684.1"
"12600737000";"2185700";"3297";"90692.0"
"12601817000";"2185700";"3297";"90700.0"
"12603166000";"2185700";"3297";"90708.3"
"12604245000";"2185700";"3297";"90716.2"
"12605326000";"2185700";"3297";"90724.2"
"12606405000";"2185700";"3297";"90732.1"
"12607485000";"2185700";"3297";"90740.5"
"12608828000";"2112600";"3297";"90748.4"
"12609909000";"2112600";"3297";"90756.7"
"12610988000";"2112600";"3297";"90764.7"
"12612067000";"2112600";"3297";"90772.6"
"12613152000";"2112600";"3297";"90781.0"
"12614495000";"2112600";"3297";"90790.4"
"12615575000";"2262300";"3297";"90798.8"
"12616655000";"2262300";"3297";"90806.7"
"12617740000";"2262300";"3297";"90814.7"
"12618819000";"2262300";"3297";"90822.6"
"12620161000";"2262300";"3297";"90831.0"
"12621241000";"2262300";"3297";"90838.9"
"12622321000";"2262300";"3297";"90846.9"
"12623406000";"2168100";"3297";"90854.8"
"12624486000";"2168100";"3297";"90862.8"
"12625829000";"2168100";"3297";"90871.1"
"12626910000";"2168100";"3297";"90879.0"
"12627990000";"2168100";"3297";"90887.0"
"12629070000";"2168100";"3297";"90895.3"
"12630149000";"2168100";"3297";"90903.3"
"12631492000";"2128100";"3297";"90911.6"
"12632572000";"2128100";"3297";"90919.5"
"12633657000";"2128100";"3297";"90927.9"
"12634737000";"2128100";"3296";"90935.8"
"12635817000";"2128100";"3296";"90943.8"
"12637160000";"2128100";"3296";"90952.1"
"12638240000";"2128100";"3296";"90960.1"
"12639320000";"2183900";"3296";"90968.0"
"12640400000";"2183900";"3296";"90976.3"
"12641480000";"2183900";"3296";"90984.3"
"12642823000";"2183900";"3296";"90992.2"
"12643909000";"2183900";"3296";"91000.6"
"12644990000";"2183900";"3296";"91008.5"
"12646069000";"2183900";"3296";"91016.5"
"12647149000";"2183500";"3296";"91024.4"
"12648491000";"2183500";"3296";"91032.7"
"12649571000";"2183500";"3296";"91040.7"
"12650652000";"2183500";"3296";"91048.6"
"12651731000";"2183500";"3296";"91057.0"
"12652812000";"2183500";"3296";"91064.9"
"12654159000";"2183500";"3296";"91073.2"
"12655238000";"2127200";"3296";"91081.2"
"12656318000";"2127200";"3296";"91089.2"
"12657399000";"2127200";"3296";"91097.5"
"12658478000";"2127200";"3296";"91105.4"
"12659827000";"2127200";"3296";"91115.3"
"12660907000";"2127200";"3296";"91123.2"
"12661987000";"2244300";"3296";"91131.2"
"12663072000";"2244300";"3296";"91139.1"
"12664153000";"2244300";"3296";"91147.1"
"12665496000";"2244300";"3296";"91156.9"
"12666575000";"2244300";"3296";"91164.9"
"12667655000";"2244300";"3296";"91172.8"
"12668735000";"2227800";"3296";"91180.8"
"12669816000";"2227800";"3296";"91189.1"
"12671158000";"2227800";"3296";"91197.4"
"12672237000";"2227800";"3296";"91205.4"
"12673323000";"2227800";"3296";"91213.4"
"12674403000";"2227800";"3296";"91221.7"
"12675482000";"2227800";"3296";"91229.6"
"12676825000";"2141100";"3296";"91238.0"
"12677905000";"2141100";"3296";"91245.9"
"12678985000";"2141100";"3296";"91253.9"
"12680064000";"2141100";"3296";"91261.8"
"12681144000";"2141100";"3296";"91269.8"
"12682487000";"2141100";"3296";"91278.1"
"12683573000";"2141100";"3296";"91286.0"
"12684652000";"2169300";"3296";"91294.0"
"12685733000";"2169300";"3296";"91301.9"
"12686813000";"2169300";"3296";"91310.3"
"12688156000";"2169300";"3296";"91318.2"
"12689236000";"2169300";"3296";"91326.5"
"12690316000";"2169300";"3296";"91334.5"
"12691395000";"2169300";"3296";"91342.5"
"12692476000";"2185200";"3296";"91350.4"
"12693824000";"2185200";"3296";"91360.3"
"12694904000";"2185200";"3296";"91368.2"
"12695984000";"2185200";"3296";"91376.5"
"12697065000";"2185200";"3296";"91384.5"
"12698144000";"2185200";"3296";"91392.4"
"12699487000";"2176400";"3297";"91400.8"
"12700567000";"2176400";"3297";"91408.7"
"12701651000";"2176400";"3296";"91416.7"
"12702731000";"2176400";"3296";"91424.6"
"12703817000";"2176400";"3296";"91432.6"
"12705159000";"2176400";"3296";"91440.9"
"12706240000";"2176400";"3296";"91448.8"
"12707319000";"2167900";"3296";"91456.8"
"12708400000";"2167900";"3296";"91465.1"
"12709480000";"2167900";"3297";"91473.1"
"12710823000";"2167900";"3297";"91481.4"
"12711904000";"2167900";"3297";"91489.4"
"12712989000";"2167900";"3297";"91497.7"
"12714069000";"2167900";"3297";"91505.6"
"12715150000";"2197900";"3297";"91513.6"
"12716494000";"2197900";"3297";"91521.9"
"12717574000";"2197900";"3296";"91529.9"
"12718654000";"2197900";"3296";"91537.8"
"12719735000";"2197900";"3297";"91546.1"
"12720816000";"2197900";"3297";"91554.1"
"12722157000";"2197900";"3297";"91562.4"
"12723243000";"2126000";"3297";"91570.4"
"12724323000";"2126000";"3297";"91578.3"
"12725404000";"2126000";"3297";"91586.3"
"12726484000";"2126000";"3297";"91594.2"
"12727826000";"2126000";"3297";"91602.5"
"12728906000";"2126000";"3297";"91610.5"
"12729986000";"2126000";"3297";"91618.5"
"12731066000";"2185300";"3297";"91626.8"
"12732145000";"2185300";"3297";"91634.7"
"12733494000";"2185300";"3297";"91643.1"
"12734574000";"2185300";"3297";"91651.0"
"12735654000";"2185300";"3297";"91659.0"
"12736734000";"2185300";"3297";"91667.3"
"12737814000";"2185300";"3297";"91675.2"
"12739157000";"2126500";"3297";"91683.6"
"12740238000";"2126500";"3297";"91691.5"
"12741318000";"2126500";"3297";"91699.5"
"12742398000";"2126500";"3297";"91707.4"
"12743488000";"2126500";"3297";"91715.4"
"12744830000";"2126500";"3297";"91723.7"
"12745911000";"2126500";"3297";"91731.6"
"12746990000";"2182500";"3297";"91740.0"
"12748071000";"2182500";"3297";"91747.9"
"12749151000";"2182500";"3297";"91755.9"
"12750494000";"2182500";"3297";"91764.2"
"12751575000";"2182500";"3297";"91772.2"
"12752654000";"2182500";"3297";"91780.1"
"12753740000";"2182500";"3297";"91788.4"
"12754819000";"2183700";"3297";"91796.4"
"12756161000";"2183700";"3297";"91804.7"
"12757241000";"2183700";"3297";"91812.7"
"12758321000";"2183700";"3297";"91820.6"
"12759401000";"2183700";"3297";"91828.6"
"12760481000";"2183700";"3297";"91836.5"
"12761825000";"2183700";"3297";"91844.8"
"12762911000";"2112100";"3297";"91852.8"
"12763991000";"2112100";"3297";"91860.8"
"12765072000";"2112100";"3297";"91869.1"
"12766152000";"2112100";"3297";"91877.0"
"12767495000";"2112100";"3297";"91885.4"
"12768574000";"2112100";"3297";"91893.3"
"12769653000";"2112100";"3297";"91901.3"
"12770733000";"2185500";"3297";"91909.2"
"12771813000";"2185500";"3297";"91917.2"
"12773162000";"2185500";"3297";"91925.9"
"12774243000";"2185500";"3297";"91933.8"
"12775323000";"2185500";"3297";"91941.8"
"12776403000";"2185500";"3297";"91949.7"
"12777483000";"2185500";"3297";"91957.7"
"12778826000";"2126000";"3297";"91966.0"
"12779907000";"2126000";"3297";"91973.9"
"12780987000";"2126000";"3297";"91981.9"
"12782067000";"2126000";"3297";"91990.2"
"12783153000";"2126000";"3297";"91998.2"
"12784496000";"2126000";"3297";"92006.5"
"12785580000";"2126000";"3297";"92014.5"
"12786660000";"2182300";"3297";"92022.4"
"12787739000";"2182300";"3297";"92030.4"
"12788819000";"2182300";"3297";"92038.3"
"12790161000";"2182300";"3297";"92048.2"
"12791241000";"2182300";"3297";"92056.1"
"12792321000";"2182300";"3297";"92064.4"
"12793406000";"2245600";"3297";"92072.4"
"12794485000";"2245600";"3297";"92080.3"
"12795829000";"2245600";"3297";"92088.7"
"12796908000";"2245600";"3296";"92096.6"
"12797989000";"2245600";"3296";"92104.6"
"12799069000";"2245600";"3296";"92112.5"
"12800149000";"2245600";"3297";"92120.9"
"12801491000";"2171100";"3297";"92130.3"
"12802571000";"2171100";"3297";"92138.3"
"12803657000";"2171100";"3297";"92146.2"
"12804737000";"2171100";"3297";"92154.6"
"12805817000";"2171100";"3297";"92162.5"
"12807159000";"2171100";"3297";"92172.0"
"12808239000";"2244700";"3297";"92180.3"
"12809318000";"2244700";"3297";"92188.3"
"12810398000";"2244700";"3297";"92196.2"
"12811479000";"2244700";"3297";"92204.2"
"12812822000";"2244700";"3297";"92214.0"
"12813907000";"2244700";"3297";"92222.0"
"12814988000";"2244500";"3297";"92230.3"
"12816067000";"2244500";"3297";"92238.3"
"12817147000";"2244500";"3297";"92246.2"
"12818490000";"2244500";"3297";"92254.5"
"12819571000";"2244500";"3297";"92262.5"
"12820650000";"2244500";"3297";"92270.4"
"12821729000";"2244500";"3297";"92278.4"
"12822809000";"2170900";"3297";"92286.3"
"12824156000";"2170900";"3297";"92294.7"
"12825235000";"2170900";"3297";"92302.6"
"12826315000";"2170900";"3297";"92310.6"
"12827400000";"2170900";"3297";"92318.5"
"12828480000";"2170900";"3296";"92326.8"
"12829823000";"2170900";"3297";"92335.2"
"12830903000";"2126000";"3296";"92343.1"
"12831982000";"2126000";"3296";"92351.1"
"12833068000";"2126000";"3296";"92359.4"
"12834148000";"2126000";"3296";"92367.4"
"12835491000";"2126000";"3296";"92375.7"
"12836570000";"2126000";"3296";"92383.6"
"12837651000";"2126000";"3296";"92391.6"
"12838730000";"2198700";"3296";"92399.9"
"12839811000";"2198700";"3296";"92407.9"
"12841154000";"2198700";"3296";"92416.2"
"12842233000";"2198700";"3296";"92424.1"
"12843319000";"2198700";"3296";"92432.1"
"12844398000";"2198700";"3297";"92440.0"
"12845478000";"2198700";"3297";"92448.0"
"12846821000";"2112400";"3297";"92456.3"
"12847901000";"2112400";"3297";"92464.3"
"12848981000";"2112400";"3297";"92472.2"
"12850062000";"2112400";"3297";"92480.5"
"12851141000";"2112400";"3297";"92488.5"
"12852485000";"2112400";"3297";"92496.8"
"12853570000";"2112400";"3297";"92504.8"
"12854650000";"2183700";"3297";"92512.7"
"12855729000";"2183700";"3297";"92521.1"
"12856809000";"2183700";"3297";"92529.0"
"12858151000";"2183700";"3297";"92537.3"
"12859231000";"2183700";"3297";"92545.3"
"12860311000";"2183700";"3297";"92553.2"
"12861392000";"2183700";"3297";"92561.2"
"12862471000";"2185700";"3297";"92569.1"
"12863819000";"2185700";"3297";"92577.5"
"12864899000";"2185700";"3297";"92585.4"
"12865979000";"2185700";"3296";"92593.4"
"12867058000";"2185700";"3296";"92601.3"
"12868138000";"2185700";"3297";"92609.7"
"12869486000";"2185700";"3297";"92618.0"
"12870565000";"2125800";"3297";"92625.9"
"12871646000";"2125800";"3297";"92633.9"
"12872726000";"2125800";"3297";"92641.8"
"12873811000";"2125800";"3297";"92650.2"
"12875153000";"2125800";"3297";"92660.0"
"12876233000";"2125800";"3297";"92668.0"
"12877312000";"2245100";"3297";"92675.9"
"12878393000";"2245100";"3297";"92683.9"
"12879472000";"2245100";"3297";"92691.8"
"12880815000";"2245100";"3297";"92700.1"
"12881894000";"2245100";"3297";"92708.1"
"12882980000";"2245100";"3297";"92716.4"
"12884060000";"2245100";"3297";"92724.4"
"12885139000";"2184100";"3297";"92732.3"
"12886482000";"2184100";"3297";"92741.8"
"12887561000";"2184100";"3297";"92750.1"
"12888641000";"2184100";"3297";"92758.1"
"12889721000";"2184100";"3297";"92766.0"
"12890801000";"2184100";"3297";"92774.0"
"12892144000";"2228100";"3297";"92783.8"
"12893229000";"2228100";"3297";"92791.8"
"12894309000";"2228100";"3297";"92799.7"
"12895389000";"2228100";"3297";"92808.1"
"12896469000";"2228100";"3297";"92816.0"
"12897811000";"2228100";"3297";"92824.3"
"12898891000";"2228100";"3297";"92832.3"
"12899971000";"2184100";"3297";"92840.2"
"12901051000";"2184100";"3297";"92848.2"
"12902131000";"2184100";"3297";"92856.1"
"12903480000";"2184100";"3297";"92864.5"
"12904560000";"2184100";"3297";"92872.4"
"12905640000";"2184100";"3297";"92880.7"
"12906720000";"2184100";"3297";"92888.7"
"12907799000";"2183700";"3297";"92896.7"
"12909143000";"2183700";"3297";"92905.0"
"12910223000";"2183700";"3297";"92912.9"
"12911308000";"2183700";"3297";"92920.9"
"12912388000";"2183700";"3297";"92929.2"
"12913473000";"2183700";"3297";"92937.2"
"12914814000";"2175200";"3297";"92947.0"
"12915894000";"2175200";"3297";"92955.0"
"12916974000";"2175200";"3297";"92962.9"
"12918054000";"2175200";"3297";"92970.9"
"12919135000";"2175200";"3297";"92979.2"
"12920477000";"2175200";"3297";"92987.1"
"12921557000";"2175200";"3297";"92995.5"
"12922638000";"2185200";"3297";"93003.4"
"12923723000";"2185200";"3297";"93011.4"
"12924803000";"2185200";"3297";"93019.3"
"12926145000";"2185200";"3297";"93027.6"
"12927225000";"2185200";"3297";"93035.6"
"12928304000";"2185200";"3297";"93043.6"
"12929385000";"2185200";"3296";"93051.5"
"12930465000";"2183900";"3296";"93059.8"
"12931809000";"2183900";"3296";"93068.2"
"12932894000";"2183900";"3296";"93076.1"
"12933973000";"2183900";"3296";"93084.1"
"12935054000";"2183900";"3296";"93092.4"
"12936134000";"2183900";"3296";"93100.3"
"12937477000";"2183900";"3296";"93108.7"
"12938557000";"2126500";"3296";"93116.6"
"12939637000";"2126500";"3296";"93124.6"
"12940717000";"2126500";"3296";"93132.5"
"12941797000";"2126500";"3296";"93140.5"
"12943145000";"2126500";"3296";"93150.3"
"12944225000";"2126500";"3296";"93158.3"
"12945305000";"2227800";"3296";"93166.2"
"12946384000";"2227800";"3296";"93174.2"
"12947464000";"2227800";"3296";"93182.5"
"12948807000";"2227800";"3296";"93190.4"
"12949887000";"2227800";"3296";"93198.8"
"12950967000";"2227800";"3296";"93206.7"
"12952047000";"2227800";"3296";"93214.7"
"12953137000";"2197200";"3296";"93223.0"
"12954481000";"2197200";"3296";"93232.5"
"12955561000";"2197200";"3296";"93240.8"
"12956641000";"2197200";"3296";"93248.8"
"12957721000";"2197200";"3296";"93256.7"
"12958800000";"2197200";"3296";"93264.7"
"12960142000";"2162100";"3296";"93273.0"
"12961222000";"2162100";"3296";"93280.9"
"12962302000";"2162100";"3296";"93288.9"
"12963387000";"2162100";"3296";"93296.9"
"12964466000";"2162100";"3296";"93305.2"
"12965809000";"2162100";"3296";"93313.5"
"12966889000";"2162100";"3296";"93321.5"
"12967969000";"2184100";"3297";"93329.4"
"12969049000";"2184100";"3297";"93337.4"
"12970129000";"2184100";"3296";"93345.3"
"12971472000";"2184100";"3296";"93353.6"
"12972552000";"2184100";"3296";"93362.0"
"12973637000";"2184100";"3296";"93369.9"
"12974716000";"2184100";"3296";"93377.9"
"12975797000";"2198500";"3296";"93386.2"
"12977141000";"2198500";"3297";"93394.5"
"12978220000";"2198500";"3297";"93402.5"
"12979299000";"2198500";"3297";"93410.4"
"12980380000";"2198500";"3297";"93418.4"
"12981459000";"2198500";"3296";"93426.3"
"12982801000";"2198500";"3296";"93434.7"
"12983886000";"2112900";"3296";"93442.6"
"12984967000";"2112900";"3296";"93450.6"
"12986047000";"2112900";"3297";"93458.9"
"12987126000";"2112900";"3297";"93466.8"
"12988469000";"2112900";"3297";"93475.2"
"12989549000";"2112900";"3297";"93483.1"
"12990629000";"2112900";"3297";"93491.1"
"12991708000";"2185500";"3297";"93499.0"
"12992789000";"2185500";"3296";"93507.4"
"12994137000";"2185500";"3296";"93515.7"
"12995221000";"2185500";"3296";"93523.6"
"12996301000";"2185500";"3296";"93531.6"
"12997382000";"2185500";"3297";"93539.9"
"12998461000";"2185500";"3297";"93547.9"
"12999804000";"2139600";"3297";"93556.2"
"13000884000";"2139600";"3297";"93564.1"
"13001964000";"2139600";"3297";"93572.1"
"13003050000";"2139600";"3297";"93580.0"
"13004129000";"2139600";"3297";"93588.0"
"13005472000";"2139600";"3297";"93596.3"
"13006552000";"2139600";"3296";"93604.3"
"13007632000";"2169100";"3296";"93612.2"
"13008713000";"2169100";"3296";"93620.6"
"13009793000";"2169100";"3296";"93628.5"
"13011135000";"2169100";"3296";"93636.8"
"13012215000";"2169100";"3296";"93644.8"
"13013301000";"2169100";"3296";"93652.7"
"13014381000";"2169100";"3296";"93661.1"
"13015461000";"2198300";"3296";"93669.0"
"13016803000";"2198300";"3297";"93677.3"
"13017883000";"2198300";"3297";"93685.3"
"13018963000";"2198300";"3297";"93693.2"
"13020042000";"2198300";"3297";"93701.6"
"13021123000";"2198300";"3297";"93709.5"
"13022466000";"2198300";"3297";"93717.5"
"13023552000";"2126900";"3297";"93725.8"
"13024632000";"2126900";"3297";"93733.7"
"13025712000";"2126900";"3297";"93741.7"
"13026792000";"2126900";"3297";"93749.7"
"13028135000";"2126900";"3297";"93759.5"
"13029214000";"2126900";"3297";"93767.4"
"13030293000";"2229700";"3297";"93775.4"
"13031374000";"2229700";"3297";"93783.4"
"13032453000";"2229700";"3297";"93791.7"
"13033802000";"2229700";"3297";"93800.0"
"13034883000";"2229700";"3297";"93808.0"
"13035962000";"2229700";"3297";"93815.9"
"13037047000";"2229700";"3297";"93824.2"
"13038127000";"2197000";"3297";"93832.2"
"13039468000";"2197000";"3297";"93841.7"
"13040549000";"2197000";"3297";"93850.0"
"13041628000";"2197000";"3297";"93857.9"
"13042707000";"2197000";"3297";"93865.9"
"13043793000";"2197000";"3297";"93873.9"
"13045136000";"2226700";"3297";"93883.7"
"13046215000";"2226700";"3297";"93891.6"
"13047295000";"2226700";"3297";"93899.6"
"13048374000";"2226700";"3297";"93907.6"
"13049454000";"2226700";"3297";"93915.5"
"13050796000";"2226700";"3297";"93925.4"
"13051877000";"2229700";"3297";"93933.3"
"13052963000";"2229700";"3297";"93941.6"
"13054042000";"2229700";"3297";"93949.6"
"13055121000";"2229700";"3297";"93957.9"
"13056465000";"2229700";"3297";"93966.2"
"13057545000";"2229700";"3297";"93974.2"
"13058625000";"2229700";"3297";"93982.1"
"13059706000";"2198500";"3297";"93990.1"
"13060786000";"2198500";"3297";"93998.1"
"13062128000";"2198500";"3297";"94007.9"
"13063214000";"2198500";"3297";"94015.8"
"13064295000";"2198500";"3297";"94023.8"
"13065374000";"2198500";"3297";"94032.1"
"13066454000";"2244700";"3297";"94040.1"
"13067797000";"2244700";"3297";"94048.4"
"13068876000";"2244700";"3297";"94056.4"
"13069956000";"2244700";"3297";"94064.3"
"13071035000";"2244700";"3297";"94072.3"
"13072115000";"2244700";"3297";"94080.6"
"13073463000";"2244700";"3297";"94088.9"
"13074542000";"2127400";"3297";"94096.9"
"13075622000";"2127400";"3297";"94104.8"
"13076702000";"2127400";"3297";"94113.2"
"13077782000";"2127400";"3297";"94121.1"
"13079129000";"2127400";"3297";"94129.4"
"13080209000";"2127400";"3297";"94137.4"
"13081290000";"2127400";"3297";"94145.3"
"13082369000";"2184300";"3297";"94153.3"
"13083455000";"2184300";"3296";"94161.2"
"13084797000";"2184300";"3296";"94169.6"
"13085877000";"2184300";"3296";"94177.5"
"13086957000";"2184300";"3296";"94185.8"
"13088037000";"2184300";"3296";"94193.8"
"13089117000";"2184300";"3296";"94201.7"
"13090459000";"2184000";"3296";"94211.6"
"13091539000";"2184000";"3296";"94219.5"
"13092619000";"2184000";"3296";"94227.5"
"13093704000";"2184000";"3296";"94235.8"
"13094784000";"2184000";"3296";"94243.8"
"13096126000";"2184000";"3296";"94253.6"
"13097207000";"2244900";"3296";"94261.6"
"13098286000";"2244900";"3296";"94269.5"
"13099366000";"2244900";"3296";"94277.5"
"13100446000";"2244900";"3296";"94285.8"
"13101790000";"2244900";"3296";"94293.8"
"13102875000";"2244900";"3296";"94302.1"
"13103956000";"2244900";"3296";"94310.0"
"13105036000";"2183400";"3296";"94318.0"
"13106115000";"2183400";"3296";"94325.9"
"13107459000";"2183400";"3296";"94334.3"
"13108538000";"2183400";"3296";"94342.2"
"13109618000";"2183400";"3296";"94350.5"
"13110698000";"2183400";"3296";"94358.5"
"13111777000";"2183400";"3296";"94366.5"
"13113126000";"2184200";"3296";"94376.3"
"13114206000";"2184200";"3296";"94384.3"
"13115286000";"2184200";"3296";"94392.6"
"13116366000";"2184200";"3296";"94400.5"
"13117445000";"2184200";"3296";"94408.5"
"13118788000";"2184200";"3296";"94416.8"
"13119868000";"2184200";"3296";"94424.8"
"13120953000";"2198800";"3296";"94433.1"
"13122032000";"2198800";"3296";"94441.0"
"13123117000";"2198800";"3296";"94449.0"
"13124459000";"2198800";"3296";"94457.3"
"13125539000";"2198800";"3296";"94465.3"
"13126618000";"2198800";"3296";"94473.2"
"13127699000";"2198800";"3296";"94481.2"
"13128779000";"2184400";"3296";"94489.5"
"13130121000";"2184400";"3296";"94497.8"
"13131201000";"2184400";"3296";"94505.8"
"13132281000";"2184400";"3296";"94513.7"
"13133367000";"2184400";"3296";"94522.1"
"13134447000";"2184400";"3296";"94530.0"
"13135790000";"2184400";"3296";"94538.3"
"13136869000";"2126900";"3296";"94546.3"
"13137950000";"2126900";"3296";"94554.2"
"13139031000";"2126900";"3296";"94562.6"
"13140111000";"2126900";"3297";"94570.5"
"13141453000";"2126900";"3297";"94580.0"
"13142533000";"2126900";"3297";"94588.3"
"13143617000";"2244700";"3297";"94596.3"
"13144697000";"2244700";"3297";"94604.2"
"13145776000";"2244700";"3297";"94612.2"
"13147120000";"2244700";"3297";"94620.5"
"13148200000";"2244700";"3297";"94628.5"
"13149281000";"2244700";"3297";"94636.4"
"13150361000";"2244700";"3297";"94644.7"
"13151441000";"2185000";"3297";"94652.7"
"13152784000";"2185000";"3297";"94661.0"
"13153869000";"2185000";"3297";"94669.3"
"13154949000";"2185000";"3297";"94677.3"
"13156030000";"2185000";"3297";"94685.3"
"13157109000";"2185000";"3297";"94693.2"
"13158452000";"2185000";"3297";"94701.5"
"13159532000";"2141100";"3297";"94709.9"
"13160612000";"2141100";"3297";"94717.8"
"13161691000";"2141100";"3297";"94725.8"
"13162776000";"2141100";"3297";"94733.7"
"13164124000";"2141100";"3297";"94743.6"
"13165204000";"2141100";"3297";"94751.5"
"13166284000";"2226300";"3297";"94759.5"
"13167364000";"2226300";"3297";"94767.4"
"13168444000";"2226300";"3297";"94775.4"
"13169787000";"2226300";"3297";"94783.7"
"13170867000";"2226300";"3297";"94792.0"
"13171947000";"2226300";"3297";"94800.0"
"13173033000";"2226300";"3297";"94808.3"
"13174112000";"2198700";"3297";"94816.3"
"13175454000";"2198700";"3297";"94824.6"
"13176533000";"2198700";"3297";"94832.5"
"13177614000";"2198700";"3297";"94840.9"
"13178693000";"2198700";"3297";"94848.8"
"13179773000";"2198700";"3297";"94856.8"
"13181116000";"2198700";"3297";"94865.1"
"13182197000";"2128200";"3297";"94873.0"
"13183281000";"2128200";"3297";"94881.0"
"13184361000";"2128200";"3297";"94888.9"
"13185441000";"2128200";"3297";"94897.3"
"13186784000";"2128200";"3297";"94905.2"
"13187863000";"2128200";"3297";"94913.6"
"13188942000";"2128200";"3297";"94921.5"
"13190021000";"2184800";"3297";"94929.5"
"13191102000";"2184800";"3297";"94937.4"
"13192446000";"2184800";"3297";"94947.3"
"13193530000";"2184800";"3297";"94955.6"
"13194611000";"2184800";"3297";"94963.5"
"13195691000";"2184800";"3296";"94971.5"
"13196771000";"2244100";"3297";"94979.4"
"13198114000";"2244100";"3296";"94987.8"
"13199194000";"2244100";"3296";"94996.1"
"13200274000";"2244100";"3296";"95004.0"
"13201354000";"2244100";"3296";"95012.0"
"13202434000";"2244100";"3296";"95020.0"
"13203783000";"2244100";"3296";"95028.3"
"13204867000";"2125300";"3296";"95036.2"
"13205947000";"2125300";"3296";"95044.2"
"13207028000";"2125300";"3297";"95052.5"
"13208108000";"2125300";"3297";"95060.5"
"13209451000";"2125300";"3297";"95070.3"
"13210531000";"2125300";"3297";"95078.3"
"13211612000";"2246000";"3297";"95086.2"
"13212691000";"2246000";"3297";"95094.5"
"13213776000";"2246000";"3297";"95102.5"
"13215119000";"2246000";"3297";"95110.8"
"13216198000";"2246000";"3297";"95118.8"
"13217279000";"2246000";"3297";"95126.7"
"13218359000";"2246000";"3297";"95135.1"
"13219438000";"2199000";"3297";"95143.0"
"13220780000";"2199000";"3297";"95151.3"
"13221860000";"2199000";"3297";"95159.3"
"13222945000";"2199000";"3297";"95167.2"
"13224025000";"2199000";"3297";"95175.6"
"13225105000";"2199000";"3297";"95183.5"
"13226448000";"2160300";"3297";"95193.0"
"13227527000";"2160300";"3297";"95201.3"
"13228608000";"2160300";"3297";"95209.3"
"13229688000";"2160300";"3297";"95217.2"
"13230767000";"2160300";"3297";"95225.2"
"13232110000";"2160300";"3297";"95233.5"
"13233196000";"2160300";"3297";"95241.8"
"13234275000";"2198800";"3297";"95249.8"
"13235355000";"2198800";"3297";"95257.7"
"13236435000";"2198800";"3297";"95266.1"
"13237777000";"2198800";"3297";"95274.4"
"13238857000";"2198800";"3297";"95282.3"
"13239936000";"2198800";"3297";"95290.3"
"13241015000";"2198800";"3297";"95298.2"
"13242095000";"2186200";"3297";"95306.2"
"13243443000";"2186200";"3297";"95314.5"
"13244523000";"2186200";"3297";"95322.8"
"13245603000";"2186200";"3297";"95330.8"
"13246688000";"2186200";"3297";"95338.8"
"13247769000";"2186200";"3297";"95346.7"
"13249111000";"2186200";"3297";"95355.0"
"13250190000";"2125500";"3297";"95363.0"
"13251271000";"2125500";"3297";"95371.3"
"13252350000";"2125500";"3297";"95379.3"
"13253436000";"2125500";"3297";"95387.2"
"13254778000";"2125500";"3297";"95395.5"
"13255858000";"2125500";"3297";"95403.9"
"13256938000";"2125500";"3297";"95411.8"
"13258017000";"2198800";"3297";"95419.8"
"13259097000";"2198800";"3297";"95427.7"
"13260440000";"2198800";"3297";"95436.0"
"13261520000";"2198800";"3297";"95444.0"
"13262601000";"2198800";"3297";"95451.9"
"13263687000";"2198800";"3297";"95460.3"
"13264766000";"2198800";"3297";"95468.2"
"13266109000";"2126500";"3297";"95476.6"
"13267189000";"2126500";"3296";"95484.5"
"13268268000";"2126500";"3296";"95492.8"
"13269349000";"2126500";"3296";"95500.8"
"13270429000";"2126500";"3296";"95508.7"
"13271772000";"2126500";"3296";"95517.1"
"13272857000";"2126500";"3296";"95525.0"
"13273937000";"2198500";"3296";"95533.3"
"13275018000";"2198500";"3296";"95541.3"
"13276097000";"2198500";"3296";"95549.3"
"13277440000";"2198500";"3296";"95557.6"
"13278521000";"2198500";"3296";"95565.9"
"13279600000";"2198500";"3296";"95573.9"
"13280679000";"2198500";"3296";"95581.8"
"13281759000";"2185700";"3296";"95589.8"
"13283107000";"2185700";"3296";"95598.1"
"13284187000";"2185700";"3296";"95606.0"
"13285267000";"2185700";"3296";"95614.4"
"13286347000";"2185700";"3296";"95622.3"
"13287427000";"2185700";"3296";"95630.3"
"13288774000";"2185700";"3296";"95638.6"
"13289853000";"2125800";"3296";"95646.5"
"13290933000";"2125800";"3296";"95654.5"
"13292014000";"2125800";"3296";"95662.8"
"13293099000";"2125800";"3297";"95670.8"
"13294442000";"2125800";"3297";"95679.5"
"13295522000";"2125800";"3297";"95687.4"
"13296602000";"2125800";"3297";"95695.4"
"13297681000";"2198700";"3297";"95703.3"
"13298761000";"2198700";"3297";"95711.7"
"13300103000";"2198700";"3297";"95720.0"
"13301184000";"2198700";"3297";"95727.9"
"13302263000";"2198700";"3297";"95735.9"
"13303348000";"2198700";"3297";"95743.9"
"13304428000";"2198700";"3297";"95751.8"
"13305770000";"2127000";"3297";"95760.1"
"13306851000";"2127000";"3297";"95768.1"
"13307930000";"2127000";"3297";"95776.4"
"13309010000";"2127000";"3297";"95784.4"
"13310090000";"2127000";"3297";"95792.3"
"13311433000";"2127000";"3297";"95800.6"
"13312512000";"2127000";"3297";"95808.6"
"13313598000";"2198800";"3297";"95816.9"
"13314678000";"2198800";"3297";"95824.9"
"13315758000";"2198800";"3297";"95832.8"
"13317100000";"2198800";"3297";"95841.1"
"13318180000";"2198800";"3297";"95849.5"
"13319260000";"2198800";"3297";"95857.4"
"13320339000";"2198800";"3297";"95865.4"
"13321418000";"2185900";"3297";"95873.3"
"13322761000";"2185900";"3297";"95883.2"
"13323845000";"2185900";"3297";"95891.1"
"13324925000";"2185900";"3297";"95899.1"
"13326005000";"2185900";"3297";"95907.0"
"13327085000";"2185900";"3297";"95915.0"
"13328428000";"2160300";"3297";"95923.3"
"13329509000";"2160300";"3297";"95931.6"
"13330593000";"2160300";"3297";"95939.6"
"13331674000";"2160300";"3297";"95947.5"
"13332753000";"2160300";"3297";"95955.9"
"13334102000";"2160300";"3297";"95965.3"
"13335182000";"2260100";"3297";"95973.7"
"13336261000";"2260100";"3297";"95981.6"
"13337341000";"2260100";"3297";"95989.6"
"13338421000";"2260100";"3297";"95997.9"
"13339765000";"2260100";"3297";"96005.9"
"13340845000";"2260100";"3297";"96014.2"
"13341925000";"2260100";"3297";"96022.1"
"13343011000";"2183500";"3297";"96030.1"
"13344092000";"2183500";"3297";"96038.4"
"13345434000";"2183500";"3297";"96046.4"
"13346515000";"2183500";"3297";"96054.3"
"13347594000";"2183500";"3297";"96062.6"
"13348675000";"2183500";"3297";"96070.6"
"13349754000";"2183500";"3297";"96078.6"
"13351097000";"2128100";"3297";"96086.9"
"13352176000";"2128100";"3297";"96094.8"
"13353262000";"2128100";"3297";"96103.2"
"13354343000";"2128100";"3297";"96111.1"
"13355423000";"2128100";"3297";"96119.1"
"13356766000";"2128100";"3297";"96128.9"
"13357845000";"2244700";"3297";"96136.9"
"13358924000";"2244700";"3297";"96144.8"
"13360005000";"2244700";"3297";"96152.8"
"13361085000";"2244700";"3297";"96160.7"
"13362428000";"2244700";"3297";"96169.0"
"13363514000";"2244700";"3297";"96177.0"
"13364594000";"2244700";"3297";"96185.3"
"13365674000";"2183400";"3297";"96193.3"
"13366754000";"2183400";"3297";"96201.2"
"13368096000";"2183400";"3297";"96210.7"
"13369177000";"2183400";"3297";"96219.0"
"13370257000";"2183400";"3297";"96227.0"
"13371337000";"2183400";"3297";"96234.9"
"13372421000";"2228000";"3297";"96242.9"
"13373770000";"2228000";"3297";"96251.6"
"13374851000";"2228000";"3297";"96259.5"
"13375931000";"2228000";"3297";"96267.5"
"13377010000";"2228000";"3297";"96275.4"
"13378090000";"2228000";"3297";"96283.8"
"13379433000";"2228000";"3297";"96291.7"
"13380512000";"2141000";"3297";"96300.0"
"13381593000";"2141000";"3297";"96308.0"
"13382673000";"2141000";"3298";"96315.9"
"13383758000";"2141000";"3297";"96323.9"
"13385101000";"2141000";"3297";"96332.2"
"13386181000";"2141000";"3297";"96340.2"
"13387261000";"2141000";"3297";"96348.1"
"13388341000";"2169000";"3297";"96356.1"
"13389420000";"2169000";"3297";"96364.4"
"13390763000";"2169000";"3297";"96372.7"
"13391843000";"2169000";"3297";"96380.7"
"13392928000";"2169000";"3297";"96388.6"
"13394008000";"2169000";"3297";"96396.6"
"13395088000";"2169000";"3297";"96404.9"
"13396430000";"2141300";"3297";"96413.2"
"13397511000";"2141300";"3297";"96421.2"
"13398590000";"2141300";"3297";"96429.1"
"13399671000";"2141300";"3297";"96437.1"
"13400751000";"2141300";"3297";"96445.4"
"13402094000";"2141300";"3297";"96453.4"
"13403180000";"2141300";"3297";"96461.7"
"13404261000";"2183200";"3297";"96469.7"
"13405341000";"2183200";"3297";"96477.6"
"13406421000";"2183200";"3297";"96485.6"
"13407763000";"2183200";"3297";"96493.9"
"13408843000";"2183200";"3297";"96501.8"
"13409923000";"2183200";"3297";"96509.8"
"13411003000";"2183200";"3297";"96518.1"
"13412082000";"2185700";"3297";"96526.1"
"13413430000";"2185700";"3297";"96534.4"
"13414515000";"2185700";"3297";"96542.3"
"13415595000";"2185700";"3297";"96550.7"
"13416675000";"2185700";"3297";"96558.6"
"13417755000";"2185700";"3297";"96566.6"
"13419097000";"2185700";"3297";"96574.9"
"13420177000";"2125500";"3298";"96582.9"
"13421257000";"2125500";"3298";"96590.8"
"13422337000";"2125500";"3297";"96598.8"
"13423423000";"2125500";"3297";"96606.7"
"13424765000";"2125500";"3297";"96615.0"
"13425846000";"2125500";"3297";"96623.0"
"13426926000";"2125500";"3297";"96631.3"
"13428005000";"2184100";"3297";"96639.3"
"13429084000";"2184100";"3297";"96647.2"
"13430428000";"2184100";"3297";"96655.5"
"13431507000";"2184100";"3297";"96663.5"
"13432587000";"2184100";"3297";"96671.4"
"13433673000";"2184100";"3297";"96679.8"
"13434752000";"2184100";"3297";"96687.7"
"13436094000";"2127000";"3297";"96696.1"
"13437175000";"2127000";"3297";"96704.0"
"13438254000";"2127000";"3297";"96712.3"
"13439334000";"2127000";"3297";"96720.3"
"13440413000";"2127000";"3297";"96728.2"
"13441755000";"2127000";"3297";"96738.1"
"13442835000";"2247100";"3297";"96746.0"
"13443920000";"2247100";"3297";"96754.0"
"13445001000";"2247100";"3297";"96761.9"
"13446080000";"2247100";"3297";"96769.9"
"13447423000";"2247100";"3297";"96778.2"
"13448503000";"2247100";"3297";"96786.2"
"13449582000";"2247100";"3297";"96794.1"
"13450662000";"2169500";"3297";"96802.1"
"13451743000";"2169500";"3297";"96810.4"
"13453092000";"2169500";"3297";"96818.7"
"13454172000";"2169500";"3297";"96826.7"
"13455251000";"2169500";"3297";"96835.0"
"13456336000";"2169500";"3297";"96843.0"
"13457417000";"2169500";"3297";"96850.9"
"13458760000";"2139100";"3297";"96859.2"
"13459840000";"2139100";"3297";"96867.2"
"13460920000";"2139100";"3296";"96875.1"
"13462000000";"2139100";"3296";"96883.1"
"13463085000";"2139100";"3296";"96891.4"
"13464428000";"2139100";"3296";"96899.4"
"13465508000";"2139100";"3296";"96907.7"
"13466588000";"2183700";"3297";"96915.6"
"13467669000";"2183700";"3297";"96923.6"
"13468748000";"2183700";"3296";"96931.6"
"13470090000";"2183700";"3296";"96939.9"
"13471171000";"2183700";"3296";"96947.8"
"13472250000";"2183700";"3296";"96956.2"
"13473336000";"2183700";"3296";"96964.1"
"13474416000";"2184100";"3296";"96972.1"
"13475759000";"2184100";"3296";"96980.4"
"13476839000";"2184100";"3296";"96988.7"
"13477919000";"2184100";"3296";"96996.7"
"13478998000";"2184100";"3296";"97004.6"
"13480078000";"2184100";"3296";"97012.6"
"13481420000";"2178400";"3296";"97022.4"
"13482501000";"2178400";"3297";"97030.4"
"13483586000";"2178400";"3297";"97038.3"
"13484666000";"2178400";"3296";"97046.3"
"13485745000";"2178400";"3296";"97054.2"
"13487089000";"2178400";"3296";"97062.5"
"13488169000";"2178400";"3296";"97070.5"
"13489249000";"2169000";"3296";"97078.5"
"13490329000";"2169000";"3296";"97086.8"
"13491409000";"2169000";"3296";"97094.7"
"13492752000";"2169000";"3296";"97103.1"
"13493838000";"2169000";"3296";"97111.0"
"13494918000";"2169000";"3296";"97119.3"
"13495998000";"2169000";"3296";"97127.3"
"13497078000";"2198300";"3296";"97135.2"
"13498426000";"2198300";"3296";"97143.6"
"13499506000";"2198300";"3296";"97151.5"
"13500586000";"2198300";"3296";"97159.5"
"13501667000";"2198300";"3296";"97167.4"
"13502746000";"2198300";"3296";"97175.8"
"13504094000";"2198300";"3296";"97183.7"
"13505175000";"2125200";"3296";"97192.0"
"13506254000";"2125200";"3296";"97200.0"
"13507334000";"2125200";"3296";"97207.9"
"13508414000";"2125200";"3296";"97215.9"
"13509757000";"2125200";"3296";"97224.2"
"13510837000";"2125200";"3296";"97232.2"
"13511917000";"2125200";"3296";"97240.1"
"13513002000";"2183900";"3296";"97248.4"
"13514083000";"2183900";"3296";"97256.4"
"13515425000";"2183900";"3296";"97264.7"
"13516505000";"2183900";"3296";"97273.1"
"13517584000";"2183900";"3297";"97281.0"
"13518665000";"2183900";"3297";"97289.0"
"13519744000";"2183900";"3296";"97296.9"
"13521088000";"2128200";"3296";"97305.2"
"13522168000";"2128200";"3296";"97313.2"
"13523254000";"2128200";"3296";"97321.1"
"13524334000";"2128200";"3296";"97329.5"
"13525415000";"2128200";"3296";"97337.4"
"13526757000";"2128200";"3296";"97346.9"
"13527838000";"2244100";"3296";"97355.2"
"13528917000";"2244100";"3296";"97363.2"
"13529997000";"2244100";"3296";"97371.1"
"13531077000";"2244100";"3296";"97379.1"
"13532419000";"2244100";"3296";"97387.4"
"13533504000";"2244100";"3296";"97395.3"
"13534585000";"2244100";"3296";"97403.7"
"13535664000";"2184300";"3296";"97411.6"
"13536744000";"2184300";"3296";"97419.6"
"13538087000";"2184300";"3296";"97427.9"
"13539166000";"2184300";"3296";"97435.9"
"13540251000";"2184300";"3296";"97444.2"
"13541331000";"2184300";"3296";"97452.1"
"13542411000";"2184300";"3296";"97460.1"
"13543760000";"2125500";"3296";"97468.4"
"13544839000";"2125500";"3296";"97476.4"
"13545920000";"2125500";"3296";"97484.3"
"13546999000";"2125500";"3296";"97492.3"
"13548079000";"2125500";"3296";"97500.2"
"13549422000";"2125500";"3296";"97508.5"
"13550503000";"2125500";"3296";"97516.5"
"13551582000";"2185300";"3296";"97524.8"
"13552663000";"2185300";"3296";"97532.8"
"13553747000";"2185300";"3296";"97540.7"
"13555090000";"2185300";"3296";"97549.1"
"13556170000";"2185300";"3296";"97557.4"
"13557250000";"2185300";"3296";"97565.3"
"13558330000";"2185300";"3296";"97573.3"
"13559411000";"2183700";"3296";"97581.2"
"13560753000";"2183700";"3296";"97589.6"
"13561833000";"2183700";"3296";"97597.5"
"13562919000";"2183700";"3296";"97605.8"
"13563999000";"2183700";"3296";"97613.8"
"13565079000";"2183700";"3296";"97621.8"
"13566423000";"2183700";"3296";"97630.1"
"13567502000";"2126700";"3296";"97638.0"
"13568582000";"2126700";"3296";"97646.0"
"13569662000";"2126700";"3296";"97653.9"
"13570741000";"2126700";"3296";"97662.3"
"13572085000";"2126700";"3296";"97670.6"
"13573170000";"2126700";"3296";"97678.5"
"13574250000";"2126700";"3296";"97686.5"
"13575329000";"2183900";"3296";"97694.4"
"13576410000";"2183900";"3296";"97702.8"
"13577754000";"2183900";"3297";"97712.6"
"13578833000";"2183900";"3297";"97720.6"
"13579914000";"2183900";"3297";"97728.5"
"13580994000";"2183900";"3297";"97736.5"
"13582079000";"2244300";"3297";"97744.4"
"13583426000";"2244300";"3297";"97754.3"
"13584505000";"2244300";"3297";"97762.2"
"13585585000";"2244300";"3297";"97770.2"
"13586665000";"2244300";"3297";"97778.1"
"13587745000";"2244300";"3297";"97786.1"
"13589088000";"2160500";"3297";"97794.4"
"13590169000";"2160500";"3297";"97802.7"
"13591249000";"2160500";"3297";"97810.7"
"13592330000";"2160500";"3297";"97818.6"
"13593415000";"2160500";"3297";"97826.6"
"13594757000";"2160500";"3297";"97834.9"
"13595838000";"2160500";"3297";"97843.2"
"13596917000";"2198300";"3297";"97851.2"
"13597998000";"2198300";"3297";"97859.1"
"13599078000";"2198300";"3297";"97867.1"
"13600421000";"2198300";"3297";"97875.4"
"13601500000";"2198300";"3297";"97883.4"
"13602581000";"2198300";"3297";"97891.7"
"13603665000";"2198300";"3297";"97899.7"
"13604745000";"2183900";"3297";"97907.6"
"13606088000";"2183900";"3297";"97915.9"
"13607168000";"2183900";"3297";"97923.9"
"13608248000";"2183900";"3297";"97931.8"
"13609328000";"2183900";"3297";"97939.8"
"13610409000";"2183900";"3297";"97948.1"
"13611751000";"2161500";"3297";"97957.6"
"13612831000";"2161500";"3297";"97965.9"
"13613916000";"2161500";"3297";"97973.9"
"13614995000";"2161500";"3297";"97981.8"
"13616076000";"2161500";"3297";"97989.8"
"13617418000";"2161500";"3297";"97998.1"
"13618498000";"2161500";"3297";"98006.4"
"13619578000";"2198800";"3297";"98014.4"
"13620659000";"2198800";"3297";"98022.3"
"13621738000";"2198800";"3297";"98030.3"
"13623087000";"2198800";"3297";"98038.6"
"13624172000";"2198800";"3297";"98046.6"
"13625252000";"2198800";"3297";"98054.5"
"13626332000";"2198800";"3297";"98062.5"
"13627413000";"2167400";"3297";"98070.4"
"13628756000";"2167400";"3297";"98080.3"
"13629836000";"2167400";"3297";"98088.2"
"13630915000";"2167400";"3297";"98096.2"
"13631995000";"2167400";"3297";"98104.5"
"13633080000";"2167400";"3297";"98112.4"
"13634423000";"2176600";"3296";"98120.8"
"13635503000";"2176600";"3296";"98128.7"
"13636583000";"2176600";"3296";"98136.7"
"13637663000";"2176600";"3296";"98145.0"
"13638743000";"2176600";"3296";"98153.0"
"13640085000";"2176600";"3296";"98161.3"
"13641165000";"2176600";"3296";"98169.2"
"13642245000";"2185700";"3296";"98177.2"
"13643330000";"2185700";"3296";"98185.1"
"13644410000";"2185700";"3296";"98193.1"
"13645752000";"2185700";"3297";"98202.9"
"13646832000";"2185700";"3296";"98210.9"
"13647912000";"2185700";"3296";"98218.8"
"13648992000";"2228000";"3296";"98226.8"
"13650071000";"2228000";"3296";"98234.7"
"13651413000";"2228000";"3296";"98244.6"
"13652494000";"2228000";"3296";"98252.5"
"13653579000";"2228000";"3296";"98260.5"
"13654659000";"2228000";"3296";"98268.8"
"13655738000";"2245100";"3296";"98276.8"
"13657081000";"2245100";"3296";"98285.1"
"13658160000";"2245100";"3296";"98293.0"
"13659240000";"2245100";"3296";"98301.0"
"13660320000";"2245100";"3296";"98309.3"
"13661401000";"2245100";"3296";"98317.3"
"13662742000";"2245100";"3296";"98325.6"
"13663828000";"2127000";"3296";"98333.6"
"13664907000";"2127000";"3296";"98341.5"
"13665992000";"2127000";"3296";"98349.5"
"13667072000";"2127000";"3296";"98357.4"
"13668415000";"2127000";"3296";"98365.7"
"13669495000";"2127000";"3296";"98373.7"
"13670575000";"2127000";"3296";"98381.6"
"13671656000";"2183900";"3297";"98390.0"
"13672736000";"2183900";"3296";"98397.9"
"13674083000";"2183900";"3296";"98406.2"
"13675163000";"2183900";"3296";"98414.2"
"13676243000";"2183900";"3296";"98422.1"
"13677324000";"2183900";"3296";"98430.5"
"13678403000";"2183900";"3296";"98438.4"
"13679746000";"2126900";"3296";"98446.8"
"13680825000";"2126900";"3297";"98454.7"
"13681905000";"2126900";"3297";"98462.7"
"13682990000";"2126900";"3297";"98470.6"
"13684070000";"2126900";"3296";"98478.6"
"13685413000";"2126900";"3296";"98486.9"
"13686494000";"2126900";"3296";"98494.8"
"13687574000";"2169100";"3296";"98502.8"
"13688654000";"2169100";"3296";"98511.1"
"13689734000";"2169100";"3296";"98519.1"
"13691077000";"2169100";"3296";"98527.4"
"13692157000";"2169100";"3296";"98535.3"
"13693242000";"2169100";"3297";"98543.3"
"13694322000";"2169100";"3297";"98551.6"
"13695401000";"2198800";"3297";"98559.6"
"13696745000";"2198800";"3297";"98567.9"
"13697824000";"2198800";"3296";"98575.9"
"13698904000";"2198800";"3296";"98583.8"
"13699984000";"2198800";"3296";"98592.1"
"13701065000";"2198800";"3297";"98600.1"
"13702408000";"2198800";"3297";"98608.4"
"13703493000";"2126500";"3297";"98616.4"
"13704573000";"2126500";"3297";"98624.3"
"13705653000";"2126500";"3297";"98632.3"
"13706732000";"2126500";"3297";"98640.2"
"13708079000";"2126500";"3297";"98650.1"
"13709159000";"2126500";"3297";"98658.0"
"13710239000";"2228200";"3297";"98666.0"
"13711319000";"2228200";"3297";"98673.9"
"13712399000";"2228200";"3297";"98681.9"
"13713748000";"2228200";"3297";"98690.6"
"13714828000";"2228200";"3297";"98698.5"
"13715908000";"2228200";"3297";"98706.5"
"13716989000";"2228200";"3297";"98714.4"
"13718069000";"2197900";"3297";"98722.8"
"13719412000";"2197900";"3297";"98731.1"
"13720492000";"2197900";"3297";"98739.0"
"13721571000";"2197900";"3297";"98747.0"
"13722652000";"2197900";"3297";"98754.9"
"13723737000";"2197900";"3297";"98762.9"
"13725081000";"2197900";"3297";"98771.2"
"13726161000";"2112200";"3297";"98779.2"
"13727241000";"2112200";"3297";"98787.1"
"13728321000";"2112200";"3297";"98795.1"
"13729401000";"2112200";"3297";"98803.0"
"13730744000";"2112200";"3297";"98811.3"
"13731824000";"2112200";"3297";"98819.7"
"13732910000";"2112200";"3297";"98827.6"
"13733990000";"2183500";"3297";"98835.6"
"13735070000";"2183500";"3297";"98843.9"
"13736413000";"2183500";"3297";"98852.2"
"13737492000";"2183500";"3297";"98860.2"
"13738572000";"2183500";"3297";"98868.1"
"13739652000";"2183500";"3297";"98876.1"
"13740732000";"2183500";"3297";"98884.0"
"13742075000";"2185400";"3297";"98893.9"
"13743161000";"2185400";"3297";"98901.8"
"13744241000";"2185400";"3297";"98909.8"
"13745321000";"2185400";"3297";"98917.7"
"13746400000";"2185400";"3297";"98925.7"
"13747743000";"2185400";"3297";"98934.0"
"13748824000";"2185400";"3297";"98942.0"
"13749909000";"2167500";"3297";"98949.9"
"13750988000";"2167500";"3297";"98958.3"
"13752069000";"2167500";"3297";"98966.2"
"13753418000";"2167500";"3297";"98975.7"
"13754498000";"2167500";"3297";"98984.0"
"13755577000";"2167500";"3297";"98992.0"
"13756657000";"2244500";"3297";"98999.9"
"13757737000";"2244500";"3297";"99007.9"
"13759081000";"2244500";"3297";"99016.2"
"13760161000";"2244500";"3297";"99024.5"
"13761241000";"2244500";"3297";"99032.5"
"13762321000";"2244500";"3297";"99040.4"
"13763406000";"2244500";"3297";"99048.4"
"13764748000";"2126900";"3297";"99056.7"
"13765827000";"2126900";"3296";"99064.6"
"13766907000";"2126900";"3296";"99072.6"
"13767987000";"2126900";"3296";"99080.5"
"13769068000";"2126900";"3296";"99088.9"
"13770411000";"2126900";"3297";"99096.8"
"13771491000";"2126900";"3297";"99105.2"
"13772571000";"2185200";"3297";"99113.1"
"13773657000";"2185200";"3297";"99121.1"
"13774736000";"2185200";"3297";"99129.0"
"13776079000";"2185200";"3297";"99137.3"
"13777158000";"2185200";"3296";"99145.7"
"13778238000";"2185200";"3296";"99153.6"
"13779317000";"2185200";"3296";"99161.6"
"13780396000";"2184600";"3296";"99169.5"
"13781740000";"2184600";"3296";"99179.4"
"13782820000";"2184600";"3296";"99187.3"
"13783906000";"2184600";"3296";"99195.3"
"13784986000";"2184600";"3296";"99203.2"
"13786065000";"2184600";"3296";"99211.2"
"13787408000";"2159900";"3296";"99219.5"
"13788487000";"2159900";"3296";"99227.4"
"13789566000";"2159900";"3296";"99235.4"
"13790647000";"2159900";"3296";"99243.4"
"13791731000";"2159900";"3296";"99251.7"
"13793080000";"2159900";"3296";"99260.0"
"13794160000";"2159900";"3296";"99268.0"
"13795239000";"2182800";"3296";"99275.9"
"13796319000";"2182800";"3297";"99283.9"
"13797399000";"2182800";"3297";"99292.2"
"13798743000";"2182800";"3297";"99301.7"
"13799823000";"2182800";"3297";"99310.0"
"13800903000";"2182800";"3297";"99317.9"
"13801984000";"2246000";"3297";"99325.9"
"13803069000";"2246000";"3297";"99333.8"
"13804412000";"2246000";"3297";"99342.2"
"13805493000";"2246000";"3297";"99350.1"
"13806574000";"2246000";"3297";"99358.5"
"13807654000";"2246000";"3297";"99366.4"
"13808734000";"2246000";"3297";"99374.4"
"13810076000";"2126200";"3297";"99382.7"
"13811157000";"2126200";"3297";"99390.6"
"13812236000";"2126200";"3297";"99398.6"
"13813322000";"2126200";"3297";"99406.5"
"13814402000";"2126200";"3297";"99414.9"
"13815745000";"2126200";"3297";"99424.7"
"13816826000";"2244300";"3297";"99432.7"
"13817905000";"2244300";"3297";"99440.6"
"13818985000";"2244300";"3297";"99448.6"
"13820065000";"2244300";"3297";"99456.5"
"13821408000";"2244300";"3297";"99464.8"
"13822488000";"2244300";"3297";"99472.8"
"13823575000";"2244300";"3297";"99480.7"
"13824655000";"2168800";"3297";"99488.7"
"13825735000";"2168800";"3297";"99497.0"
"13827077000";"2168800";"3297";"99505.0"
"13828158000";"2168800";"3297";"99513.3"
"13829238000";"2168800";"3297";"99521.3"
"13830318000";"2168800";"3297";"99529.2"
"13831397000";"2168800";"3297";"99537.2"
"13832740000";"2185400";"3297";"99547.0"
"13833829000";"2185400";"3297";"99555.0"
"13834910000";"2185400";"3297";"99563.3"
"13835990000";"2185400";"3297";"99571.2"
"13837070000";"2185400";"3297";"99579.2"
"13838413000";"2185400";"3297";"99587.5"
"13839493000";"2185400";"3297";"99595.5"
"13840573000";"2182500";"3297";"99603.4"
"13841653000";"2182500";"3297";"99611.4"
"13842733000";"2182500";"3297";"99619.7"
"13844080000";"2182500";"3297";"99629.2"
"13845160000";"2182500";"3297";"99637.1"
"13846240000";"2182500";"3297";"99645.1"
"13847319000";"2245300";"3297";"99653.4"
"13848400000";"2245300";"3297";"99661.4"
"13849742000";"2245300";"3297";"99669.7"
"13850822000";"2245300";"3297";"99677.6"
"13851901000";"2245300";"3297";"99685.6"
"13852986000";"2245300";"3297";"99693.9"
"13854066000";"2245300";"3297";"99701.9"
"13855409000";"2184200";"3297";"99711.7"
"13856489000";"2184200";"3297";"99719.7"
"13857569000";"2184200";"3297";"99727.6"
"13858649000";"2184200";"3297";"99735.6"
"13859729000";"2184200";"3297";"99743.5"
"13861072000";"2184200";"3297";"99751.8"
"13862153000";"2184200";"3297";"99759.8"
"13863239000";"2168600";"3297";"99767.8"
"13864319000";"2168600";"3297";"99776.1"
"13865399000";"2168600";"3297";"99784.0"
"13866742000";"2168600";"3297";"99792.4"
"13867821000";"2168600";"3297";"99800.3"
"13868901000";"2168600";"3297";"99808.3"
"13869981000";"2168600";"3297";"99816.2"
"13871061000";"2185500";"3297";"99824.2"
"13872404000";"2185500";"3297";"99832.5"
"13873489000";"2185500";"3297";"99840.8"
"13874569000";"2185500";"3297";"99848.8"
"13875653000";"2185500";"3297";"99856.7"
"13876733000";"2185500";"3297";"99864.7"
"13878076000";"2185500";"3297";"99873.4"
"13879156000";"2139800";"3297";"99881.3"
"13880235000";"2139800";"3297";"99889.3"
"13881315000";"2139800";"3297";"99897.2"
"13882395000";"2139800";"3297";"99905.2"
"13883744000";"2139800";"3297";"99915.0"
"13884823000";"2139800";"3297";"99923.0"
"13885904000";"2227600";"3296";"99930.9"
"13886985000";"2227600";"3296";"99939.3"
"13888065000";"2227600";"3296";"99947.2"
"13889408000";"2227600";"3297";"99955.2"
"13890487000";"2227600";"3297";"99963.5"
"13891567000";"2227600";"3297";"99971.4"
"13892647000";"2227600";"3297";"99979.4"
"13893732000";"2183900";"3297";"99987.3"
"13895075000";"2183900";"3297";"99997.2"
"13896154000";"2183900";"3296";"100005.1"
"13897235000";"2183900";"3297";"100013.5"
"13898314000";"2183900";"3297";"100021.4"
"13899394000";"2183900";"3296";"100029.4"
"13900736000";"2178600";"3297";"100037.7"
"13901817000";"2178600";"3297";"100045.7"
"13902901000";"2178600";"3297";"100053.6"
"13903982000";"2178600";"3297";"100061.6"
"13905061000";"2178600";"3297";"100069.5"
"13906405000";"2178600";"3297";"100077.8"
"13907485000";"2178600";"3296";"100086.2"
"13908565000";"2183500";"3297";"100094.1"
"13909646000";"2183500";"3297";"100102.1"
"13910726000";"2183500";"3297";"100110.0"
"13912067000";"2183500";"3297";"100118.3"
"13913153000";"2183500";"3296";"100126.3"
"13914233000";"2183500";"3297";"100134.6"
"13915313000";"2183500";"3297";"100142.6"
"13916393000";"2183900";"3297";"100150.5"
"13917740000";"2183900";"3297";"100160.4"
"13918820000";"2183900";"3297";"100168.3"
"13919899000";"2183900";"3297";"100176.3"
"13920979000";"2183900";"3297";"100184.2"
"13922059000";"2183900";"3297";"100192.2"
"13923406000";"2159300";"3297";"100200.5"
"13924487000";"2159300";"3297";"100208.8"
"13925568000";"2159300";"3297";"100216.8"
"13926648000";"2159300";"3297";"100224.7"
"13927728000";"2159300";"3297";"100232.7"
"13929070000";"2159300";"3297";"100241.0"
"13930150000";"2159300";"3297";"100249.0"
"13931230000";"2185200";"3297";"100256.9"
"13932309000";"2185200";"3297";"100264.9"
"13933395000";"2185200";"3297";"100273.2"
"13934738000";"2185200";"3297";"100281.5"
"13935817000";"2185200";"3297";"100289.5"
"13936897000";"2185200";"3297";"100297.4"
"13937978000";"2185200";"3297";"100305.8"
"13939058000";"2198500";"3297";"100313.7"
"13940401000";"2198500";"3297";"100322.0"
"13941481000";"2198500";"3297";"100330.0"
"13942561000";"2198500";"3297";"100337.9"
"13943646000";"2198500";"3297";"100345.9"
"13944726000";"2198500";"3297";"100353.8"
"13946069000";"2198500";"3297";"100362.2"
"13947149000";"2112400";"3297";"100370.1"
"13948229000";"2112400";"3297";"100378.5"
"13949310000";"2112400";"3297";"100386.4"
"13950389000";"2112400";"3297";"100394.4"
"13951666000";"2112400";"3297";"100402.7"
"13952812000";"2112400";"3297";"100410.6"
"13953897000";"2112400";"3297";"100418.6"
"13954977000";"2198500";"3297";"100426.9"
"13956058000";"2198500";"3297";"100434.9"
"13957400000";"2198500";"3297";"100443.2"
"13958480000";"2198500";"3297";"100451.1"
"13959565000";"2198500";"3297";"100459.5"
"13960645000";"2198500";"3297";"100467.4"
"13961724000";"2198500";"3297";"100475.4"
"13963072000";"2182800";"3297";"100485.2"
"13964152000";"2182800";"3297";"100493.2"
"13965231000";"2182800";"3297";"100501.1"
"13966311000";"2182800";"3297";"100509.1"
"13967391000";"2182800";"3297";"100517.0"
"13968733000";"2182800";"3297";"100525.4"
"13969813000";"2182800";"3297";"100533.7"
"13970893000";"2185900";"3297";"100541.6"
"13971973000";"2185900";"3297";"100549.6"
"13973059000";"2185900";"3297";"100557.5"
"13974403000";"2185900";"3297";"100565.9"
"13975484000";"2185900";"3297";"100574.2"
"13976563000";"2185900";"3297";"100582.1"
"13977644000";"2185900";"3297";"100590.1"
"13978723000";"2183200";"3297";"100598.1"
"13980067000";"2183200";"3297";"100606.4"
"13981146000";"2183200";"3297";"100614.7"
"13982225000";"2183200";"3297";"100622.7"
"13983310000";"2183200";"3297";"100630.6"
"13984390000";"2183200";"3297";"100638.6"
"13985733000";"2183200";"3297";"100646.9"
"13986812000";"2127200";"3297";"100654.8"
"13987891000";"2127200";"3297";"100662.8"
"13988972000";"2127200";"3297";"100670.7"
"13990051000";"2127200";"3297";"100679.1"
"13991394000";"2127200";"3297";"100687.4"
"13992473000";"2127200";"3297";"100695.3"
"13993559000";"2127200";"3297";"100703.3"
"13994638000";"2184400";"3297";"100711.2"
"13995718000";"2184400";"3297";"100719.6"
"13997061000";"2184400";"3297";"100729.0"
"13998140000";"2184400";"3297";"100737.4"
"13999221000";"2184400";"3297";"100745.3"
"14000300000";"2184400";"3297";"100753.3"
"14001385000";"2245100";"3297";"100761.2"
"14002728000";"2245100";"3297";"100769.6"
"14003814000";"2245100";"3297";"100777.5"
"14004894000";"2245100";"3297";"100785.5"
"14005973000";"2245100";"3297";"100793.4"
"14007054000";"2245100";"3297";"100801.7"
"14008396000";"2245100";"3297";"100809.7"
"14009475000";"2126900";"3297";"100818.0"
"14010554000";"2126900";"3297";"100826.0"
"14011635000";"2126900";"3297";"100833.9"
"14012714000";"2126900";"3297";"100841.9"
"14014062000";"2126900";"3297";"100850.2"
"14015141000";"2126900";"3297";"100858.1"
"14016222000";"2126900";"3297";"100866.5"
"14017302000";"2184300";"3297";"100874.4"
"14018382000";"2184300";"3297";"100882.4"
"14019724000";"2184300";"3297";"100890.7"
"14020803000";"2184300";"3297";"100898.7"
"14021884000";"2184300";"3297";"100906.6"
"14022969000";"2184300";"3297";"100914.9"
"14024049000";"2184300";"3296";"100922.9"
"14025392000";"2127000";"3297";"100931.2"
"14026471000";"2127000";"3296";"100939.2"
"14027550000";"2127000";"3296";"100947.1"
"14028631000";"2127000";"3296";"100955.1"
"14029712000";"2127000";"3296";"100963.4"
"14031055000";"2127000";"3297";"100971.7"
"14032135000";"2127000";"3297";"100979.7"
"14033219000";"2183900";"3297";"100987.6"
"14034299000";"2183900";"3296";"100995.6"
"14035379000";"2183900";"3296";"101003.9"
"14036722000";"2183900";"3296";"101012.2"
"14037801000";"2183900";"3296";"101020.2"
"14038881000";"2183900";"3296";"101028.1"
"14039961000";"2183900";"3296";"101036.1"
"14041041000";"2200300";"3297";"101044.4"
"14042384000";"2200300";"3297";"101052.7"
"14043473000";"2200300";"3297";"101060.7"
"14044553000";"2200300";"3297";"101068.6"
"14045633000";"2200300";"3297";"101076.6"
"14046713000";"2200300";"3297";"101084.6"
"14048055000";"2200300";"3297";"101092.9"
"14049136000";"2111600";"3297";"101100.8"
"14050216000";"2111600";"3297";"101108.8"
"14051295000";"2111600";"3297";"101116.7"
"14052375000";"2111600";"3297";"101125.1"
"14053724000";"2111600";"3297";"101133.4"
"14054804000";"2111600";"3297";"101141.3"
"14055884000";"2111600";"3297";"101149.3"
"14056965000";"2183500";"3297";"101157.2"
"14058044000";"2183500";"3297";"101165.2"
"14059387000";"2183500";"3297";"101173.5"
"14060467000";"2183500";"3297";"101181.8"
"14061547000";"2183500";"3297";"101189.8"
"14062627000";"2183500";"3298";"101197.8"
"14063713000";"2183500";"3298";"101205.7"
"14065056000";"2126700";"3298";"101214.0"
"14066135000";"2126700";"3298";"101222.0"
"14067216000";"2126700";"3298";"101229.9"
"14068295000";"2126700";"3297";"101237.9"
"14069376000";"2126700";"3297";"101245.8"
"14070718000";"2126700";"3297";"101254.2"
"14071798000";"2126700";"3297";"101262.1"
"14072883000";"2184100";"3297";"101270.4"
"14073963000";"2184100";"3297";"101278.4"
"14075043000";"2184100";"3297";"101286.3"
"14076386000";"2184100";"3297";"101294.7"
"14077465000";"2184100";"3297";"101302.6"
"14078545000";"2184100";"3297";"101310.9"
"14079625000";"2184100";"3297";"101318.9"
"14080705000";"2185500";"3298";"101326.9"
"14082047000";"2185500";"3298";"101336.7"
"14083132000";"2185500";"3298";"101344.6"
"14084212000";"2185500";"3298";"101352.6"
"14085297000";"2185500";"3298";"101360.6"
"14086377000";"2185500";"3298";"101368.5"
"14087719000";"2158900";"3298";"101376.8"
"14088800000";"2158900";"3298";"101385.2"
"14089879000";"2158900";"3298";"101393.1"
"14090959000";"2158900";"3298";"101401.1"
"14092039000";"2158900";"3298";"101409.0"
"14093387000";"2158900";"3298";"101417.3"
"14094467000";"2158900";"3298";"101425.3"
"14095547000";"2198700";"3298";"101433.6"
"14096627000";"2198700";"3298";"101441.6"
"14097706000";"2198700";"3297";"101449.5"
"14099050000";"2198700";"3297";"101457.8"
"14100130000";"2198700";"3297";"101465.8"
"14101211000";"2198700";"3297";"101473.8"
"14102291000";"2198700";"3297";"101482.1"
"14103377000";"2183400";"3297";"101490.0"
"14104719000";"2183400";"3297";"101499.5"
"14105799000";"2183400";"3297";"101507.5"
"14106878000";"2183400";"3297";"101515.4"
"14107958000";"2183400";"3297";"101523.4"
"14109038000";"2183400";"3297";"101531.7"
"14110380000";"2162300";"3297";"101540.0"
"14111461000";"2162300";"3297";"101548.0"
"14112541000";"2162300";"3297";"101555.9"
"14113626000";"2162300";"3297";"101563.9"
"14114705000";"2162300";"3297";"101571.8"
"14116049000";"2162300";"3297";"101580.5"
"14117129000";"2162300";"3297";"101588.5"
"14118209000";"2183500";"3297";"101596.4"
"14119289000";"2183500";"3297";"101604.4"
"14120369000";"2183500";"3297";"101612.7"
"14121712000";"2183500";"3297";"101622.2"
"14122791000";"2183500";"3297";"101630.1"
"14123877000";"2183500";"3297";"101638.1"
"14124957000";"2244900";"3297";"101646.4"
"14126036000";"2244900";"3297";"101654.4"
"14127384000";"2244900";"3297";"101662.7"
"14128464000";"2244900";"3298";"101670.6"
"14129544000";"2244900";"3298";"101678.6"
"14130623000";"2244900";"3297";"101686.5"
"14131703000";"2244900";"3297";"101694.5"
"14133052000";"2111400";"3297";"101702.8"
"14134131000";"2111400";"3297";"101711.1"
"14135210000";"2111400";"3297";"101719.1"
"14136289000";"2111400";"3297";"101727.1"
"14137369000";"2111400";"3297";"101735.0"
"14138712000";"2111400";"3297";"101743.3"
"14139792000";"2111400";"3297";"101751.3"
"14140872000";"2200800";"3297";"101759.6"
"14141952000";"2200800";"3297";"101767.6"
"14143038000";"2200800";"3297";"101775.5"
"14144381000";"2200800";"3297";"101785.4"
"14145460000";"2200800";"3297";"101793.3"
"14146540000";"2200800";"3297";"101801.3"
"14147619000";"2227800";"3297";"101809.2"
"14148699000";"2227800";"3297";"101817.2"
"14150041000";"2227800";"3297";"101825.5"
"14151121000";"2227800";"3297";"101833.4"
"14152202000";"2227800";"3297";"101841.4"
"14153287000";"2227800";"3297";"101849.7"
"14154366000";"2227800";"3297";"101857.7"
"14155709000";"2127000";"3297";"101866.0"
"14156789000";"2127000";"3297";"101873.9"
"14157869000";"2127000";"3297";"101882.3"
"14158949000";"2127000";"3297";"101890.2"
"14160029000";"2127000";"3297";"101898.2"
"14161372000";"2127000";"3297";"101906.5"
"14162452000";"2127000";"3297";"101914.5"
"14163537000";"2183700";"3297";"101922.4"
"14164617000";"2183700";"3297";"101930.4"
"14165697000";"2183700";"3297";"101938.7"
"14167040000";"2183700";"3297";"101946.6"
"14168121000";"2183700";"3297";"101955.0"
"14169206000";"2183700";"3297";"101962.9"
"14170290000";"2183700";"3297";"101970.9"
"14171370000";"2182600";"3297";"101978.8"
"14172712000";"2182600";"3297";"101987.1"
"14173797000";"2182600";"3297";"101995.1"
"14174876000";"2182600";"3297";"102003.4"
"14175955000";"2182600";"3297";"102011.4"
"14177035000";"2182600";"3297";"102019.3"
"14178378000";"2182600";"3297";"102027.7"
"14179457000";"2127500";"3297";"102035.6"
"14180538000";"2127500";"3297";"102043.6"
"14181618000";"2127500";"3297";"102051.9"
"14182698000";"2127500";"3297";"102059.8"
"14184047000";"2127500";"3297";"102069.3"
"14185126000";"2127500";"3296";"102077.3"
"14186206000";"2244500";"3297";"102085.6"
"14187286000";"2244500";"3297";"102093.5"
"14188366000";"2244500";"3297";"102101.5"
"14189710000";"2244500";"3297";"102109.8"
"14190790000";"2244500";"3297";"102117.8"
"14191870000";"2244500";"3297";"102125.7"
"14192955000";"2244500";"3297";"102134.1"
"14194035000";"2183500";"3297";"102142.0"
"14195377000";"2183500";"3297";"102151.9"
"14196457000";"2183500";"3297";"102159.8"
"14197536000";"2183500";"3297";"102167.8"
"14198617000";"2183500";"3297";"102176.1"
"14199697000";"2183500";"3297";"102184.0"
"14201040000";"2178600";"3297";"102192.4"
"14202120000";"2178600";"3297";"102200.3"
"14203205000";"2178600";"3297";"102208.3"
"14204284000";"2178600";"3297";"102216.2"
"14205365000";"2178600";"3297";"102224.2"
"14206707000";"2178600";"3297";"102232.5"
"14207787000";"2178600";"3297";"102240.4"
"14208868000";"2169000";"3297";"102248.4"
"14209948000";"2169000";"3296";"102256.4"
"14211033000";"2169000";"3296";"102264.7"
"14212376000";"2169000";"3297";"102274.1"
"14213461000";"2169000";"3297";"102282.5"
"14214540000";"2169000";"3297";"102290.4"
"14215619000";"2243600";"3297";"102298.4"
"14216700000";"2243600";"3297";"102306.3"
"14218043000";"2243600";"3297";"102314.7"
"14219123000";"2243600";"3297";"102323.0"
"14220204000";"2243600";"3297";"102330.9"
"14221283000";"2243600";"3297";"102338.9"
"14222362000";"2243600";"3297";"102346.8"
"14223712000";"2126400";"3297";"102355.2"
"14224792000";"2126400";"3297";"102363.1"
"14225872000";"2126400";"3297";"102371.1"
"14226951000";"2126400";"3297";"102379.4"
"14228030000";"2126400";"3297";"102387.4"
"14229373000";"2126400";"3297";"102395.7"
"14230452000";"2126400";"3297";"102403.6"
"14231532000";"2185900";"3297";"102411.6"
"14232613000";"2185900";"3297";"102419.5"
"14233699000";"2185900";"3297";"102427.9"
"14235042000";"2185900";"3297";"102436.2"
"14236121000";"2185900";"3297";"102444.1"
"14237200000";"2185900";"3297";"102452.5"
"14238281000";"2185900";"3297";"102460.4"
"14239360000";"2198800";"3297";"102468.4"
"14240702000";"2198800";"3297";"102476.7"
"14241781000";"2198800";"3297";"102484.7"
"14242866000";"2198800";"3297";"102492.6"
"14243946000";"2198800";"3297";"102500.6"
"14245027000";"2198800";"3297";"102508.5"
"14246370000";"2160100";"3297";"102518.4"
"14247450000";"2160100";"3297";"102526.3"
"14248529000";"2160100";"3297";"102534.3"
"14249610000";"2160100";"3297";"102542.2"
"14250690000";"2160100";"3297";"102550.5"
"14252033000";"2160100";"3297";"102558.9"
"14253122000";"2160100";"3297";"102566.8"
"14254202000";"2182600";"3297";"102574.8"
"14255282000";"2182600";"3297";"102582.7"
"14256362000";"2182600";"3297";"102591.1"
"14257706000";"2182600";"3297";"102600.9"
"14258785000";"2182600";"3297";"102608.9"
"14259865000";"2182600";"3297";"102616.8"
"14260945000";"2246600";"3297";"102624.8"
"14262025000";"2246600";"3297";"102632.7"
"14263374000";"2246600";"3297";"102641.0"
"14264455000";"2246600";"3297";"102649.0"
"14265535000";"2246600";"3297";"102657.3"
"14266615000";"2246600";"3297";"102665.3"
"14267694000";"2246600";"3297";"102673.2"
"14269036000";"2126500";"3297";"102681.5"
"14270116000";"2126500";"3297";"102689.5"
"14271196000";"2126500";"3297";"102697.4"
"14272276000";"2126500";"3297";"102705.4"
"14273361000";"2126500";"3297";"102713.3"
"14274705000";"2126500";"3297";"102721.7"
"14275785000";"2126500";"3297";"102730.0"
"14276865000";"2183500";"3297";"102738.0"
"14277945000";"2183500";"3297";"102745.9"
"14279026000";"2183500";"3297";"102753.9"
"14280369000";"2183500";"3297";"102762.2"
"14281450000";"2183500";"3297";"102770.5"
"14282529000";"2183500";"3297";"102778.5"
"14283615000";"2183500";"3297";"102786.4"
"14284695000";"2183400";"3297";"102794.4"
"14286037000";"2183400";"3297";"102802.7"
"14287116000";"2183400";"3297";"102810.6"
"14288197000";"2183400";"3297";"102818.6"
"14289276000";"2183400";"3297";"102826.5"
"14290357000";"2183400";"3297";"102834.9"
"14291699000";"2162300";"3297";"102844.3"
"14292779000";"2162300";"3297";"102852.7"
"14293865000";"2162300";"3297";"102860.6"
"14294949000";"2162300";"3297";"102868.6"
"14296029000";"2162300";"3296";"102876.5"
"14297372000";"2162300";"3297";"102885.2"
"14298452000";"2162300";"3297";"102893.2"
"14299532000";"2197000";"3297";"102901.1"
"14300613000";"2197000";"3297";"102909.1"
"14301692000";"2197000";"3297";"102917.0"
"14303041000";"2197000";"3297";"102925.4"
"14304121000";"2197000";"3296";"102933.3"
"14305201000";"2197000";"3297";"102941.3"
"14306281000";"2197000";"3297";"102949.6"
"14307361000";"2183500";"3297";"102957.6"
"14308704000";"2183500";"3297";"102965.9"
"14309784000";"2183500";"3296";"102973.8"
"14310863000";"2183500";"3296";"102981.8"
"14311943000";"2183500";"3297";"102989.7"
"14313029000";"2183500";"3297";"102998.1"
"14314372000";"2183500";"3296";"103006.4"
"14315452000";"2126900";"3296";"103014.3"
"14316532000";"2126900";"3296";"103022.7"
"14317612000";"2126900";"3297";"103030.6"
"14318693000";"2126900";"3297";"103038.6"
"14320034000";"2126900";"3297";"103046.9"
"14321114000";"2126900";"3297";"103054.8"
"14322194000";"2126900";"3297";"103062.8"
"14323280000";"2198700";"3297";"103071.1"
"14324360000";"2198700";"3297";"103079.1"
"14325703000";"2198700";"3297";"103087.4"
"14326783000";"2198700";"3297";"103095.4"
"14327863000";"2198700";"3297";"103103.3"
"14328943000";"2198700";"3297";"103111.3"
"14330023000";"2198700";"3297";"103119.2"
"14331365000";"2113800";"3297";"103127.5"
"14332446000";"2113800";"3296";"103135.5"
"14333531000";"2113800";"3296";"103143.8"
"14334611000";"2113800";"3296";"103151.8"
"14335691000";"2113800";"3296";"103159.7"
"14337039000";"2113800";"3296";"103168.0"
"14338119000";"2113800";"3296";"103176.4"
"14339199000";"2197000";"3296";"103184.3"
"14340279000";"2197000";"3296";"103192.3"
"14341359000";"2197000";"3296";"103200.2"
"14342702000";"2197000";"3296";"103208.5"
"14343787000";"2197000";"3296";"103216.5"
"14344867000";"2197000";"3296";"103224.5"
"14345947000";"2197000";"3296";"103232.8"
"14347026000";"2184100";"3296";"103240.7"
"14348368000";"2184100";"3296";"103249.1"
"14349449000";"2184100";"3296";"103257.0"
"14350529000";"2184100";"3296";"103265.0"
"14351609000";"2184100";"3296";"103272.9"
"14352689000";"2184100";"3296";"103281.2"
"14354037000";"2184100";"3296";"103289.6"
"14355117000";"2126700";"3296";"103297.5"
"14356197000";"2126700";"3296";"103305.5"
"14357276000";"2126700";"3297";"103313.8"
"14358356000";"2126700";"3297";"103321.8"
"14359699000";"2126700";"3297";"103330.1"
"14360780000";"2126700";"3297";"103338.0"
"14361859000";"2126700";"3297";"103346.0"
"14362945000";"2198700";"3297";"103354.3"
"14364025000";"2198700";"3297";"103362.3"
"14365367000";"2198700";"3297";"103370.6"
"14366446000";"2198700";"3297";"103378.5"
"14367527000";"2198700";"3297";"103386.5"
"14368607000";"2198700";"3297";"103394.4"
"14369687000";"2198700";"3297";"103402.8"
"14371029000";"2128400";"3297";"103411.1"
"14372109000";"2128400";"3297";"103419.1"
"14373194000";"2128400";"3297";"103427.0"
"14374274000";"2128400";"3297";"103435.0"
"14375354000";"2128400";"3297";"103443.3"
"14376696000";"2128400";"3297";"103452.8"
"14377777000";"2244900";"3297";"103461.1"
"14378860000";"2244900";"3297";"103469.0"
"14379940000";"2244900";"3297";"103477.0"
"14381020000";"2244900";"3297";"103485.3"
"14382362000";"2244900";"3297";"103494.8"
"14383447000";"2244900";"3297";"103502.7"
"14384528000";"2243800";"3297";"103511.1"
"14385608000";"2243800";"3297";"103519.0"
"14386688000";"2243800";"3297";"103527.0"
"14388031000";"2243800";"3297";"103535.3"
"14389111000";"2243800";"3297";"103543.3"
"14390190000";"2243800";"3297";"103551.2"
"14391270000";"2243800";"3297";"103559.5"
"14392350000";"2185500";"3297";"103567.5"
"14393698000";"2185500";"3297";"103575.8"
"14394778000";"2185500";"3297";"103583.8"
"14395857000";"2185500";"3297";"103591.7"
"14396937000";"2185500";"3297";"103600.0"
"14398017000";"2185500";"3297";"103608.0"
"14399358000";"2185500";"3298";"103616.3"
"14400438000";"2127400";"3298";"103624.3"
"14401518000";"2127400";"3297";"103632.6"
"14402597000";"2127400";"3297";"103640.6"
"14403683000";"2127400";"3297";"103648.5"
"14405026000";"2127400";"3297";"103656.8"
"14406106000";"2127400";"3297";"103664.8"
"14407186000";"2127400";"3297";"103672.7"
"14408266000";"2198500";"3297";"103681.1"
"14409345000";"2198500";"3297";"103689.0"
"14410687000";"2198500";"3297";"103698.9"
"14411767000";"2198500";"3297";"103706.8"
"14412853000";"2198500";"3297";"103714.8"
"14413934000";"2198500";"3297";"103722.7"
"14415014000";"2244900";"3297";"103731.1"
"14416357000";"2244900";"3297";"103739.4"
"14417437000";"2244900";"3297";"103747.3"
"14418517000";"2244900";"3297";"103755.3"
"14419596000";"2244900";"3297";"103763.6"
"14420681000";"2244900";"3297";"103771.6"
"14422023000";"2244900";"3297";"103779.9"
"14423107000";"2140300";"3297";"103788.2"
"14424188000";"2140300";"3297";"103796.2"
"14425268000";"2140300";"3297";"103804.1"
"14426348000";"2140300";"3297";"103812.1"
"14427691000";"2140300";"3297";"103821.9"
"14428771000";"2140300";"3297";"103829.9"
"14429852000";"2228900";"3297";"103837.8"
"14430931000";"2228900";"3297";"103845.8"
"14432011000";"2228900";"3297";"103853.7"
"14433360000";"2228900";"3297";"103863.6"
"14434440000";"2228900";"3297";"103871.9"
"14435520000";"2228900";"3297";"103879.9"
"14436601000";"2244500";"3297";"103887.8"
"14437681000";"2244500";"3297";"103896.1"
"14439024000";"2244500";"3297";"103904.5"
"14440103000";"2244500";"3297";"103912.4"
"14441184000";"2244500";"3297";"103920.4"
"14442263000";"2244500";"3297";"103928.3"
"14443349000";"2244500";"3297";"103936.3"
"14444692000";"2183600";"3297";"103946.1"
"14445772000";"2183600";"3297";"103954.1"
"14446853000";"2183600";"3297";"103962.0"
"14447933000";"2183600";"3297";"103970.4"
"14449013000";"2183600";"3297";"103978.3"
"14450357000";"2183600";"3297";"103986.6"
"14451436000";"2183600";"3297";"103994.6"
"14452516000";"2185000";"3297";"104002.5"
"14453601000";"2185000";"3297";"104010.5"
"14454682000";"2185000";"3297";"104018.8"
"14456025000";"2185000";"3297";"104028.3"
"14457105000";"2185000";"3297";"104036.6"
"14458185000";"2185000";"3297";"104044.6"
"14459264000";"2244700";"3296";"104052.5"
"14460345000";"2244700";"3297";"104060.9"
"14461687000";"2244700";"3297";"104070.3"
"14462773000";"2244700";"3297";"104078.7"
"14463858000";"2244700";"3297";"104086.6"
"14464937000";"2244700";"3296";"104094.6"
"14466017000";"2243200";"3296";"104102.5"
"14467360000";"2243200";"3296";"104110.8"
"14468441000";"2243200";"3296";"104118.8"
"14469520000";"2243200";"3296";"104127.1"
"14470600000";"2243200";"3296";"104135.1"
"14471680000";"2243200";"3296";"104143.0"
"14473029000";"2243200";"3296";"104151.3"
"14474108000";"2140800";"3296";"104159.7"
"14475187000";"2140800";"3296";"104167.6"
"14476267000";"2140800";"3296";"104175.6"
"14477347000";"2140800";"3296";"104183.5"
"14478689000";"2140800";"3296";"104193.4"
"14479770000";"2140800";"3296";"104201.7"
"14480850000";"2246800";"3296";"104209.7"
"14481930000";"2246800";"3296";"104217.6"
"14483015000";"2246800";"3296";"104225.9"
"14484359000";"2246800";"3296";"104235.4"
"14485438000";"2246800";"3296";"104243.4"
"14486519000";"2246800";"3296";"104251.7"
"14487600000";"2244300";"3296";"104259.6"
"14488679000";"2244300";"3296";"104267.6"
"14490021000";"2244300";"3296";"104275.9"
"14491101000";"2244300";"3296";"104283.9"
"14492181000";"2244300";"3296";"104291.8"
"14493266000";"2244300";"3296";"104299.8"
"14494346000";"2244300";"3296";"104308.1"
"14495689000";"2127200";"3296";"104316.4"
"14496768000";"2127200";"3296";"104324.4"
"14497849000";"2127200";"3296";"104332.7"
"14498928000";"2127200";"3296";"104340.7"
"14500007000";"2127200";"3296";"104348.6"
"14501350000";"2127200";"3297";"104356.9"
"14502430000";"2127200";"3297";"104364.9"
"14503515000";"2184300";"3297";"104372.8"
"14504600000";"2184300";"3297";"104381.2"
"14505680000";"2184300";"3296";"104389.1"
"14507022000";"2184300";"3296";"104397.4"
"14508103000";"2184300";"3296";"104405.4"
"14509182000";"2184300";"3296";"104413.4"
"14510263000";"2184300";"3296";"104421.3"
"14511342000";"2198800";"3296";"104429.6"
"14512684000";"2198800";"3297";"104438.0"
"14513770000";"2198800";"3297";"104445.9"
"14514849000";"2198800";"3297";"104453.9"
"14515930000";"2198800";"3297";"104462.2"
"14517011000";"2198800";"3297";"104470.1"
"14518353000";"2198800";"3297";"104478.5"
"14519433000";"2126700";"3296";"104486.4"
"14520513000";"2126700";"3297";"104494.8"
"14521594000";"2126700";"3297";"104502.7"
"14522673000";"2126700";"3297";"104510.7"
"14524022000";"2126700";"3297";"104519.0"
"14525101000";"2126700";"3297";"104526.9"
"14526181000";"2126700";"3297";"104534.9"
"14527262000";"2183700";"3297";"104542.8"
"14528341000";"2183700";"3297";"104551.2"
"14529685000";"2183700";"3297";"104559.5"
"14530765000";"2183700";"3297";"104567.4"
"14531844000";"2183700";"3297";"104575.4"
"14532929000";"2183700";"3297";"104583.3"
"14534010000";"2183700";"3297";"104591.3"
"14535353000";"2140800";"3297";"104600.0"
"14536433000";"2140800";"3297";"104608.0"
"14537513000";"2140800";"3297";"104615.9"
"14538593000";"2140800";"3297";"104624.2"
"14539673000";"2140800";"3297";"104632.2"
"14541015000";"2140800";"3297";"104641.7"
"14542096000";"2246600";"3297";"104650.0"
"14543180000";"2246600";"3297";"104657.9"
"14544261000";"2246600";"3297";"104665.9"
"14545340000";"2246600";"3297";"104673.8"
"14546688000";"2246600";"3297";"104683.7"
"14547767000";"2246600";"3297";"104691.6"
"14548847000";"2226500";"3297";"104699.6"
"14549927000";"2226500";"3297";"104707.5"
"14551007000";"2226500";"3297";"104715.9"
"14552350000";"2226500";"3297";"104725.3"
"14553436000";"2226500";"3297";"104733.7"
"14554515000";"2226500";"3297";"104741.6"
"14555596000";"2244500";"3297";"104749.6"
"14556676000";"2244500";"3297";"104757.5"
"14558019000";"2244500";"3297";"104766.2"
"14559099000";"2244500";"3297";"104774.2"
"14560179000";"2244500";"3297";"104782.1"
"14561259000";"2244500";"3297";"104790.1"
"14562339000";"2244500";"3297";"104798.0"
"14563688000";"2126400";"3297";"104806.4"
"14564768000";"2126400";"3297";"104814.7"
"14565848000";"2126400";"3297";"104822.6"
"14566927000";"2126400";"3297";"104830.6"
"14568007000";"2126400";"3297";"104838.6"
"14569349000";"2126400";"3297";"104846.9"
"14570428000";"2126400";"3297";"104854.8"
"14571508000";"2186100";"3297";"104862.8"
"14572588000";"2186100";"3297";"104871.1"
"14573674000";"2186100";"3297";"104879.1"
"14575017000";"2186100";"3297";"104887.4"
"14576098000";"2186100";"3297";"104895.7"
"14577177000";"2186100";"3297";"104903.7"
"14578257000";"2186100";"3297";"104911.6"
"14579337000";"2213200";"3297";"104920.0"
"14580680000";"2213200";"3297";"104929.4"
"14581760000";"2213200";"3297";"104937.4"
"14582841000";"2213200";"3297";"104945.7"
"14583927000";"2213200";"3298";"104953.7"
"14585007000";"2213200";"3297";"104961.6"
"14586349000";"2159500";"3297";"104969.9"
"14587429000";"2159500";"3297";"104977.9"
"14588515000";"2159500";"3297";"104986.2"
"14589595000";"2159500";"3297";"104994.2"
"14590675000";"2159500";"3297";"105002.1"
"14592017000";"2159500";"3297";"105010.4"
"14593103000";"2159500";"3297";"105018.4"
"14594182000";"2197200";"3297";"105026.7"
"14595262000";"2197200";"3297";"105034.7"
"14596342000";"2197200";"3297";"105042.6"
"14597685000";"2197200";"3297";"105052.5"
"14598765000";"2197200";"3297";"105060.8"
"14599845000";"2197200";"3297";"105068.8"
"14600924000";"2246600";"3297";"105076.7"
"14602004000";"2246600";"3297";"105084.7"
"14603353000";"2246600";"3297";"105093.0"
"14604432000";"2246600";"3297";"105100.9"
"14605513000";"2246600";"3297";"105108.9"
"14606593000";"2246600";"3297";"105117.2"
"14607673000";"2246600";"3297";"105125.2"
"14609017000";"2126400";"3297";"105133.5"
"14610096000";"2126400";"3297";"105141.4"
"14611175000";"2126400";"3297";"105149.4"
"14612255000";"2126400";"3297";"105157.4"
"14613340000";"2126400";"3297";"105165.7"
"14614682000";"2126400";"3297";"105174.0"
"14615762000";"2126400";"3297";"105182.0"
"14616842000";"2184600";"3297";"105189.9"
"14617921000";"2184600";"3297";"105198.2"
"14619002000";"2184600";"3297";"105206.2"
"14620345000";"2184600";"3297";"105214.5"
"14621424000";"2184600";"3297";"105222.5"
"14622504000";"2184600";"3297";"105230.4"
"14623589000";"2184600";"3297";"105238.8"
"14624670000";"2198700";"3297";"105246.7"
"14626012000";"2198700";"3297";"105255.0"
"14627091000";"2198700";"3297";"105263.0"
"14628170000";"2198700";"3297";"105270.9"
"14629251000";"2198700";"3297";"105278.9"
"14630336000";"2198700";"3297";"105286.8"
"14631680000";"2198700";"3297";"105295.2"
"14632760000";"2126900";"3297";"105303.5"
"14633846000";"2126900";"3297";"105311.4"
"14634926000";"2126900";"3297";"105319.4"
"14636005000";"2126900";"3297";"105327.3"
"14637349000";"2126900";"3298";"105336.0"
"14638429000";"2126900";"3297";"105344.0"
"14639508000";"2126900";"3297";"105351.9"
"14640588000";"2183700";"3297";"105359.9"
"14641669000";"2183700";"3297";"105368.2"
"14643017000";"2183700";"3297";"105378.1"
"14644096000";"2183700";"3297";"105386.0"
"14645176000";"2183700";"3297";"105394.0"
"14646256000";"2183700";"3297";"105401.9"
"14647336000";"2244900";"3297";"105409.9"
"14648680000";"2244900";"3297";"105419.7"
"14649760000";"2244900";"3297";"105427.7"
"14650839000";"2244900";"3297";"105435.6"
"14651919000";"2244900";"3297";"105443.6"
"14653004000";"2244900";"3297";"105451.9"
"14654346000";"2176600";"3297";"105460.2"
"14655426000";"2176600";"3297";"105468.2"
"14656506000";"2176600";"3297";"105476.5"
"14657585000";"2176600";"3297";"105484.5"
"14658665000";"2176600";"3297";"105492.4"
"14660009000";"2176600";"3297";"105502.3"
"14661089000";"2246600";"3297";"105510.2"
"14662170000";"2246600";"3297";"105518.6"
"14663255000";"2246600";"3297";"105526.5"
"14664336000";"2246600";"3297";"105534.5"
"14665678000";"2246600";"3297";"105544.3"
"14666758000";"2246600";"3297";"105552.3"
"14667838000";"2244300";"3297";"105560.2"
"14668919000";"2244300";"3297";"105568.2"
"14669998000";"2244300";"3297";"105576.1"
"14671341000";"2244300";"3297";"105584.4"
"14672426000";"2244300";"3297";"105592.8"
"14673512000";"2244300";"3297";"105600.7"
"14674592000";"2244300";"3297";"105608.7"
"14675672000";"2197000";"3297";"105617.0"
"14677015000";"2197000";"3297";"105625.3"
"14678095000";"2197000";"3297";"105633.3"
"14679175000";"2197000";"3297";"105641.2"
"14680256000";"2197000";"3297";"105649.6"
"14681336000";"2197000";"3297";"105657.5"
"14682679000";"2197000";"3297";"105665.8"
"14683764000";"2126400";"3297";"105673.8"
"14684844000";"2126400";"3297";"105681.7"
"14685924000";"2126400";"3297";"105689.7"
"14687004000";"2126400";"3297";"105697.7"
"14688346000";"2126400";"3297";"105706.0"
"14689427000";"2126400";"3297";"105714.3"
"14690506000";"2126400";"3297";"105722.3"
"14691586000";"2185500";"3297";"105730.2"
"14692666000";"2185500";"3297";"105738.2"
"14694014000";"2185500";"3296";"105746.5"
"14695094000";"2185500";"3296";"105754.8"
"14696174000";"2185500";"3296";"105762.8"
"14697255000";"2185500";"3297";"105770.7"
"14698334000";"2185500";"3297";"105778.7"
"14699677000";"2141000";"3297";"105787.4"
"14700757000";"2141000";"3297";"105795.3"
"14701837000";"2141000";"3297";"105803.3"
"14702922000";"2141000";"3297";"105811.2"
"14704002000";"2141000";"3297";"105819.2"
"14705345000";"2141000";"3297";"105829.0"
"14706425000";"2227800";"3297";"105837.0"
"14707505000";"2227800";"3297";"105844.9"
"14708585000";"2227800";"3296";"105853.3"
"14709664000";"2227800";"3296";"105861.2"
"14711007000";"2227800";"3297";"105869.5"
"14712086000";"2227800";"3297";"105877.5"
"14713171000";"2227800";"3297";"105885.4"
"14714256000";"2183000";"3296";"105893.4"
"14715335000";"2183000";"3297";"105901.3"
"14716679000";"2183000";"3297";"105911.2"
"14717758000";"2183000";"3297";"105919.5"
"14718839000";"2183000";"3297";"105927.5"
"14719918000";"2183000";"3297";"105935.4"
"14720999000";"2246400";"3297";"105943.4"
"14722343000";"2246400";"3297";"105951.7"
"14723428000";"2246400";"3296";"105959.7"
"14724508000";"2246400";"3296";"105968.0"
"14725588000";"2246400";"3297";"105975.9"
"14726668000";"2246400";"3297";"105983.9"
"14728010000";"2246400";"3297";"105992.2"
"14729089000";"2126900";"3297";"106000.2"
"14730169000";"2126900";"3297";"106008.1"
"14731249000";"2126900";"3297";"106016.1"
"14732329000";"2126900";"3297";"106024.0"
"14733678000";"2126900";"3297";"106032.3"
"14734758000";"2126900";"3297";"106040.7"
"14735838000";"2126900";"3297";"106048.6"
"14736918000";"2183500";"3297";"106056.6"
"14737997000";"2183500";"3297";"106064.5"
"14739340000";"2183500";"3297";"106072.9"
"14740419000";"2183500";"3297";"106081.2"
"14741499000";"2183500";"3297";"106089.1"
"14742578000";"2183500";"3297";"106097.1"
"14743663000";"2183500";"3297";"106105.0"
"14745007000";"2127200";"3297";"106113.4"
"14746087000";"2127200";"3297";"106121.3"
"14747167000";"2127200";"3297";"106129.3"
"14748247000";"2127200";"3297";"106137.6"
"14749327000";"2127200";"3297";"106145.6"
"14750670000";"2127200";"3297";"106153.9"
"14751751000";"2127200";"3297";"106161.8"
"14752831000";"2185000";"3297";"106169.8"
"14753916000";"2185000";"3297";"106177.7"
"14754997000";"2185000";"3297";"106185.7"
"14756344000";"2185000";"3297";"106194.4"
"14757424000";"2185000";"3297";"106202.3"
"14758504000";"2185000";"3296";"106210.3"
"14759584000";"2185000";"3296";"106218.2"
"14760664000";"2197200";"3297";"106226.6"
"14762006000";"2197200";"3297";"106234.9"
"14763091000";"2197200";"3297";"106242.8"
"14764170000";"2197200";"3297";"106250.8"
"14765250000";"2197200";"3297";"106258.7"
"14766330000";"2197200";"3297";"106266.7"
"14767673000";"2160500";"3297";"106276.5"
"14768753000";"2160500";"3297";"106284.5"
"14769833000";"2160500";"3296";"106292.4"
"14770913000";"2160500";"3297";"106300.8"
"14771992000";"2160500";"3297";"106308.7"
"14773340000";"2160500";"3297";"106317.1"
"14774421000";"2160500";"3297";"106325.0"
"14775500000";"2184100";"3296";"106333.0"
"14776581000";"2184100";"3297";"106341.3"
"14777660000";"2184100";"3297";"106349.2"
"14779003000";"2184100";"3297";"106357.6"
"14780083000";"2184100";"3297";"106365.5"
"14781162000";"2184100";"3297";"106373.5"
"14782243000";"2184100";"3297";"106381.8"
"14783329000";"2198500";"3297";"106389.8"
"14784671000";"2198500";"3296";"106399.2"
"14785752000";"2198500";"3297";"106407.2"
"14786832000";"2198500";"3297";"106415.5"
"14787911000";"2198500";"3297";"106423.5"
"14788991000";"2198500";"3297";"106431.4"
"14790333000";"2162100";"3297";"106439.7"
"14791413000";"2162100";"3297";"106447.7"
"14792492000";"2162100";"3297";"106455.6"
"14793578000";"2162100";"3297";"106463.6"
"14794658000";"2162100";"3297";"106471.9"
"14796001000";"2162100";"3297";"106480.2"
"14797080000";"2162100";"3296";"106488.2"
"14798165000";"2197600";"3297";"106496.5"
"14799245000";"2197600";"3297";"106504.5"
"14800325000";"2197600";"3297";"106512.4"
"14801668000";"2197600";"3297";"106520.7"
"14802747000";"2197600";"3297";"106528.7"
"14803833000";"2197600";"3297";"106536.7"
"14804912000";"2197600";"3297";"106544.6"
"14805993000";"2169100";"3296";"106552.6"
"14807335000";"2169100";"3296";"106560.9"
"14808415000";"2169100";"3296";"106568.8"
"14809495000";"2169100";"3296";"106577.2"
"14810574000";"2169100";"3296";"106585.1"
"14811654000";"2169100";"3296";"106593.1"
"14813002000";"2169100";"3296";"106601.4"
"14814083000";"2126900";"3296";"106609.3"
"14815163000";"2126900";"3296";"106617.7"
"14816243000";"2126900";"3296";"106625.6"
"14817324000";"2126900";"3296";"106633.6"
"14818666000";"2126900";"3296";"106641.9"
"14819746000";"2126900";"3296";"106650.2"
"14820826000";"2126900";"3296";"106658.2"
"14821906000";"2199900";"3297";"106666.1"
"14822992000";"2199900";"3297";"106674.1"
"14824335000";"2199900";"3297";"106683.9"
"14825415000";"2199900";"3297";"106691.9"
"14826496000";"2199900";"3297";"106699.8"
"14827575000";"2199900";"3297";"106707.8"
"14828656000";"2244300";"3297";"106716.1"
"14829998000";"2244300";"3296";"106724.1"
"14831077000";"2244300";"3296";"106732.4"
"14832156000";"2244300";"3297";"106740.3"
"14833242000";"2244300";"3297";"106748.3"
"14834322000";"2244300";"3297";"106756.3"
"14835664000";"2160700";"3297";"106766.1"
"14836745000";"2160700";"3297";"106774.1"
"14837824000";"2160700";"3297";"106782.4"
"14838905000";"2160700";"3297";"106790.3"
"14840022000";"2160700";"3297";"106798.3"
"14841365000";"2160700";"3297";"106806.6"
"14842445000";"2160700";"3296";"106814.6"
"14843531000";"2173000";"3296";"106822.5"
"14844611000";"2173000";"3296";"106830.5"
"14845690000";"2173000";"3296";"106838.4"
"14847033000";"2173000";"3296";"106846.7"
"14848113000";"2173000";"3296";"106854.7"
"14849193000";"2173000";"3296";"106863.0"
"14850272000";"2173000";"3296";"106871.0"
"14851352000";"2185900";"3296";"106878.9"
"14852694000";"2185900";"3296";"106887.2"
"14853779000";"2185900";"3296";"106895.2"
"14854860000";"2185900";"3296";"106903.1"
"14855940000";"2185900";"3296";"106911.1"
"14857020000";"2185900";"3296";"106919.4"
"14858364000";"2185900";"3296";"106927.8"
"14859443000";"2126500";"3296";"106935.7"
"14860524000";"2126500";"3296";"106943.7"
"14861604000";"2126500";"3296";"106951.6"
"14862684000";"2126500";"3297";"106959.6"
"14864033000";"2126500";"3297";"106967.9"
"14865113000";"2126500";"3297";"106975.8"
"14866193000";"2126500";"3297";"106984.2"
"14867273000";"2183500";"3297";"106992.1"
"14868352000";"2183500";"3297";"107000.1"
"14869694000";"2183500";"3297";"107008.4"
"14870773000";"2183500";"3297";"107016.3"
"14871853000";"2183500";"3297";"107024.3"
"14872938000";"2183500";"3297";"107032.6"
"14874017000";"2183500";"3297";"107040.6"
"14875360000";"2127500";"3297";"107048.9"
"14876441000";"2127500";"3297";"107056.9"
"14877521000";"2127500";"3297";"107064.8"
"14878601000";"2127500";"3297";"107073.1"
"14879681000";"2127500";"3297";"107081.1"
"14881024000";"2127500";"3297";"107090.9"
"14882108000";"2244700";"3297";"107098.9"
"14883193000";"2244700";"3297";"107106.8"
"14884273000";"2244700";"3297";"107115.2"
"14885354000";"2244700";"3297";"107123.1"
"14886697000";"2244700";"3297";"107131.4"
"14887777000";"2244700";"3297";"107139.4"
"14888858000";"2244700";"3297";"107147.4"
"14889938000";"2183400";"3297";"107155.3"
"14891017000";"2183400";"3297";"107163.3"
"14892361000";"2183400";"3297";"107171.6"
"14893446000";"2183400";"3297";"107179.5"
"14894526000";"2183400";"3297";"107187.9"
"14895605000";"2183400";"3297";"107195.8"
"14896684000";"2183400";"3297";"107203.8"
"14898028000";"2184200";"3297";"107213.6"
"14899108000";"2184200";"3297";"107221.6"
"14900188000";"2184200";"3297";"107229.9"
"14901268000";"2184200";"3297";"107237.9"
"14902347000";"2184200";"3297";"107245.8"
"14903696000";"2184200";"3297";"107254.1"
"14904776000";"2184200";"3297";"107262.1"
"14905856000";"2183900";"3297";"107270.0"
"14906937000";"2183900";"3297";"107278.0"
"14908016000";"2183900";"3297";"107286.3"
"14909358000";"2183900";"3297";"107294.3"
"14910438000";"2183900";"3297";"107302.6"
"14911518000";"2183900";"3297";"107310.5"
"14912597000";"2183900";"3297";"107318.5"
"14913683000";"2184100";"3297";"107326.4"
"14915025000";"2184100";"3297";"107334.8"
"14916105000";"2184100";"3297";"107343.1"
"14917184000";"2184100";"3297";"107351.0"
"14918264000";"2184100";"3297";"107359.0"
"14919344000";"2184100";"3297";"107367.3"
"14920687000";"2184100";"3297";"107375.7"
"14921766000";"2143000";"3297";"107383.6"
"14922852000";"2143000";"3297";"107391.6"
"14923936000";"2143000";"3297";"107399.5"
"14925017000";"2143000";"3296";"107407.5"
"14926359000";"2143000";"3296";"107415.8"
"14927439000";"2143000";"3296";"107423.7"
"14928519000";"2143000";"3296";"107431.7"
"14929599000";"2182500";"3296";"107440.0"
"14930679000";"2182500";"3296";"107448.0"
"14932023000";"2182500";"3296";"107456.3"
"14933107000";"2182500";"3296";"107464.2"
"14934188000";"2182500";"3297";"107472.6"
"14935268000";"2182500";"3297";"107480.5"
"14936348000";"2182500";"3297";"107488.5"
"14937691000";"2183500";"3296";"107498.3"
"14938770000";"2183500";"3296";"107506.3"
"14939850000";"2183500";"3296";"107514.2"
"14940931000";"2183500";"3296";"107522.6"
"14942010000";"2183500";"3296";"107530.5"
"14943358000";"2183500";"3296";"107540.4"
"14944437000";"2245300";"3296";"107548.3"
"14945516000";"2245300";"3296";"107556.3"
"14946596000";"2245300";"3296";"107564.2"
"14947676000";"2245300";"3296";"107572.2"
"14949018000";"2245300";"3296";"107580.5"
"14950099000";"2245300";"3296";"107588.4"
"14951178000";"2245300";"3296";"107596.4"
"14952259000";"2170900";"3296";"107604.3"
"14953344000";"2170900";"3296";"107612.7"
"14954687000";"2170900";"3297";"107621.0"
"14955767000";"2170900";"3297";"107629.0"
"14956847000";"2170900";"3297";"107636.9"
"14957927000";"2170900";"3296";"107644.9"
"14959007000";"2170900";"3296";"107653.2"
"14960350000";"2183800";"3296";"107662.7"
"14961430000";"2183800";"3296";"107671.0"
"14962510000";"2183800";"3297";"107678.9"
"14963595000";"2183800";"3297";"107686.9"
"14964675000";"2183800";"3297";"107694.8"
"14966022000";"2183800";"3297";"107703.2"
"14967102000";"2183800";"3297";"107711.1"
"14968181000";"2197600";"3297";"107719.5"
"14969260000";"2197600";"3297";"107727.4"
"14970340000";"2197600";"3297";"107735.4"
"14971683000";"2197600";"3297";"107745.2"
"14972763000";"2197600";"3297";"107753.2"
"14973849000";"2197600";"3297";"107761.1"
"14974928000";"2228000";"3297";"107769.1"
"14976009000";"2228000";"3297";"107777.0"
"14977352000";"2228000";"3297";"107785.7"
"14978432000";"2228000";"3297";"107793.7"
"14979513000";"2228000";"3297";"107801.6"
"14980592000";"2228000";"3297";"107809.6"
"14981673000";"2228000";"3297";"107817.9"
"14983022000";"2197400";"3297";"107827.7"
"14984101000";"2197400";"3298";"107835.7"
"14985182000";"2197400";"3298";"107843.7"
"14986261000";"2197400";"3297";"107851.6"
"14987341000";"2197400";"3297";"107859.6"
"14988683000";"2197400";"3297";"107869.4"
"14989762000";"2230100";"3298";"107877.4"
"14990842000";"2230100";"3297";"107885.3"
"14991921000";"2230100";"3297";"107893.3"
"14993006000";"2230100";"3297";"107901.6"
"14994349000";"2230100";"3298";"107909.9"
"14995429000";"2230100";"3298";"107917.9"
"14996509000";"2230100";"3298";"107925.8"
"14997589000";"2184100";"3298";"107933.8"
"14998670000";"2184100";"3298";"107942.1"
"15000012000";"2184100";"3298";"107950.4"
"15001091000";"2184100";"3297";"107958.4"
"15002170000";"2184100";"3297";"107966.3"
"15003257000";"2184100";"3297";"107974.3"
"15004337000";"2184100";"3297";"107982.2"
"15005680000";"2126700";"3297";"107990.5"
"15006761000";"2126700";"3297";"107998.9"
"15007844000";"2126700";"3297";"108006.8"
"15008924000";"2126700";"3298";"108014.8"
"15010005000";"2126700";"3298";"108022.7"
"15011347000";"2126700";"3297";"108031.1"
"15012427000";"2126700";"3297";"108039.0"
"15013513000";"2182500";"3297";"108047.0"
"15014593000";"2182500";"3297";"108055.3"
"15015673000";"2182500";"3297";"108063.2"
"15017016000";"2182500";"3298";"108071.6"
"15018096000";"2182500";"3297";"108079.5"
"15019176000";"2182500";"3298";"108087.5"
"15020256000";"2182500";"3298";"108095.8"
"15021335000";"2200300";"3298";"108103.8"
"15022678000";"2200300";"3298";"108112.1"
"15023763000";"2200300";"3298";"108120.0"
"15024842000";"2200300";"3297";"108128.0"
"15025923000";"2200300";"3297";"108135.9"
"15027003000";"2200300";"3297";"108143.9"
"15028345000";"2200300";"3297";"108152.2"
"15029426000";"2126700";"3297";"108160.5"
"15030505000";"2126700";"3297";"108168.5"
"15031584000";"2126700";"3297";"108176.4"
"15032665000";"2126700";"3297";"108184.4"
"15034013000";"2126700";"3297";"108192.7"
"15035093000";"2126700";"3297";"108200.7"
"15036173000";"2126700";"3297";"108208.6"
"15037253000";"2184100";"3297";"108217.0"
"15038333000";"2184100";"3297";"108224.9"
"15039676000";"2184100";"3297";"108234.8"
"15040755000";"2184100";"3297";"108242.7"
"15041835000";"2184100";"3297";"108250.7"
"15042921000";"2184100";"3297";"108258.6"
"15044001000";"2227800";"3297";"108266.6"
"15045344000";"2227800";"3297";"108274.9"
"15046423000";"2227800";"3297";"108282.8"
"15047503000";"2227800";"3297";"108290.8"
"15048583000";"2227800";"3297";"108299.1"
"15049664000";"2227800";"3297";"108307.1"
"15051011000";"2160300";"3297";"108316.5"
"15052091000";"2160300";"3297";"108324.9"
"15053176000";"2160300";"3297";"108332.8"
"15054256000";"2160300";"3297";"108340.8"
"15055336000";"2160300";"3297";"108348.7"
"15056679000";"2160300";"3297";"108358.6"
"15057759000";"2244700";"3297";"108366.5"
"15058839000";"2244700";"3297";"108374.9"
"15059920000";"2244700";"3297";"108382.8"
"15060999000";"2244700";"3297";"108390.8"
"15062343000";"2244700";"3297";"108399.1"
"15063428000";"2244700";"3297";"108407.0"
"15064508000";"2244700";"3297";"108415.0"
"15065588000";"2198300";"3297";"108423.3"
"15066668000";"2198300";"3297";"108431.3"
"15068011000";"2198300";"3297";"108439.6"
"15069091000";"2198300";"3297";"108447.5"
"15070172000";"2198300";"3297";"108455.5"
"15071251000";"2198300";"3297";"108463.4"
"15072330000";"2198300";"3297";"108471.4"
"15073680000";"2112200";"3297";"108479.7"
"15074759000";"2112200";"3297";"108487.7"
"15075839000";"2112200";"3297";"108496.0"
"15076918000";"2112200";"3296";"108504.0"
"15077998000";"2112200";"3296";"108511.9"
"15079340000";"2112200";"3296";"108521.8"
"15080421000";"2247100";"3296";"108529.7"
"15081500000";"2247100";"3296";"108538.0"
"15082580000";"2247100";"3297";"108546.0"
"15083665000";"2247100";"3297";"108553.9"
"15085008000";"2247100";"3297";"108562.3"
"15086088000";"2247100";"3297";"108570.2"
"15087168000";"2247100";"3296";"108578.2"
"15088247000";"2184300";"3296";"108586.1"
"15089328000";"2184300";"3296";"108594.1"
"15090671000";"2184300";"3296";"108602.4"
"15091756000";"2184300";"3296";"108610.3"
"15092835000";"2184300";"3296";"108618.7"
"15093921000";"2184300";"3296";"108626.6"
"15095001000";"2184300";"3296";"108634.6"
"15096345000";"2125000";"3296";"108642.9"
"15097425000";"2125000";"3296";"108650.9"
"15098505000";"2125000";"3296";"108659.2"
"15099584000";"2125000";"3296";"108667.1"
"15100665000";"2125000";"3296";"108675.1"
"15102007000";"2125000";"3296";"108683.4"
"15103092000";"2125000";"3296";"108691.7"
"15104172000";"2198800";"3296";"108699.7"
"15105251000";"2198800";"3296";"108707.7"
"15106330000";"2198800";"3296";"108715.6"
"15107673000";"2198800";"3296";"108723.9"
"15108752000";"2198800";"3296";"108731.9"
"15109833000";"2198800";"3296";"108739.8"
"15110913000";"2198800";"3296";"108747.8"
"15111993000";"2170900";"3296";"108755.7"
"15113342000";"2170900";"3296";"108764.1"
"15114422000";"2170900";"3296";"108772.4"
"15115501000";"2170900";"3296";"108780.3"
"15116581000";"2170900";"3296";"108788.3"
"15117660000";"2170900";"3296";"108796.2"
"15119004000";"2170900";"3296";"108804.6"
"15120085000";"2126500";"3296";"108812.5"
"15121165000";"2126500";"3296";"108820.9"
"15122245000";"2126500";"3296";"108828.8"
"15123331000";"2126500";"3296";"108836.8"
"15124674000";"2126500";"3296";"108846.6"
"15125754000";"2126500";"3296";"108854.6"
"15126833000";"2244700";"3296";"108862.5"
"15127913000";"2244700";"3296";"108870.5"
"15128993000";"2244700";"3296";"108878.4"
"15130336000";"2244700";"3296";"108886.7"
"15131415000";"2244700";"3296";"108894.7"
"15132496000";"2244700";"3296";"108902.6"
"15133622000";"2244700";"3296";"108911.0"
"15134702000";"2172300";"3296";"108918.9"
"15136045000";"2172300";"3296";"108927.2"
"15137125000";"2172300";"3297";"108935.2"
"15138205000";"2172300";"3296";"108943.1"
"15139285000";"2172300";"3296";"108951.5"
"15140365000";"2172300";"3296";"108959.4"
"15141708000";"2172300";"3296";"108967.7"
"15142787000";"2128200";"3296";"108975.7"
"15143872000";"2128200";"3296";"108983.7"
"15144953000";"2128200";"3296";"108991.6"
"15146033000";"2128200";"3297";"108999.6"
"15147376000";"2128200";"3297";"109009.4"
"15148455000";"2128200";"3296";"109017.4"
"15149536000";"2227400";"3296";"109025.3"
"15150617000";"2227400";"3296";"109033.3"
"15151696000";"2227400";"3296";"109041.2"
"15153045000";"2227400";"3296";"109051.1"
"15154124000";"2227400";"3296";"109059.0"
"15155205000";"2227400";"3296";"109067.0"
"15156284000";"2244700";"3296";"109075.3"
"15157365000";"2244700";"3296";"109083.2"
"15158707000";"2244700";"3296";"109091.6"
"15159787000";"2244700";"3296";"109099.5"
"15160867000";"2244700";"3296";"109107.5"
"15161947000";"2244700";"3296";"109115.4"
"15163033000";"2244700";"3296";"109123.8"
"15164375000";"2183800";"3297";"109133.6"
"15165456000";"2183800";"3297";"109141.6"
"15166535000";"2183800";"3297";"109149.5"
"15167614000";"2183800";"3297";"109157.5"
"15168694000";"2183800";"3297";"109165.4"
"15170035000";"2183800";"3297";"109173.7"
"15171116000";"2183800";"3297";"109181.7"
"15172196000";"2171100";"3297";"109189.6"
"15173281000";"2171100";"3297";"109198.0"
"15174362000";"2171100";"3297";"109205.9"
"15175710000";"2171100";"3297";"109215.8"
"15176791000";"2171100";"3297";"109223.7"
"15177871000";"2171100";"3297";"109231.7"
"15178950000";"2242800";"3297";"109239.6"
"15180030000";"2242800";"3297";"109248.0"
"15181372000";"2242800";"3297";"109256.3"
"15182453000";"2242800";"3297";"109264.2"
"15183538000";"2242800";"3297";"109272.2"
"15184618000";"2242800";"3296";"109280.1"
"15185697000";"2242800";"3296";"109288.1"
"15187041000";"2126500";"3296";"109296.4"
"15188121000";"2126500";"3296";"109304.4"
"15189201000";"2126500";"3296";"109312.3"
"15190281000";"2126500";"3296";"109320.3"
"15191362000";"2126500";"3296";"109328.2"
"15192705000";"2126500";"3296";"109336.5"
"15193791000";"2126500";"3296";"109344.5"
"15194871000";"2183400";"3296";"109352.8"
"15195951000";"2183400";"3296";"109360.8"
"15197031000";"2183400";"3296";"109368.7"
"15198375000";"2183400";"3296";"109378.6"
"15199454000";"2183400";"3296";"109386.5"
"15200535000";"2183400";"3296";"109394.5"
"15201614000";"2246400";"3296";"109402.8"
"15202695000";"2246400";"3296";"109410.8"
"15204044000";"2246400";"3296";"109419.1"
"15205123000";"2246400";"3296";"109427.0"
"15206203000";"2246400";"3296";"109435.0"
"15207284000";"2246400";"3296";"109442.9"
"15208364000";"2246400";"3296";"109450.9"
"15209706000";"2169200";"3296";"109460.7"
"15210787000";"2169200";"3296";"109468.7"
"15211866000";"2169200";"3296";"109476.6"
"15212953000";"2169200";"3296";"109484.6"
"15214033000";"2169200";"3296";"109492.9"
"15215376000";"2169200";"3296";"109501.2"
"15216456000";"2169200";"3296";"109509.2"
"15217541000";"2182100";"3296";"109517.1"
"15218620000";"2182100";"3296";"109525.1"
"15219700000";"2182100";"3296";"109533.0"
"15221043000";"2182100";"3296";"109542.9"
"15222123000";"2182100";"3296";"109550.8"
"15223209000";"2182100";"3296";"109558.8"
"15224289000";"2244700";"3296";"109567.1"
"15225369000";"2244700";"3296";"109575.1"
"15226711000";"2244700";"3296";"109583.0"
"15227792000";"2244700";"3297";"109591.4"
"15228872000";"2244700";"3297";"109599.3"
"15229952000";"2244700";"3297";"109607.3"
"15231032000";"2244700";"3297";"109615.2"
"15232375000";"2170700";"3296";"109625.1"
"15233461000";"2170700";"3296";"109633.0"
"15234541000";"2170700";"3296";"109641.0"
"15235621000";"2170700";"3296";"109648.9"
"15236700000";"2170700";"3296";"109657.2"
"15238043000";"2170700";"3296";"109665.6"
"15239122000";"2170700";"3296";"109673.5"
"15240202000";"2184100";"3296";"109681.5"
"15241282000";"2184100";"3296";"109689.4"
"15242362000";"2184100";"3296";"109697.8"
"15243711000";"2184100";"3296";"109706.1"
"15244791000";"2184100";"3296";"109714.0"
"15245870000";"2184100";"3296";"109722.0"
"15246950000";"2184100";"3297";"109729.9"
"15248030000";"2184100";"3297";"109737.9"
"15249372000";"2184100";"3297";"109746.2"
"15250452000";"2184100";"3297";"109754.2"
"15251532000";"2184100";"3297";"109762.1"
"15252612000";"2184100";"3297";"109770.1"
"15253697000";"2184100";"3297";"109778.4"
"15255040000";"2184100";"3297";"109786.7"
"15256121000";"2126700";"3297";"109794.7"
"15257200000";"2126700";"3297";"109802.6"
"15258280000";"2126700";"3297";"109810.6"
"15259360000";"2126700";"3297";"109818.9"
"15260708000";"2126700";"3297";"109827.2"
"15261787000";"2126700";"3297";"109835.2"
"15262873000";"2126700";"3297";"109843.1"
"15263953000";"2182600";"3297";"109851.1"
"15265033000";"2182600";"3297";"109859.0"
"15266377000";"2182600";"3297";"109867.4"
"15267456000";"2182600";"3297";"109875.3"
"15268537000";"2182600";"3297";"109883.3"
"15269616000";"2182600";"3297";"109891.2"
"15270697000";"2182600";"3297";"109899.5"
"15272039000";"2113800";"3297";"109907.5"
"15273125000";"2113800";"3297";"109915.8"
"15274205000";"2113800";"3297";"109923.8"
"15275285000";"2113800";"3297";"109931.7"
"15276364000";"2113800";"3297";"109939.7"
"15277707000";"2113800";"3297";"109948.0"
"15278787000";"2113800";"3297";"109956.3"
"15279867000";"2198500";"3297";"109964.3"
"15280947000";"2198500";"3297";"109972.2"
"15282027000";"2198500";"3297";"109980.6"
"15283376000";"2198500";"3297";"109988.5"
"15284456000";"2198500";"3297";"109996.5"
"15285536000";"2198500";"3297";"110004.8"
"15286616000";"2198500";"3297";"110012.7"
"15287696000";"2183500";"3297";"110020.7"
"15289038000";"2183500";"3297";"110029.0"
"15290118000";"2183500";"3297";"110037.0"
"15291198000";"2183500";"3297";"110044.9"
"15292278000";"2183500";"3297";"110052.9"
"15293363000";"2183500";"3297";"110060.8"
"15294706000";"2183500";"3297";"110069.1"
"15295787000";"2112400";"3297";"110077.1"
"15296866000";"2112400";"3297";"110085.4"
"15297946000";"2112400";"3297";"110093.4"
"15299026000";"2112400";"3297";"110101.3"
"15300369000";"2112400";"3297";"110109.7"
"15301453000";"2112400";"3297";"110117.6"
"15302533000";"2112400";"3297";"110125.6"
"15303619000";"2197600";"3297";"110133.9"
"15304699000";"2197600";"3297";"110141.8"
"15306041000";"2197600";"3297";"110149.8"
"15307120000";"2197600";"3297";"110158.1"
"15308201000";"2197600";"3297";"110166.1"
"15309281000";"2197600";"3297";"110174.0"
"15310361000";"2197600";"3297";"110182.0"
"15311705000";"2113800";"3297";"110190.3"
"15312784000";"2113800";"3297";"110198.2"
"15313870000";"2113800";"3297";"110206.2"
"15314950000";"2113800";"3297";"110214.5"
"15316030000";"2113800";"3297";"110222.5"
"15317372000";"2113800";"3297";"110230.8"
"15318452000";"2113800";"3297";"110238.8"
"15319532000";"2184100";"3297";"110246.7"
"15320613000";"2184100";"3297";"110255.0"
"15321692000";"2184100";"3297";"110263.0"
"15323041000";"2184100";"3297";"110271.3"
"15324121000";"2184100";"3297";"110279.3"
"15325200000";"2184100";"3297";"110287.2"
"15326280000";"2184100";"3297";"110295.2"
"15327360000";"2183700";"3297";"110303.1"
"15328703000";"2183700";"3297";"110311.4"
"15329783000";"2183700";"3297";"110319.4"
"15330863000";"2183700";"3297";"110327.3"
"15331943000";"2183700";"3297";"110335.3"
"15333028000";"2183700";"3297";"110343.6"
"15334371000";"2183700";"3297";"110352.0"
"15335451000";"2126700";"3297";"110359.9"
"15336530000";"2126700";"3297";"110367.9"
"15337610000";"2126700";"3297";"110375.8"
"15338691000";"2126700";"3297";"110384.1"
"15340032000";"2126700";"3297";"110394.0"
"15341113000";"2126700";"3297";"110401.9"
"15342192000";"2247300";"3296";"110409.9"
"15343336000";"2247300";"3296";"110417.8"
"15344416000";"2247300";"3296";"110426.2"
"15345758000";"2247300";"3296";"110434.1"
"15346838000";"2247300";"3296";"110442.4"
"15347918000";"2247300";"3296";"110450.4"
"15348997000";"2247300";"3296";"110458.4"
"15350078000";"2167700";"3297";"110466.3"
"15351419000";"2167700";"3297";"110474.6"
"15352499000";"2167700";"3297";"110482.6"
"15353584000";"2167700";"3297";"110490.5"
"15354664000";"2167700";"3297";"110498.5"
"15355745000";"2167700";"3297";"110506.4"
"15357088000";"2167700";"3296";"110514.8"
"15358167000";"2127000";"3297";"110523.1"
"15359248000";"2127000";"3297";"110531.0"
"15360328000";"2127000";"3297";"110539.0"
"15361408000";"2127000";"3296";"110546.9"
"15362750000";"2127000";"3296";"110556.8"
"15363836000";"2127000";"3296";"110564.7"
"15364916000";"2227400";"3296";"110572.7"
"15365996000";"2227400";"3296";"110580.6"
"15367076000";"2227400";"3296";"110588.6"
"15368420000";"2227400";"3296";"110596.9"
"15369500000";"2227400";"3296";"110604.9"
"15370580000";"2227400";"3296";"110612.8"
"15371660000";"2227400";"3296";"110621.2"
"15372741000";"2184800";"3296";"110629.1"
"15374089000";"2184800";"3296";"110637.4"
"15375169000";"2184800";"3296";"110645.4"
"15376249000";"2184800";"3296";"110653.3"
"15377329000";"2184800";"3296";"110661.3"
"15378409000";"2184800";"3296";"110669.6"
"15379751000";"2184800";"3296";"110677.9"
"15380832000";"2126700";"3296";"110685.9"
"15381911000";"2126700";"3296";"110693.8"
"15382996000";"2126700";"3296";"110702.2"
"15384076000";"2126700";"3296";"110710.1"
"15385423000";"2126700";"3296";"110718.4"
"15386503000";"2126700";"3296";"110726.4"
"15387583000";"2126700";"3296";"110734.4"
"15388663000";"2183000";"3296";"110742.3"
"15389743000";"2183000";"3296";"110750.6"
"15391086000";"2183000";"3296";"110758.6"
"15392167000";"2183000";"3296";"110766.9"
"15393253000";"2183000";"3296";"110774.9"
"15394333000";"2183000";"3296";"110782.8"
"15395413000";"2183000";"3296";"110790.8"
"15396757000";"2125800";"3296";"110799.1"
"15397836000";"2125800";"3296";"110807.0"
"15398916000";"2125800";"3296";"110815.4"
"15399996000";"2125800";"3296";"110823.3"
"15401075000";"2125800";"3296";"110831.3"
"15402418000";"2125800";"3296";"110839.6"
"15403504000";"2125800";"3296";"110847.5"
"15404583000";"2184300";"3296";"110855.5"
"15405663000";"2184300";"3295";"110863.5"
"15406743000";"2184300";"3295";"110871.8"
"15408085000";"2184300";"3295";"110879.7"
"15409165000";"2184300";"3295";"110887.7"
"15410245000";"2184300";"3295";"110896.0"
"15411326000";"2184300";"3295";"110904.0"
"15412405000";"2185700";"3296";"110911.9"
"15413753000";"2185700";"3296";"110920.2"
"15414833000";"2185700";"3295";"110928.2"
"15415913000";"2185700";"3295";"110936.5"
"15416993000";"2185700";"3296";"110944.5"
"15418073000";"2185700";"3296";"110952.4"
"15419415000";"2176600";"3296";"110962.3"
"15420495000";"2176600";"3296";"110970.2"
"15421575000";"2176600";"3296";"110978.2"
"15422655000";"2176600";"3296";"110986.5"
"15423741000";"2176600";"3296";"110994.5"
"15425084000";"2176600";"3296";"111003.9"
"15426163000";"2227600";"3296";"111011.9"
"15427249000";"2227600";"3296";"111020.2"
"15428329000";"2227600";"3296";"111028.2"
"15429409000";"2227600";"3296";"111036.1"
"15430752000";"2227600";"3296";"111044.4"
"15431833000";"2227600";"3296";"111052.4"
"15432918000";"2227600";"3296";"111060.3"
"15433998000";"2182100";"3296";"111068.3"
"15435077000";"2182100";"3296";"111076.2"
"15436420000";"2182100";"3296";"111086.1"
"15437501000";"2182100";"3296";"111094.0"
"15438581000";"2182100";"3296";"111102.4"
"15439660000";"2182100";"3296";"111110.3"
"15440740000";"2246600";"3296";"111118.3"
"15442083000";"2246600";"3296";"111126.6"
"15443169000";"2246600";"3296";"111134.6"
"15444249000";"2246600";"3296";"111142.5"
"15445328000";"2246600";"3296";"111150.5"
"15446409000";"2246600";"3296";"111158.8"
"15447753000";"2246600";"3296";"111166.7"
"15448832000";"2126400";"3296";"111175.1"
"15449911000";"2126400";"3296";"111183.0"
"15450991000";"2126400";"3296";"111191.0"
"15452070000";"2126400";"3297";"111198.9"
"15453418000";"2126400";"3297";"111207.2"
"15454498000";"2126400";"3297";"111215.2"
"15455578000";"2126400";"3297";"111223.1"
"15456659000";"2169500";"3297";"111231.1"
"15457738000";"2169500";"3297";"111239.4"
"15459082000";"2169500";"3297";"111247.7"
"15460162000";"2169500";"3297";"111255.7"
"15461241000";"2169500";"3297";"111263.7"
"15462322000";"2169500";"3297";"111272.0"
"15463407000";"2169500";"3297";"111279.9"
"15464750000";"2141000";"3297";"111288.3"
"15465829000";"2141000";"3297";"111296.2"
"15466908000";"2141000";"3297";"111304.2"
"15467987000";"2141000";"3297";"111312.1"
"15469067000";"2141000";"3297";"111320.1"
"15470416000";"2141000";"3297";"111328.4"
"15471496000";"2141000";"3297";"111336.3"
"15472576000";"2169500";"3297";"111344.3"
"15473662000";"2169500";"3297";"111352.6"
"15474743000";"2169500";"3297";"111360.6"
"15476084000";"2169500";"3297";"111368.9"
"15477164000";"2169500";"3297";"111376.8"
"15478245000";"2169500";"3297";"111384.8"
"15479325000";"2169500";"3297";"111392.8"
"15480405000";"2198300";"3297";"111401.1"
"15481748000";"2198300";"3297";"111409.4"
"15482828000";"2198300";"3297";"111417.4"
"15483914000";"2198300";"3297";"111425.3"
"15484993000";"2198300";"3297";"111433.3"
"15486074000";"2198300";"3297";"111441.2"
"15487416000";"2160100";"3297";"111451.1"
"15488496000";"2160100";"3296";"111459.0"
"15489576000";"2160100";"3296";"111467.0"
"15490656000";"2160100";"3296";"111474.9"
"15491736000";"2160100";"3296";"111482.9"
"15493084000";"2160100";"3296";"111491.2"
"15494165000";"2160100";"3296";"111499.5"
"15495244000";"2183700";"3296";"111507.5"
"15496323000";"2183700";"3296";"111515.4"
"15497402000";"2183700";"3296";"111523.4"
"15498746000";"2183700";"3296";"111531.7"
"15499825000";"2183700";"3296";"111540.0"
"15500905000";"2183700";"3297";"111548.0"
"15501984000";"2183700";"3296";"111555.9"
"15503070000";"2199400";"3296";"111564.3"
"15504413000";"2199400";"3296";"111572.6"
"15505493000";"2199400";"3296";"111580.5"
"15506572000";"2199400";"3296";"111588.5"
"15507651000";"2199400";"3296";"111596.4"
"15508731000";"2199400";"3296";"111604.4"
"15510073000";"2199400";"3296";"111612.7"
"15511158000";"2113100";"3296";"111620.7"
"15512238000";"2113100";"3296";"111628.6"
"15513324000";"2113100";"3296";"111636.6"
"15514403000";"2113100";"3296";"111644.5"
"15515747000";"2113100";"3296";"111652.8"
"15516828000";"2113100";"3296";"111661.2"
"15517907000";"2113100";"3296";"111669.1"
"15518986000";"2183700";"3296";"111677.1"
"15520066000";"2183700";"3296";"111685.0"
"15521409000";"2183700";"3296";"111694.9"
"15522489000";"2183700";"3296";"111702.8"
"15523575000";"2183700";"3296";"111710.8"
"15524655000";"2183700";"3296";"111719.1"
"15525735000";"2244500";"3296";"111727.1"
"15527078000";"2244500";"3296";"111735.4"
"15528158000";"2244500";"3296";"111743.3"
"15529239000";"2244500";"3296";"111751.3"
"15530318000";"2244500";"3296";"111759.3"
"15531398000";"2244500";"3296";"111767.2"
"15532741000";"2244500";"3296";"111775.5"
"15533827000";"2112200";"3296";"111783.5"
"15534906000";"2112200";"3296";"111791.8"
"15535986000";"2112200";"3296";"111799.8"
"15537066000";"2112200";"3296";"111807.7"
"15538408000";"2112200";"3296";"111816.0"
"15539488000";"2112200";"3296";"111824.0"
"15540569000";"2112200";"3296";"111832.3"
"15541648000";"2200500";"3296";"111840.3"
"15542728000";"2200500";"3296";"111848.2"
"15544076000";"2200500";"3296";"111856.5"
"15545156000";"2200500";"3296";"111864.5"
"15546236000";"2200500";"3296";"111872.4"
"15547317000";"2200500";"3296";"111880.4"
"15548397000";"2200500";"3296";"111888.7"
"15549740000";"2169400";"3297";"111898.2"
"15550819000";"2169400";"3296";"111906.1"
"15551900000";"2169400";"3296";"111914.1"
"15552986000";"2169400";"3296";"111922.4"
"15554071000";"2169400";"3296";"111930.4"
"15555413000";"2169400";"3296";"111938.7"
"15556493000";"2169400";"3296";"111946.7"
"15557573000";"2182300";"3296";"111954.6"
"15558653000";"2182300";"3296";"111962.9"
"15559733000";"2182300";"3296";"111970.9"
"15561076000";"2182300";"3296";"111979.2"
"15562156000";"2182300";"3296";"111987.2"
"15563241000";"2182300";"3296";"111995.5"
"15564321000";"2182300";"3296";"112003.5"
"15565401000";"2198800";"3296";"112011.4"
"15566743000";"2198800";"3296";"112019.7"
"15567823000";"2198800";"3296";"112027.7"
"15568903000";"2198800";"3296";"112035.6"
"15569982000";"2198800";"3296";"112043.6"
"15571063000";"2198800";"3296";"112051.5"
"15572405000";"2198800";"3296";"112059.9"
"15573491000";"2112400";"3296";"112067.8"
"15574572000";"2112400";"3296";"112075.8"
"15575652000";"2112400";"3296";"112084.1"
"15576732000";"2112400";"3296";"112092.0"
"15578074000";"2112400";"3296";"112100.4"
"15579153000";"2112400";"3296";"112108.3"
"15580234000";"2112400";"3296";"112116.3"
"15581314000";"2200100";"3296";"112124.6"
"15582394000";"2200100";"3296";"112132.6"
"15583742000";"2200100";"3296";"112142.4"
"15584823000";"2200100";"3296";"112150.4"
"15585902000";"2200100";"3296";"112158.3"
"15586982000";"2200100";"3296";"112166.3"
"15588062000";"2227800";"3296";"112174.2"
"15589404000";"2227800";"3296";"112184.1"
"15590484000";"2227800";"3296";"112192.0"
"15591564000";"2227800";"3296";"112200.0"
"15592645000";"2227800";"3296";"112207.9"
"15593729000";"2227800";"3296";"112215.9"
"15595077000";"2158500";"3296";"112224.2"
"15596158000";"2158500";"3296";"112232.5"
"15597237000";"2158500";"3296";"112240.5"
"15598316000";"2158500";"3296";"112248.4"
"15599397000";"2158500";"3296";"112256.8"
"15600739000";"2158500";"3296";"112265.1"
"15601820000";"2158500";"3296";"112273.0"
"15602905000";"2198800";"3296";"112281.0"
"15603984000";"2198800";"3296";"112288.9"
"15605063000";"2198800";"3296";"112296.9"
"15606406000";"2198800";"3296";"112305.2"
"15607486000";"2198800";"3296";"112313.2"
"15608566000";"2198800";"3296";"112321.5"
"15609646000";"2198800";"3296";"112329.4"
"15610725000";"2185900";"3296";"112337.4"
"15612068000";"2185900";"3296";"112345.7"
"15613153000";"2185900";"3296";"112353.7"
"15614233000";"2185900";"3296";"112361.6"
"15615312000";"2185900";"3296";"112369.6"
"15616392000";"2185900";"3296";"112377.5"
"15617734000";"2185900";"3296";"112385.8"
"15618814000";"2127400";"3296";"112394.2"
"15619893000";"2127400";"3296";"112402.1"
"15620972000";"2127400";"3296";"112410.1"
"15622052000";"2127400";"3296";"112418.0"
"15623400000";"2127400";"3296";"112427.9"
"15624480000";"2127400";"3295";"112435.8"
"15625561000";"2228000";"3295";"112443.8"
"15626641000";"2228000";"3295";"112451.7"
"15627721000";"2228000";"3295";"112460.1"
"15629065000";"2228000";"3295";"112468.0"
"15630145000";"2228000";"3296";"112476.3"
"15631225000";"2228000";"3296";"112484.3"
"15632305000";"2228000";"3296";"112492.2"
"15633390000";"2183500";"3296";"112500.2"
"15634733000";"2183500";"3296";"112510.0"
"15635813000";"2183500";"3296";"112518.0"
"15636939000";"2183500";"3296";"112525.9"
"15638019000";"2183500";"3296";"112534.3"
"15639098000";"2183500";"3296";"112542.2"
"15640441000";"2229400";"3296";"112552.1"
"15641520000";"2229400";"3296";"112560.0"
"15642600000";"2229400";"3296";"112568.0"
"15643685000";"2229400";"3296";"112576.3"
"15644764000";"2229400";"3296";"112584.3"
"15646108000";"2229400";"3296";"112592.6"
"15647187000";"2229400";"3296";"112600.5"
"15648266000";"2184800";"3296";"112608.5"
"15649346000";"2184800";"3296";"112616.4"
"15650426000";"2184800";"3296";"112624.4"
"15651769000";"2184800";"3296";"112632.7"
"15652853000";"2184800";"3296";"112640.7"
"15653933000";"2184800";"3296";"112648.6"
"15655013000";"2184800";"3296";"112656.6"
"15656093000";"2169300";"3296";"112664.5"
"15657435000";"2169300";"3296";"112672.8"
"15658515000";"2169300";"3296";"112681.2"
"15659595000";"2169300";"3296";"112689.1"
"15660675000";"2169300";"3296";"112697.1"
"15661755000";"2169300";"3296";"112705.0"
"15663103000";"2169300";"3296";"112713.7"
"15664183000";"2141300";"3296";"112721.7"
"15665262000";"2141300";"3296";"112729.6"
"15666342000";"2141300";"3296";"112737.6"
"15667422000";"2141300";"3296";"112745.5"
"15668764000";"2141300";"3296";"112753.9"
"15669845000";"2141300";"3296";"112761.8"
"15670926000";"2141300";"3296";"112770.1"
"15672006000";"2185200";"3296";"112778.1"
"15673091000";"2185200";"3296";"112786.1"
"15674435000";"2185200";"3296";"112794.4"
"15675514000";"2185200";"3296";"112802.3"
"15676594000";"2185200";"3296";"112810.7"
"15677674000";"2185200";"3296";"112818.6"
"15678755000";"2185200";"3296";"112826.6"
"15680103000";"2125200";"3296";"112834.9"
"15681184000";"2125200";"3296";"112842.8"
"15682264000";"2125200";"3296";"112851.2"
"15683349000";"2125200";"3296";"112859.1"
"15684429000";"2125200";"3296";"112867.1"
"15685772000";"2125200";"3297";"112875.4"
"15686851000";"2125200";"3296";"112883.3"
"15687931000";"2183700";"3296";"112891.3"
"15689010000";"2183700";"3296";"112899.3"
"15690090000";"2183700";"3296";"112907.2"
"15691433000";"2183700";"3296";"112915.5"
"15692512000";"2183700";"3296";"112923.5"
"15693597000";"2183700";"3296";"112931.4"
"15694677000";"2183700";"3296";"112939.4"
"15695758000";"2184300";"3296";"112947.7"
"15697101000";"2184300";"3296";"112956.0"
"15698180000";"2184300";"3296";"112964.0"
"15699259000";"2184300";"3296";"112971.9"
"15700339000";"2184300";"3296";"112980.3"
"15701419000";"2184300";"3296";"112988.2"
"15702761000";"2184300";"3296";"112996.5"
"15703847000";"2127000";"3296";"113004.5"
"15704927000";"2127000";"3296";"113012.4"
"15706007000";"2127000";"3296";"113020.4"
"15707087000";"2127000";"3296";"113028.7"
"15708429000";"2127000";"3296";"113036.7"
"15709509000";"2127000";"3296";"113044.6"
"15710590000";"2127000";"3296";"113053.0"
"15711670000";"2185300";"3296";"113060.9"
"15712750000";"2185300";"3297";"113068.9"
"15714099000";"2185300";"3297";"113077.2"
"15715179000";"2185300";"3297";"113085.1"
"15716259000";"2185300";"3297";"113093.1"
"15717339000";"2185300";"3297";"113101.0"
"15718419000";"2185300";"3297";"113109.4"
"15719763000";"2126200";"3297";"113117.7"
"15720848000";"2126200";"3297";"113125.6"
"15721927000";"2126200";"3297";"113133.6"
"15723013000";"2126200";"3297";"113141.9"
"15724093000";"2126200";"3297";"113149.9"
"15725436000";"2126200";"3297";"113158.2"
"15726515000";"2126200";"3297";"113166.2"
"15727596000";"2182500";"3297";"113174.1"
"15728676000";"2182500";"3297";"113182.1"
"15729755000";"2182500";"3297";"113190.0"
"15731098000";"2182500";"3297";"113198.3"
"15732179000";"2182500";"3297";"113206.3"
"15733263000";"2182500";"3297";"113214.2"
"15734344000";"2182500";"3297";"113222.6"
"15735423000";"2184100";"3297";"113230.5"
"15736765000";"2184100";"3297";"113238.8"
"15737845000";"2184100";"3297";"113246.8"
"15738925000";"2184100";"3297";"113254.7"
"15740005000";"2184100";"3297";"113263.1"
"15741085000";"2184100";"3297";"113271.0"
"15742427000";"2184100";"3297";"113279.4"
"15743513000";"2127000";"3297";"113287.3"
"15744593000";"2127000";"3297";"113295.3"
"15745673000";"2127000";"3297";"113303.2"
"15746753000";"2127000";"3297";"113311.5"
"15748096000";"2127000";"3297";"113321.0"
"15749176000";"2127000";"3297";"113329.0"
"15750256000";"2229300";"3297";"113336.9"
"15751335000";"2229300";"3297";"113345.2"
"15752416000";"2229300";"3297";"113353.2"
"15753765000";"2229300";"3297";"113363.0"
"15754845000";"2229300";"3297";"113371.0"
"15755925000";"2229300";"3297";"113378.9"
"15757004000";"2244500";"3297";"113386.9"
"15758085000";"2244500";"3297";"113394.8"
"15759427000";"2244500";"3297";"113403.2"
"15760508000";"2244500";"3297";"113411.5"
"15761588000";"2244500";"3297";"113419.5"
"15762668000";"2244500";"3297";"113427.4"
"15763758000";"2244500";"3297";"113435.4"
"15765101000";"2125200";"3297";"113443.7"
"15766181000";"2125200";"3297";"113451.6"
"15767262000";"2125200";"3296";"113459.6"
"15768341000";"2125200";"3296";"113467.9"
"15769420000";"2125200";"3296";"113475.9"
"15770762000";"2125200";"3296";"113484.2"
"15771843000";"2125200";"3297";"113492.1"
"15772928000";"2184100";"3297";"113500.1"
"15774007000";"2184100";"3297";"113508.0"
"15775087000";"2184100";"3296";"113516.0"
"15776430000";"2184100";"3296";"113524.3"
"15777511000";"2184100";"3296";"113532.3"
"15778592000";"2184100";"3296";"113540.6"
"15779671000";"2184100";"3296";"113548.6"
"15780752000";"2185000";"3296";"113556.5"
"15782095000";"2185000";"3296";"113564.8"
"15783180000";"2185000";"3296";"113573.2"
"15784261000";"2185000";"3296";"113581.1"
"15785341000";"2185000";"3296";"113589.1"
"15786420000";"2185000";"3296";"113597.0"
"15787764000";"2185000";"3296";"113605.3"
"15788844000";"2126500";"3296";"113613.3"
"15789925000";"2126500";"3296";"113621.2"
"15791005000";"2126500";"3296";"113629.2"
"15792085000";"2126500";"3296";"113637.1"
"15793434000";"2126500";"3295";"113645.5"
"15794513000";"2126500";"3295";"113653.8"
"15795594000";"2126500";"3296";"113661.8"
"15796674000";"2183200";"3296";"113669.7"
"15797754000";"2183200";"3296";"113677.7"
"15799097000";"2183200";"3295";"113686.0"
"15800177000";"2183200";"3296";"113694.3"
"15801258000";"2183200";"3296";"113702.3"
"15802338000";"2183200";"3296";"113710.2"
"15803424000";"2183200";"3296";"113718.2"
"15804771000";"2125200";"3296";"113726.5"
"15805851000";"2125200";"3296";"113734.4"
"15806931000";"2125200";"3296";"113742.8"
"15808011000";"2125200";"3296";"113750.7"
"15809091000";"2125200";"3296";"113758.7"
"15810435000";"2125200";"3296";"113767.0"
"15811515000";"2125200";"3296";"113774.9"
"15812595000";"2185000";"3296";"113782.9"
"15813680000";"2185000";"3296";"113790.9"
"15814761000";"2185000";"3296";"113799.2"
"15816103000";"2185000";"3296";"113808.7"
"15817183000";"2185000";"3296";"113817.0"
"15818263000";"2185000";"3296";"113824.9"
"15819342000";"2244900";"3296";"113832.9"
"15820422000";"2244900";"3296";"113841.2"
"15821765000";"2244900";"3296";"113849.5"
"15822846000";"2244900";"3296";"113857.5"
"15823932000";"2244900";"3296";"113865.4"
"15825011000";"2244900";"3296";"113873.4"
"15826091000";"2244900";"3296";"113881.4"
"15827433000";"2126700";"3296";"113889.7"
"15828514000";"2126700";"3296";"113897.6"
"15829594000";"2126700";"3296";"113905.6"
"15830675000";"2126700";"3296";"113913.9"
"15831754000";"2126700";"3296";"113921.9"
"15833103000";"2126700";"3296";"113930.2"
"15834183000";"2126700";"3296";"113938.1"
"15835262000";"2183500";"3296";"113946.1"
"15836342000";"2183500";"3296";"113954.0"
"15837422000";"2183500";"3296";"113962.4"
"15838764000";"2183500";"3296";"113970.7"
"15839843000";"2183500";"3296";"113978.6"
"15840923000";"2183500";"3296";"113986.6"
"15842004000";"2183500";"3296";"113994.9"
"15843089000";"2199000";"3296";"114002.9"
"15844432000";"2199000";"3296";"114011.2"
"15845511000";"2199000";"3296";"114019.2"
"15846652000";"2199000";"3296";"114027.5"
"15847733000";"2199000";"3297";"114035.4"
"15848813000";"2199000";"3297";"114043.4"
"15850155000";"2199000";"3297";"114051.7"
"15851235000";"2112200";"3297";"114059.7"
"15852314000";"2112200";"3297";"114067.6"
"15853401000";"2112200";"3297";"114075.6"
"15854481000";"2112200";"3296";"114083.5"
"15855824000";"2112200";"3296";"114093.4"
"15856905000";"2112200";"3296";"114101.3"
"15857985000";"2244100";"3296";"114109.6"
"15859065000";"2244100";"3296";"114117.6"
"15860145000";"2244100";"3296";"114125.6"
"15861488000";"2244100";"3296";"114133.9"
"15862569000";"2244100";"3296";"114142.2"
"15863655000";"2244100";"3296";"114150.2"
"15864734000";"2244100";"3296";"114158.1"
"15865815000";"2183400";"3296";"114166.1"
"15867157000";"2183400";"3296";"114174.4"
"15868238000";"2183400";"3296";"114182.7"
"15869317000";"2183400";"3296";"114190.7"
"15870397000";"2183400";"3296";"114198.6"
"15871477000";"2183400";"3296";"114206.6"
"15872819000";"2183400";"3296";"114214.9"
"15873904000";"2127000";"3296";"114222.8"
"15874984000";"2127000";"3296";"114230.8"
"15876064000";"2127000";"3296";"114239.1"
"15877144000";"2127000";"3296";"114247.1"
"15878487000";"2127000";"3296";"114255.4"
"15879566000";"2127000";"3296";"114263.4"
"15880646000";"2127000";"3296";"114271.3"
"15881725000";"2200700";"3296";"114279.6"
"15882805000";"2200700";"3296";"114287.6"
"15884153000";"2200700";"3296";"114297.4"
"15885233000";"2200700";"3296";"114305.4"
"15886313000";"2200700";"3296";"114313.3"
"15887393000";"2200700";"3296";"114321.3"
"15888474000";"2227400";"3296";"114329.2"
"15889822000";"2227400";"3296";"114337.6"
"15890902000";"2227400";"3296";"114345.5"
"15891983000";"2227400";"3296";"114353.9"
"15893068000";"2227400";"3296";"114361.8"
"15894148000";"2227400";"3296";"114369.8"
"15895491000";"2227400";"3296";"114378.1"
"15896571000";"2125000";"3296";"114386.0"
"15897651000";"2125000";"3296";"114394.4"
"15898730000";"2125000";"3296";"114402.3"
"15899809000";"2125000";"3296";"114410.3"
"15901153000";"2125000";"3296";"114420.1"
"15902232000";"2125000";"3296";"114428.1"
"15903317000";"2262500";"3296";"114436.4"
"15904398000";"2262500";"3296";"114444.4"
"15905478000";"2262500";"3296";"114452.3"
"15906821000";"2262500";"3296";"114460.6"
"15907901000";"2262500";"3296";"114468.6"
"15908981000";"2262500";"3296";"114476.5"
"15910060000";"2262500";"3296";"114484.5"
"15911141000";"2170400";"3296";"114492.4"
"15912483000";"2170400";"3296";"114500.8"
"15913569000";"2170400";"3296";"114509.1"
"15914650000";"2170400";"3296";"114517.0"
"15915729000";"2170400";"3296";"114525.0"
"15916810000";"2170400";"3296";"114532.9"
"15918153000";"2176200";"3296";"114542.8"
"15919233000";"2176200";"3296";"114550.7"
"15920313000";"2176200";"3296";"114559.1"
"15921393000";"2176200";"3296";"114567.0"
"15922473000";"2176200";"3296";"114575.0"
"15923822000";"2176200";"3296";"114583.3"
"15924902000";"2176200";"3296";"114591.6"
"15925982000";"2198100";"3296";"114599.6"
"15927063000";"2198100";"3296";"114607.5"
"15928143000";"2198100";"3296";"114615.5"
"15929486000";"2198100";"3296";"114623.8"
"15930569000";"2198100";"3296";"114631.8"
"15931649000";"2198100";"3296";"114639.7"
"15932730000";"2198100";"3296";"114647.7"
"15933815000";"2182600";"3296";"114656.0"
"15935157000";"2182600";"3296";"114665.5"
"15936237000";"2182600";"3296";"114673.8"
"15937317000";"2182600";"3296";"114681.7"
"15938397000";"2182600";"3296";"114689.7"
"15939477000";"2182600";"3296";"114698.0"
"15940820000";"2178200";"3296";"114706.4"
"15941900000";"2178200";"3296";"114714.3"
"15942986000";"2178200";"3296";"114722.6"
"15944066000";"2178200";"3296";"114730.6"
"15945146000";"2178200";"3296";"114738.5"
"15946489000";"2178200";"3296";"114748.4"
"15947569000";"2244300";"3296";"114756.3"
"15948649000";"2244300";"3296";"114764.3"
"15949729000";"2244300";"3296";"114772.2"
"15950809000";"2244300";"3296";"114780.2"
"15952152000";"2244300";"3296";"114788.5"
"15953237000";"2244300";"3296";"114796.5"
"15954317000";"2244300";"3296";"114804.8"
"15955396000";"2184300";"3296";"114812.8"
"15956476000";"2184300";"3296";"114820.7"
"15957820000";"2184300";"3296";"114829.0"
"15958900000";"2184300";"3297";"114837.0"
"15959980000";"2184300";"3297";"114845.3"
"15961060000";"2184300";"3296";"114853.3"
"15962140000";"2184300";"3296";"114861.2"
"15963488000";"2126400";"3296";"114869.5"
"15964568000";"2126400";"3296";"114877.9"
"15965648000";"2126400";"3296";"114885.8"
"15966727000";"2126400";"3296";"114893.8"
"15967807000";"2126400";"3296";"114901.7"
"15969150000";"2126400";"3296";"114911.6"
"15970229000";"2247100";"3296";"114919.5"
"15971310000";"2247100";"3296";"114927.5"
"15972389000";"2247100";"3296";"114935.4"
"15973480000";"2247100";"3296";"114943.8"
"15974822000";"2247100";"3296";"114952.1"
"15975901000";"2247100";"3296";"114960.0"
"15976981000";"2247100";"3296";"114968.0"
"15978061000";"2182800";"3296";"114975.9"
"15979141000";"2182800";"3296";"114984.3"
"15980484000";"2182800";"3296";"114992.6"
"15981564000";"2182800";"3296";"115000.5"
"15982644000";"2182800";"3296";"115008.5"
"15983729000";"2182800";"3296";"115016.8"
"15984810000";"2182800";"3296";"115024.8"
"15986151000";"2141100";"3296";"115033.1"
"15987231000";"2141100";"3296";"115041.1"
"15988311000";"2141100";"3296";"115049.0"
"15989391000";"2141100";"3296";"115057.0"
"15990471000";"2141100";"3296";"115064.9"
"15991814000";"2141100";"3296";"115073.2"
"15992899000";"2141100";"3296";"115081.6"
"15993980000";"2183700";"3296";"115089.5"
"15995059000";"2183700";"3296";"115097.5"
"15996139000";"2183700";"3296";"115105.4"
"15997481000";"2183700";"3296";"115115.3"
"15998561000";"2183700";"3296";"115123.2"
"15999641000";"2183700";"3296";"115131.2"
"16000722000";"2246600";"3296";"115139.5"
"16001802000";"2246600";"3296";"115147.5"
"16003150000";"2246600";"3296";"115155.8"
"16004230000";"2246600";"3296";"115163.7"
"16005310000";"2246600";"3296";"115172.1"
"16006389000";"2246600";"3297";"115180.0"
"16007469000";"2246600";"3297";"115188.0"
"16008812000";"2127000";"3297";"115196.3"
"16009891000";"2127000";"3296";"115204.2"
"16010972000";"2127000";"3296";"115212.2"
"16012051000";"2127000";"3296";"115220.1"
"16013137000";"2127000";"3296";"115228.5"
"16014485000";"2127000";"3296";"115236.8"
"16015564000";"2127000";"3296";"115244.7"
"16016644000";"2182600";"3296";"115252.7"
"16017724000";"2182600";"3296";"115260.7"
"16018803000";"2182600";"3296";"115269.0"
"16020147000";"2182600";"3296";"115277.3"
"16021227000";"2182600";"3296";"115285.3"
"16022306000";"2182600";"3296";"115293.2"
"16023392000";"2182600";"3296";"115301.5"
"16024471000";"2199000";"3296";"115309.5"
"16025813000";"2199000";"3297";"115317.8"
"16026894000";"2199000";"3297";"115325.8"
"16027973000";"2199000";"3297";"115333.7"
"16029053000";"2199000";"3297";"115341.7"
"16030133000";"2199000";"3297";"115349.6"
"16031477000";"2199000";"3297";"115357.9"
"16032558000";"2127700";"3297";"115366.3"
"16033642000";"2127700";"3297";"115374.2"
"16034723000";"2127700";"3297";"115382.2"
"16035802000";"2127700";"3297";"115390.1"
"16037145000";"2127700";"3297";"115398.5"
"16038224000";"2127700";"3297";"115406.4"
"16039305000";"2127700";"3297";"115414.7"
"16040385000";"2184100";"3297";"115422.7"
"16041465000";"2184100";"3297";"115430.6"
"16042807000";"2184100";"3297";"115439.0"
"16043893000";"2184100";"3297";"115447.3"
"16044972000";"2184100";"3297";"115455.3"
"16046051000";"2184100";"3297";"115463.2"
"16047131000";"2184100";"3297";"115471.2"
"16048474000";"2127000";"3297";"115479.5"
"16049555000";"2127000";"3297";"115487.4"
"16050635000";"2127000";"3297";"115495.8"
"16051714000";"2127000";"3297";"115503.7"
"16052793000";"2127000";"3297";"115511.7"
"16054141000";"2127000";"3297";"115521.5"
"16055221000";"2245100";"3297";"115529.5"
"16056300000";"2245100";"3297";"115537.4"
"16057385000";"2245100";"3297";"115545.4"
"16058465000";"2245100";"3297";"115553.7"
"16059809000";"2245100";"3297";"115562.0"
"16060889000";"2245100";"3297";"115570.0"
"16061969000";"2245100";"3297";"115577.9"
"16063055000";"2197000";"3297";"115586.3"
"16064135000";"2197000";"3297";"115594.2"
"16065478000";"2197000";"3297";"115602.5"
"16066558000";"2197000";"3297";"115610.5"
"16067639000";"2197000";"3297";"115618.4"
"16068719000";"2197000";"3297";"115626.4"
"16069799000";"2197000";"3297";"115634.3"
"16071141000";"2113800";"3297";"115642.7"
"16072221000";"2113800";"3297";"115651.0"
"16073306000";"2113800";"3297";"115658.9"
"16074386000";"2113800";"3297";"115666.9"
"16075466000";"2113800";"3297";"115674.8"
"16076809000";"2113800";"3297";"115683.2"
"16077889000";"2113800";"3297";"115691.1"
"16078969000";"2198500";"3297";"115699.5"
"16080049000";"2198500";"3297";"115707.4"
"16081129000";"2198500";"3297";"115715.4"
"16082472000";"2198500";"3297";"115723.7"
"16083558000";"2198500";"3297";"115731.6"
"16084638000";"2198500";"3297";"115740.0"
"16085719000";"2198500";"3297";"115747.9"
"16086799000";"2183400";"3297";"115755.9"
"16088141000";"2183400";"3297";"115764.2"
"16089221000";"2183400";"3297";"115772.1"
"16090301000";"2183400";"3297";"115780.1"
"16091381000";"2183400";"3297";"115788.0"
"16092462000";"2183400";"3297";"115796.0"
"16093811000";"2159700";"3297";"115805.8"
"16094890000";"2159700";"3297";"115813.8"
"16095971000";"2159700";"3296";"115821.7"
"16097051000";"2159700";"3297";"115830.1"
"16098130000";"2159700";"3297";"115838.0"
"16099478000";"2159700";"3296";"115847.9"
"16100558000";"2244900";"3296";"115855.8"
"16101638000";"2244900";"3296";"115863.8"
"16102718000";"2244900";"3296";"115871.7"
"16103804000";"2244900";"3296";"115880.1"
"16105147000";"2244900";"3297";"115889.5"
"16106227000";"2244900";"3297";"115897.5"
"16107308000";"2244300";"3297";"115905.8"
"16108387000";"2244300";"3297";"115913.8"
"16109467000";"2244300";"3297";"115921.7"
"16110810000";"2244300";"3297";"115930.0"
"16111890000";"2244300";"3297";"115938.0"
"16112976000";"2244300";"3297";"115945.9"
"16114057000";"2244300";"3297";"115953.9"
"16115136000";"2183700";"3297";"115962.2"
"16116480000";"2183700";"3297";"115971.7"
"16117560000";"2183700";"3297";"115980.0"
"16118640000";"2183700";"3297";"115988.0"
"16119720000";"2183700";"3297";"115995.9"
"16120800000";"2183700";"3297";"116003.9"
"16122143000";"2161300";"3297";"116012.2"
"16123228000";"2161300";"3297";"116020.5"
"16124308000";"2161300";"3297";"116028.5"
"16125388000";"2161300";"3297";"116036.4"
"16126468000";"2161300";"3297";"116044.4"
"16127811000";"2161300";"3297";"116054.2"
"16128892000";"2244500";"3297";"116062.2"
"16129971000";"2244500";"3297";"116070.1"
"16131052000";"2244500";"3297";"116078.1"
"16132132000";"2244500";"3296";"116086.1"
"16133480000";"2244500";"3297";"116095.9"
"16134560000";"2244500";"3297";"116103.8"
"16135641000";"2227400";"3296";"116111.8"
"16136721000";"2227400";"3297";"116120.1"
"16137801000";"2227400";"3297";"116128.1"
"16139145000";"2227400";"3297";"116136.4"
"16140256000";"2227400";"3297";"116144.4"
"16141335000";"2227400";"3296";"116152.3"
"16142415000";"2227400";"3296";"116160.6"
"16143501000";"2189500";"3297";"116168.6"
"16144844000";"2189500";"3297";"116176.9"
"16145924000";"2189500";"3297";"116184.9"
"16147004000";"2189500";"3297";"116192.8"
"16148084000";"2189500";"3297";"116200.8"
"16149164000";"2189500";"3297";"116208.7"
"16150508000";"2189500";"3297";"116217.0"
"16151587000";"2113600";"3297";"116225.0"
"16152668000";"2113600";"3297";"116232.9"
"16153754000";"2113600";"3297";"116240.9"
"16154833000";"2113600";"3297";"116249.2"
"16156176000";"2113600";"3297";"116257.6"
"16157256000";"2113600";"3297";"116265.5"
"16158336000";"2113600";"3297";"116273.5"
"16159416000";"2183700";"3297";"116281.4"
"16160496000";"2183700";"3297";"116289.7"
"16161840000";"2183700";"3297";"116298.1"
"16162924000";"2183700";"3297";"116306.0"
"16164004000";"2183700";"3297";"116314.0"
"16165084000";"2183700";"3297";"116321.9"
"16166163000";"2183700";"3297";"116330.3"
"16167506000";"2126900";"3297";"116338.2"
"16168587000";"2126900";"3297";"116346.5"
"16169666000";"2126900";"3297";"116354.5"
"16170746000";"2126900";"3297";"116362.4"
"16171826000";"2126900";"3297";"116370.4"
"16173175000";"2126900";"3297";"116378.7"
"16174254000";"2126900";"3297";"116386.7"
"16175334000";"2183900";"3297";"116394.6"
"16176414000";"2183900";"3297";"116402.6"
"16177494000";"2183900";"3297";"116410.9"
"16178837000";"2183900";"3297";"116419.2"
"16179917000";"2183900";"3297";"116427.2"
"16180997000";"2183900";"3297";"116435.1"
"16182077000";"2183900";"3297";"116443.1"
"16183168000";"2196900";"3297";"116451.4"
"16184512000";"2196900";"3297";"116459.7"
"16185591000";"2196900";"3297";"116467.7"
"16186670000";"2196900";"3297";"116475.6"
"16187749000";"2196900";"3297";"116483.6"
"16188829000";"2196900";"3297";"116491.5"
"16190172000";"2196900";"3297";"116499.9"
"16191251000";"2114400";"3297";"116507.8"
"16192331000";"2114400";"3297";"116515.8"
"16193417000";"2114400";"3297";"116524.1"
"16194497000";"2114400";"3297";"116532.0"
"16195840000";"2114400";"3297";"116540.4"
"16196919000";"2114400";"3297";"116548.3"
"16197998000";"2114400";"3297";"116556.3"
"16199079000";"2184100";"3297";"116564.2"
"16200160000";"2184100";"3297";"116572.6"
"16201501000";"2184100";"3297";"116580.9"
"16202581000";"2184100";"3297";"116588.8"
"16203665000";"2184100";"3297";"116596.8"
"16204746000";"2184100";"3297";"116604.7"
"16205826000";"2184100";"3297";"116613.1"
"16207169000";"2126700";"3297";"116621.0"
"16208249000";"2126700";"3297";"116629.3"
"16209329000";"2126700";"3297";"116637.3"
"16210410000";"2126700";"3297";"116645.2"
"16211489000";"2126700";"3297";"116653.2"
"16212831000";"2126700";"3297";"116661.5"
"16213916000";"2126700";"3297";"116669.5"
"16214995000";"2184400";"3297";"116677.4"
"16216075000";"2184400";"3297";"116685.4"
"16217155000";"2184400";"3297";"116693.7"
"16218498000";"2184400";"3297";"116702.0"
"16219578000";"2184400";"3297";"116710.0"
"16220657000";"2184400";"3297";"116717.9"
"16221737000";"2184400";"3297";"116725.9"
"16222817000";"2200300";"3297";"116734.2"
"16224170000";"2200300";"3297";"116742.5"
"16225251000";"2200300";"3297";"116750.5"
"16226330000";"2200300";"3297";"116758.4"
"16227411000";"2200300";"3297";"116766.4"
"16228490000";"2200300";"3297";"116774.3"
"16229834000";"2200300";"3297";"116782.7"
"16230914000";"2110900";"3297";"116790.6"
"16231994000";"2110900";"3297";"116798.6"
"16233080000";"2110900";"3297";"116806.9"
"16234160000";"2110900";"3297";"116814.8"
"16235502000";"2110900";"3297";"116823.2"
"16236583000";"2110900";"3297";"116831.1"
"16237662000";"2110900";"3297";"116839.1"
"16238741000";"2184100";"3296";"116847.0"
"16239821000";"2184100";"3296";"116855.4"
"16241164000";"2184100";"3296";"116863.7"
"16242245000";"2184100";"3296";"116871.6"
"16243329000";"2184100";"3296";"116879.6"
"16244410000";"2184100";"3297";"116887.5"
"16245490000";"2184100";"3297";"116895.9"
"16246833000";"2183600";"3297";"116905.3"
"16247913000";"2183600";"3297";"116913.3"
"16248993000";"2183600";"3297";"116921.2"
"16250074000";"2183600";"3297";"116929.6"
"16251155000";"2183600";"3297";"116937.5"
"16252497000";"2183600";"3297";"116945.8"
"16253583000";"2183600";"3297";"116953.8"
"16254663000";"2183200";"3297";"116961.7"
"16255743000";"2183200";"3297";"116969.7"
"16256823000";"2183200";"3297";"116977.7"
"16258166000";"2183200";"3297";"116986.0"
"16259247000";"2183200";"3297";"116994.3"
"16260327000";"2183200";"3297";"117002.3"
"16261406000";"2183200";"3297";"117010.2"
"16262485000";"2185500";"3297";"117018.2"
"16263834000";"2185500";"3297";"117026.5"
"16264914000";"2185500";"3297";"117034.8"
"16265994000";"2185500";"3297";"117042.8"
"16267078000";"2185500";"3297";"117050.7"
"16268158000";"2185500";"3297";"117058.7"
"16269500000";"2185500";"3297";"117067.0"
"16270580000";"2125700";"3297";"117074.9"
"16271661000";"2125700";"3297";"117082.9"
"16272741000";"2125700";"3297";"117090.8"
"16273827000";"2125700";"3297";"117099.2"
"16275170000";"2125700";"3297";"117107.5"
"16276250000";"2125700";"3297";"117115.5"
"16277330000";"2125700";"3297";"117123.4"
"16278410000";"2183400";"3297";"117131.4"
"16279489000";"2183400";"3297";"117139.3"
"16280832000";"2183400";"3297";"117148.0"
"16281911000";"2183400";"3297";"117156.0"
"16282997000";"2183400";"3297";"117163.9"
"16284077000";"2183400";"3297";"117172.3"
"16285157000";"2183400";"3297";"117180.2"
"16286501000";"2198100";"3297";"117190.0"
"16287581000";"2198100";"3298";"117198.0"
"16288661000";"2198100";"3298";"117206.0"
"16289742000";"2198100";"3298";"117213.9"
"16290821000";"2198100";"3298";"117221.9"
"16292164000";"2198100";"3298";"117231.7"
"16293249000";"2227400";"3298";"117239.7"
"16294329000";"2227400";"3298";"117247.6"
"16295409000";"2227400";"3298";"117255.6"
"16296489000";"2227400";"3298";"117263.5"
"16297832000";"2227400";"3297";"117271.8"
"16298912000";"2227400";"3297";"117280.2"
"16299992000";"2227400";"3297";"117288.1"
"16301072000";"2185300";"3297";"117296.1"
"16302152000";"2185300";"3297";"117304.4"
"16303500000";"2185300";"3297";"117312.7"
"16304580000";"2185300";"3297";"117320.7"
"16305660000";"2185300";"3297";"117328.6"
"16306739000";"2185300";"3297";"117336.6"
"16307820000";"2185300";"3297";"117344.5"
"16309168000";"2125500";"3297";"117352.9"
"16310248000";"2125500";"3297";"117360.8"
"16311329000";"2125500";"3297";"117368.8"
"16312409000";"2125500";"3297";"117376.7"
"16313494000";"2125500";"3297";"117385.0"
"16314836000";"2125500";"3297";"117393.0"
"16315917000";"2125500";"3297";"117401.3"
"16316996000";"2183700";"3297";"117409.3"
"16318075000";"2183700";"3297";"117417.2"
"16319155000";"2183700";"3297";"117425.2"
"16320498000";"2183700";"3297";"117433.5"
"16321578000";"2183700";"3297";"117441.8"
"16322657000";"2183700";"3297";"117449.8"
"16323743000";"2183700";"3297";"117457.7"
"16324823000";"2184300";"3297";"117465.7"
"16326165000";"2184300";"3297";"117474.0"
"16327244000";"2184300";"3297";"117482.0"
"16328323000";"2184300";"3297";"117489.9"
"16329403000";"2184300";"3297";"117497.9"
"16330483000";"2184300";"3297";"117505.8"
"16331826000";"2184300";"3296";"117514.1"
"16332912000";"2112800";"3296";"117522.1"
"16333992000";"2112800";"3296";"117530.4"
"16335072000";"2112800";"3296";"117538.4"
"16336151000";"2112800";"3296";"117546.3"
"16337493000";"2112800";"3296";"117554.6"
"16338573000";"2112800";"3296";"117562.6"
"16339653000";"2112800";"3296";"117570.5"
"16340733000";"2200700";"3296";"117578.9"
"16341813000";"2200700";"3296";"117586.8"
"16343162000";"2200700";"3296";"117595.1"
"16344242000";"2200700";"3296";"117603.1"
"16345322000";"2200700";"3296";"117611.1"
"16346402000";"2200700";"3296";"117619.4"
"16347481000";"2200700";"3296";"117627.3"
"16348824000";"2126700";"3296";"117635.7"
"16349969000";"2126700";"3296";"117643.6"
"16351050000";"2126700";"3296";"117651.6"
"16352129000";"2126700";"3296";"117659.5"
"16353215000";"2126700";"3296";"117667.5"
"16354558000";"2126700";"3296";"117675.8"
"16355639000";"2126700";"3296";"117683.7"
"16356720000";"2150400";"3296";"117691.7"
"16357799000";"2150400";"3296";"117700.0"
"16358878000";"2150400";"3296";"117708.0"
"16360221000";"2150400";"3296";"117716.3"
"16361301000";"2150400";"3296";"117724.2"
"16362381000";"2150400";"3296";"117732.2"
"16363466000";"2150400";"3296";"117740.5"
"16364545000";"2199200";"3296";"117748.5"
"16365889000";"2199200";"3297";"117756.8"
"16366968000";"2199200";"3297";"117764.8"
"16368047000";"2199200";"3297";"117772.7"
"16369127000";"2199200";"3297";"117780.7"
"16370207000";"2199200";"3297";"117788.6"
"16371550000";"2199200";"3297";"117796.9"
"16372629000";"2114300";"3297";"117804.9"
"16373715000";"2114300";"3297";"117812.8"
"16374795000";"2114300";"3297";"117820.8"
"16375875000";"2114300";"3297";"117828.7"
"16377219000";"2114300";"3297";"117837.1"
"16378298000";"2114300";"3297";"117845.0"
"16379378000";"2114300";"3297";"117853.3"
"16380458000";"2183700";"3297";"117861.3"
"16381537000";"2183700";"3297";"117869.3"
"16382887000";"2183700";"3297";"117877.6"
"16383967000";"2183700";"3297";"117885.9"
"16385047000";"2183700";"3297";"117893.9"
"16386126000";"2183700";"3297";"117901.8"
"16387206000";"2183700";"3297";"117909.8"
"16388549000";"2126700";"3297";"117918.1"
"16389629000";"2126700";"3297";"117926.0"
"16390709000";"2126700";"3297";"117934.0"
"16391790000";"2126700";"3297";"117941.9"
"16392880000";"2126700";"3297";"117949.9"
"16394223000";"2126700";"3297";"117958.2"
"16395303000";"2126700";"3297";"117966.2"
"16396383000";"2182100";"3297";"117974.5"
"16397463000";"2182100";"3297";"117982.4"
"16398542000";"2182100";"3297";"117990.4"
"16399885000";"2182100";"3297";"117998.7"
"16400965000";"2182100";"3297";"118006.7"
"16402046000";"2182100";"3297";"118014.6"
"16403131000";"2182100";"3297";"118023.0"
"16404211000";"2183900";"3297";"118030.9"
"16405553000";"2183900";"3297";"118039.2"
"16406633000";"2183900";"3297";"118047.2"
"16407713000";"2183900";"3297";"118055.1"
"16408793000";"2183900";"3297";"118063.1"
"16409873000";"2183900";"3297";"118071.0"
"16411216000";"2183900";"3297";"118079.4"
"16412296000";"2113900";"3297";"118087.3"
"16413381000";"2113900";"3297";"118095.6"
"16414461000";"2113900";"3297";"118103.6"
"16415541000";"2113900";"3297";"118111.6"
"16416884000";"2113900";"3297";"118119.9"
"16417964000";"2113900";"3297";"118127.8"
"16419043000";"2113900";"3297";"118135.8"
"16420124000";"2198500";"3297";"118144.1"
"16421204000";"2198500";"3297";"118152.1"
"16422547000";"2198500";"3297";"118161.9"
"16423632000";"2198500";"3297";"118169.9"
"16424711000";"2198500";"3297";"118177.8"
"16425792000";"2198500";"3297";"118185.8"
"16426871000";"2228000";"3296";"118193.7"
"16428213000";"2228000";"3296";"118203.6"
"16429293000";"2228000";"3296";"118211.5"
"16430373000";"2228000";"3296";"118219.5"
"16431454000";"2228000";"3296";"118227.4"
"16432533000";"2228000";"3296";"118235.4"
"16433886000";"2158700";"3296";"118243.7"
"16434966000";"2158700";"3296";"118251.6"
"16436046000";"2158700";"3296";"118259.6"
"16437125000";"2158700";"3296";"118267.9"
"16438206000";"2158700";"3296";"118275.9"
"16439548000";"2158700";"3296";"118285.7"
"16440628000";"2246800";"3296";"118293.7"
"16441708000";"2246800";"3296";"118301.6"
"16442788000";"2246800";"3296";"118309.6"
"16443873000";"2246800";"3296";"118317.9"
"16445216000";"2246800";"3296";"118326.2"
"16446296000";"2246800";"3296";"118334.2"
"16447376000";"2246800";"3296";"118342.1"
"16448457000";"2183700";"3296";"118350.1"
"16449537000";"2183700";"3296";"118358.0"
"16450880000";"2183700";"3296";"118367.9"
"16451959000";"2183700";"3296";"118375.8"
"16453045000";"2183700";"3296";"118383.8"
"16454126000";"2183700";"3296";"118391.7"
"16455207000";"2226900";"3296";"118399.7"
"16456549000";"2226900";"3296";"118408.0"
"16457629000";"2226900";"3295";"118416.0"
"16458709000";"2226900";"3296";"118424.3"
"16459788000";"2226900";"3296";"118432.3"
"16460869000";"2226900";"3296";"118440.2"
"16462211000";"2226900";"3295";"118448.5"
"16463297000";"2126900";"3296";"118456.5"
"16464377000";"2126900";"3296";"118464.8"
"16465457000";"2126900";"3296";"118472.8"
"16466537000";"2126900";"3296";"118480.7"
"16467880000";"2126900";"3296";"118489.0"
"16468960000";"2126900";"3296";"118497.0"
"16470040000";"2126900";"3296";"118504.9"
"16471120000";"2185300";"3296";"118512.9"
"16472199000";"2185300";"3296";"118520.8"
"16473547000";"2185300";"3296";"118530.7"
"16474627000";"2185300";"3296";"118538.6"
"16475707000";"2185300";"3296";"118546.6"
"16476792000";"2185300";"3296";"118554.5"
"16477871000";"2226500";"3296";"118562.5"
"16479214000";"2226500";"3296";"118570.8"
"16480295000";"2226500";"3296";"118579.2"
"16481375000";"2226500";"3296";"118587.1"
"16482455000";"2226500";"3296";"118595.1"
"16483541000";"2226500";"3296";"118603.4"
"16484883000";"2226500";"3296";"118611.3"
"16485963000";"2140600";"3297";"118619.7"
"16487043000";"2140600";"3297";"118627.6"
"16488123000";"2140600";"3297";"118635.6"
"16489202000";"2140600";"3297";"118643.5"
"16490545000";"2140600";"3297";"118653.4"
"16491626000";"2140600";"3297";"118661.3"
"16492706000";"2229300";"3297";"118669.3"
"16493792000";"2229300";"3297";"118677.2"
"16494871000";"2229300";"3297";"118685.2"
"16496214000";"2229300";"3297";"118693.5"
"16497293000";"2229300";"3297";"118701.4"
"16498373000";"2229300";"3297";"118709.4"
"16499453000";"2229300";"3297";"118717.7"
"16500533000";"2184100";"3297";"118725.7"
"16501877000";"2184100";"3297";"118734.0"
"16502961000";"2184100";"3297";"118742.0"
"16504042000";"2184100";"3297";"118750.3"
"16505122000";"2184100";"3297";"118758.2"
"16506201000";"2184100";"3297";"118766.2"
"16507543000";"2160300";"3297";"118775.7"
"16508624000";"2160300";"3297";"118784.0"
"16509704000";"2160300";"3297";"118791.9"
"16510784000";"2160300";"3297";"118799.9"
"16511865000";"2160300";"3297";"118807.8"
"16513214000";"2160300";"3297";"118816.2"
"16514293000";"2160300";"3297";"118824.1"
"16515374000";"2183200";"3297";"118832.1"
"16516454000";"2183200";"3297";"118840.0"
"16517534000";"2183200";"3297";"118848.4"
"16518882000";"2183200";"3297";"118857.8"
"16519962000";"2183200";"3297";"118866.2"
"16521041000";"2183200";"3297";"118874.1"
"16522120000";"2245300";"3297";"118882.1"
"16523206000";"2245300";"3297";"118890.0"
"16524549000";"2245300";"3297";"118898.3"
"16525629000";"2245300";"3297";"118906.3"
"16526709000";"2245300";"3297";"118914.6"
"16527790000";"2245300";"3297";"118922.6"
"16528869000";"2245300";"3297";"118930.5"
"16530211000";"2126500";"3297";"118938.8"
"16531291000";"2126500";"3297";"118946.8"
"16532371000";"2126500";"3297";"118954.7"
"16533456000";"2126500";"3297";"118962.7"
"16534536000";"2126500";"3297";"118970.7"
"16535879000";"2126500";"3297";"118979.0"
"16536959000";"2126500";"3297";"118986.9"
"16538039000";"2169100";"3297";"118994.9"
"16539119000";"2169100";"3297";"119003.2"
"16540199000";"2169100";"3297";"119011.2"
"16541542000";"2169100";"3297";"119019.5"
"16542622000";"2169100";"3297";"119027.4"
"16543708000";"2169100";"3297";"119035.8"
"16544787000";"2169100";"3297";"119043.7"
"16545866000";"2198800";"3297";"119051.7"
"16547209000";"2198800";"3297";"119060.0"
"16548288000";"2198800";"3297";"119067.9"
"16549368000";"2198800";"3297";"119075.9"
"16550449000";"2198800";"3297";"119083.8"
"16551529000";"2198800";"3297";"119091.8"
"16552877000";"2198800";"3297";"119100.1"
"16553958000";"2112200";"3296";"119108.1"
"16555038000";"2112200";"3297";"119116.0"
"16556119000";"2112200";"3297";"119124.4"
"16557199000";"2112200";"3297";"119132.3"
"16558542000";"2112200";"3297";"119140.6"
"16559686000";"2112200";"3297";"119148.6"
"16560766000";"2112200";"3297";"119156.5"
"16561847000";"2181600";"3297";"119164.9"
"16562933000";"2181600";"3297";"119172.8"
"16564275000";"2181600";"3297";"119181.1"
"16565354000";"2181600";"3296";"119189.1"
"16566433000";"2181600";"3296";"119197.0"
"16567513000";"2181600";"3296";"119205.0"
"16568593000";"2181600";"3296";"119212.9"
"16569937000";"2112600";"3296";"119221.3"
"16571017000";"2112600";"3296";"119229.2"
"16572096000";"2112600";"3296";"119237.2"
"16573182000";"2112600";"3296";"119245.1"
"16574261000";"2112600";"3296";"119253.5"
"16575604000";"2112600";"3296";"119261.4"
"16576684000";"2112600";"3296";"119269.7"
"16577765000";"2183900";"3296";"119277.7"
"16578845000";"2183900";"3296";"119285.6"
"16579925000";"2183900";"3296";"119293.6"
"16581268000";"2183900";"3296";"119301.9"
"16582348000";"2183900";"3296";"119310.2"
"16583434000";"2183900";"3296";"119318.2"
"16584513000";"2183900";"3296";"119326.1"
"16585593000";"2183700";"3296";"119334.1"
"16586936000";"2183700";"3296";"119342.4"
"16588016000";"2183700";"3296";"119350.7"
"16589095000";"2183700";"3296";"119358.7"
"16590174000";"2183700";"3296";"119366.7"
"16591255000";"2183700";"3296";"119374.6"
"16592531000";"2183700";"3296";"119382.5"
"16593682000";"2127200";"3296";"119390.9"
"16594762000";"2127200";"3296";"119398.8"
"16595843000";"2127200";"3296";"119406.8"
"16596922000";"2127200";"3296";"119414.7"
"16598266000";"2127200";"3296";"119423.1"
"16599346000";"2127200";"3296";"119431.4"
"16600426000";"2127200";"3296";"119439.3"
"16601505000";"2185300";"3296";"119447.3"
"16602590000";"2185300";"3296";"119455.2"
"16603940000";"2185300";"3296";"119463.6"
"16605020000";"2185300";"3296";"119471.9"
"16606100000";"2185300";"3297";"119479.8"
"16607180000";"2185300";"3297";"119487.8"
"16608259000";"2185300";"3297";"119495.8"
"16609601000";"2182200";"3297";"119505.6"
"16610681000";"2182200";"3297";"119513.6"
"16611760000";"2182200";"3297";"119521.5"
"16612841000";"2182200";"3297";"119529.5"
"16613927000";"2182200";"3297";"119537.4"
"16615269000";"2182200";"3297";"119545.7"
"16616349000";"2182200";"3297";"119553.7"
"16617429000";"2169300";"3297";"119561.6"
"16618509000";"2169300";"3297";"119570.0"
"16619589000";"2169300";"3297";"119577.9"
"16620932000";"2169300";"3297";"119586.2"
"16622012000";"2169300";"3297";"119594.2"
"16623097000";"2169300";"3297";"119602.5"
"16624177000";"2169300";"3297";"119610.5"
"16625257000";"2198700";"3297";"119618.4"
"16626599000";"2198700";"3297";"119626.7"
"16627680000";"2198700";"3297";"119634.7"
"16628759000";"2198700";"3297";"119642.7"
"16629840000";"2198700";"3297";"119651.0"
"16630920000";"2198700";"3297";"119658.9"
"16632263000";"2198700";"3297";"119667.3"
"16633348000";"2126500";"3297";"119675.2"
"16634428000";"2126500";"3297";"119683.2"
"16635509000";"2126500";"3297";"119691.1"
"16636588000";"2126500";"3297";"119699.1"
"16637932000";"2126500";"3297";"119707.4"
"16639011000";"2126500";"3297";"119715.3"
"16640090000";"2126500";"3297";"119723.3"
"16641170000";"2185500";"3297";"119731.6"
"16642250000";"2185500";"3297";"119739.6"
"16643603000";"2185500";"3297";"119747.9"
"16644684000";"2185500";"3297";"119755.8"
"16645763000";"2185500";"3297";"119763.8"
"16646844000";"2185500";"3297";"119771.8"
"16647923000";"2185500";"3297";"119780.1"
"16649265000";"2111200";"3297";"119788.0"
"16650346000";"2111200";"3297";"119796.4"
"16651425000";"2111200";"3297";"119804.3"
"16652506000";"2111200";"3297";"119812.3"
"16653591000";"2111200";"3297";"119820.2"
"16654933000";"2111200";"3297";"119828.5"
"16656012000";"2111200";"3297";"119836.5"
"16657092000";"2184300";"3297";"119844.4"
"16658172000";"2184300";"3297";"119852.4"
"16659251000";"2184300";"3297";"119860.7"
"16660595000";"2184300";"3297";"119869.0"
"16661675000";"2184300";"3297";"119877.0"
"16662755000";"2184300";"3296";"119885.0"
"16663840000";"2184300";"3297";"119893.3"
"16664920000";"2198700";"3297";"119901.2"
"16666263000";"2198700";"3297";"119909.6"
"16667343000";"2198700";"3297";"119917.5"
"16668423000";"2198700";"3296";"119925.5"
"16669502000";"2198700";"3296";"119933.4"
"16670583000";"2198700";"3296";"119941.4"
"16671926000";"2161500";"3296";"119951.2"
"16673011000";"2161500";"3296";"119959.2"
"16674091000";"2161500";"3296";"119967.1"
"16675171000";"2161500";"3296";"119975.1"
"16676252000";"2161500";"3296";"119983.0"
"16677595000";"2161500";"3296";"119991.3"
"16678675000";"2161500";"3296";"119999.7"
"16679756000";"2183400";"3296";"120007.6"
"16680835000";"2183400";"3296";"120015.6"
"16681914000";"2183400";"3297";"120023.5"
"16683264000";"2183400";"3297";"120031.8"
"16684344000";"2183400";"3297";"120040.2"
"16685424000";"2183400";"3297";"120048.1"
"16686508000";"2183400";"3297";"120056.1"
"16687588000";"2182600";"3296";"120064.0"
"16688931000";"2182600";"3296";"120072.4"
"16690011000";"2182600";"3296";"120080.3"
"16691091000";"2182600";"3296";"120088.3"
"16692172000";"2182600";"3296";"120096.6"
"16693258000";"2182600";"3296";"120104.5"
"16694600000";"2159700";"3296";"120114.0"
"16695680000";"2159700";"3296";"120122.0"
"16696761000";"2159700";"3296";"120130.3"
"16697841000";"2159700";"3296";"120138.3"
"16698920000";"2159700";"3296";"120146.2"
"16700262000";"2159700";"3296";"120156.0"
"16701342000";"2246600";"3296";"120164.0"
"16702423000";"2246600";"3296";"120172.0"
"16703509000";"2246600";"3296";"120179.9"
"16704589000";"2246600";"3296";"120188.2"
"16705932000";"2246600";"3296";"120196.6"
"16707012000";"2246600";"3296";"120204.5"
"16708091000";"2246600";"3296";"120212.5"
"16709171000";"2183500";"3296";"120220.4"
"16710251000";"2183500";"3296";"120228.4"
"16711594000";"2183500";"3296";"120236.7"
"16712673000";"2183500";"3296";"120244.6"
"16713759000";"2183500";"3296";"120252.6"
"16714839000";"2183500";"3296";"120260.5"
"16715919000";"2183500";"3296";"120268.9"
"16717262000";"2112600";"3296";"120276.8"
"16718341000";"2112600";"3297";"120285.2"
"16719421000";"2112600";"3297";"120293.1"
"16720501000";"2112600";"3297";"120301.1"
"16721581000";"2112600";"3297";"120309.0"
"16722929000";"2112600";"3297";"120317.7"
"16724010000";"2112600";"3297";"120325.7"
"16725089000";"2198700";"3297";"120333.6"
"16726169000";"2198700";"3297";"120341.6"
"16727249000";"2198700";"3297";"120349.5"
"16728598000";"2198700";"3297";"120357.8"
"16729678000";"2198700";"3296";"120365.8"
"16730757000";"2198700";"3297";"120373.7"
"16731838000";"2198700";"3297";"120382.1"
"16732922000";"2182500";"3297";"120390.0"
"16734265000";"2182500";"3297";"120398.3"
"16735345000";"2182500";"3297";"120406.3"
"16736426000";"2182500";"3297";"120414.3"
"16737505000";"2182500";"3297";"120422.2"
"16738585000";"2182500";"3297";"120430.2"
"16739929000";"2182500";"3297";"120438.5"
"16741008000";"2128100";"3297";"120446.8"
"16742089000";"2128100";"3297";"120454.8"
"16743174000";"2128100";"3297";"120462.7"
"16744254000";"2128100";"3297";"120471.0"
"16745597000";"2128100";"3297";"120479.4"
"16746677000";"2128100";"3297";"120487.3"
"16747757000";"2128100";"3297";"120495.3"
"16748837000";"2183500";"3297";"120503.2"
"16749917000";"2183500";"3297";"120511.2"
"16751260000";"2183500";"3297";"120519.5"
"16752339000";"2183500";"3297";"120527.4"
"16753424000";"2183500";"3297";"120535.4"
"16754503000";"2183500";"3297";"120543.7"
"16755584000";"2183500";"3297";"120551.7"
"16756926000";"2170000";"3297";"120561.2"
"16758007000";"2170000";"3297";"120569.5"
"16759088000";"2170000";"3297";"120577.4"
"16760168000";"2170000";"3297";"120585.4"
"16761248000";"2170000";"3297";"120593.3"
"16762591000";"2170000";"3297";"120601.7"
"16763676000";"2170000";"3297";"120610.0"
"16764756000";"2198100";"3297";"120617.9"
"16765836000";"2198100";"3297";"120625.9"
"16766916000";"2198100";"3297";"120634.2"
"16768258000";"2198100";"3297";"120643.7"
"16769400000";"2198100";"3297";"120652.0"
"16770480000";"2198100";"3297";"120660.0"
"16771560000";"2226200";"3297";"120667.9"
"16772640000";"2226200";"3297";"120675.9"
"16773987000";"2226200";"3297";"120685.7"
"16775067000";"2226200";"3297";"120693.7"
"16776146000";"2226200";"3297";"120701.6"
"16777226000";"2226200";"3297";"120709.6"
"16778306000";"2228200";"3297";"120717.5"
"16779649000";"2228200";"3297";"120725.9"
"16780729000";"2228200";"3297";"120734.2"
"16781808000";"2228200";"3297";"120742.1"
"16782893000";"2228200";"3297";"120750.1"
"16783974000";"2228200";"3297";"120758.4"
"16785316000";"2228200";"3297";"120766.7"
"16786396000";"2141100";"3297";"120774.7"
"16787475000";"2141100";"3297";"120782.7"
"16788556000";"2141100";"3297";"120790.6"
"16789635000";"2141100";"3297";"120798.6"
"16790978000";"2141100";"3296";"120806.9"
"16792058000";"2141100";"3296";"120814.8"
"16793144000";"2141100";"3296";"120823.2"
"16794223000";"2184300";"3296";"120831.1"
"16795303000";"2184300";"3297";"120839.1"
"16796647000";"2184300";"3297";"120848.9"
"16797726000";"2184300";"3297";"120856.9"
"16798806000";"2184300";"3297";"120864.8"
"16799886000";"2184300";"3297";"120872.8"
"16800965000";"2229500";"3297";"120880.7"
"16802308000";"2229500";"3297";"120889.4"
"16803393000";"2229500";"3296";"120897.4"
"16804472000";"2229500";"3296";"120905.3"
"16805552000";"2229500";"3296";"120913.3"
"16806632000";"2229500";"3296";"120921.6"
"16807975000";"2229500";"3296";"120929.9"
"16809056000";"2141100";"3296";"120937.9"
"16810136000";"2141100";"3297";"120945.8"
"16811216000";"2141100";"3297";"120953.8"
"16812299000";"2141100";"3296";"120961.7"
"16813648000";"2141100";"3296";"120970.1"
"16814727000";"2141100";"3296";"120978.0"
"16815807000";"2141100";"3296";"120986.3"
"16816887000";"2183000";"3296";"120994.3"
"16817967000";"2183000";"3296";"121002.3"
"16819310000";"2183000";"3296";"121010.6"
"16820390000";"2183000";"3296";"121018.5"
"16821470000";"2183000";"3297";"121026.9"
"16822550000";"2183000";"3297";"121034.8"
"16823636000";"2183000";"3297";"121042.8"
"16824979000";"2126400";"3297";"121051.1"
"16826058000";"2126400";"3297";"121059.4"
"16827138000";"2126400";"3297";"121067.4"
"16828218000";"2126400";"3296";"121075.3"
"16829297000";"2126400";"3296";"121083.3"
"16830641000";"2126400";"3296";"121091.6"
"16831721000";"2126400";"3296";"121099.5"
"16832802000";"2185200";"3296";"121107.5"
"16833888000";"2185200";"3296";"121115.8"
"16834967000";"2185200";"3296";"121123.8"
"16836309000";"2185200";"3296";"121133.2"
"16837389000";"2185200";"3296";"121141.2"
"16838469000";"2185200";"3297";"121149.5"
"16839549000";"2245100";"3297";"121157.5"
"16840629000";"2245100";"3297";"121165.4"
"16841972000";"2245100";"3296";"121173.8"
"16843057000";"2245100";"3296";"121182.1"
"16844138000";"2245100";"3296";"121190.0"
"16845217000";"2245100";"3296";"121198.0"
"16846297000";"2245100";"3297";"121205.9"
"16847639000";"2126900";"3297";"121214.3"
"16848720000";"2126900";"3297";"121222.6"
"16849801000";"2126900";"3297";"121230.6"
"16850881000";"2126900";"3297";"121238.5"
"16851961000";"2126900";"3297";"121246.5"
"16853314000";"2126900";"3297";"121256.3"
"16854394000";"2242600";"3297";"121264.3"
"16855473000";"2242600";"3297";"121272.2"
"16856553000";"2242600";"3297";"121280.2"
"16857633000";"2242600";"3297";"121288.5"
"16858975000";"2242600";"3297";"121296.8"
"16860055000";"2242600";"3297";"121304.8"
"16861136000";"2242600";"3297";"121312.7"
"16862215000";"2185700";"3297";"121320.7"
"16863301000";"2185700";"3297";"121329.0"
"16864644000";"2185700";"3297";"121337.3"
"16865723000";"2185700";"3297";"121345.3"
"16866803000";"2185700";"3297";"121353.2"
"16867882000";"2185700";"3297";"121361.2"
"16868963000";"2185700";"3297";"121369.5"
"16870305000";"2141300";"3297";"121377.8"
"16871385000";"2141300";"3297";"121385.8"
"16872465000";"2141300";"3297";"121393.7"
"16873551000";"2141300";"3297";"121401.7"
"16874631000";"2141300";"3297";"121409.6"
"16875974000";"2141300";"3297";"121418.0"
"16877054000";"2141300";"3297";"121425.9"
"16878134000";"2183500";"3297";"121434.2"
"16879214000";"2183500";"3297";"121442.2"
"16880293000";"2183500";"3297";"121450.1"
"16881635000";"2183500";"3297";"121458.5"
"16882714000";"2183500";"3297";"121466.4"
"16883800000";"2183500";"3297";"121474.8"
"16884880000";"2183500";"3297";"121482.7"
"16885961000";"2184300";"3297";"121490.7"
"16887304000";"2184300";"3297";"121499.0"
"16888384000";"2184300";"3297";"121506.9"
"16889465000";"2184300";"3297";"121515.3"
"16890545000";"2184300";"3297";"121523.2"
"16891625000";"2184300";"3297";"121531.2"
"16892973000";"2184300";"3297";"121539.5"
"16894054000";"2126000";"3297";"121547.4"
"16895134000";"2126000";"3297";"121555.8"
"16896218000";"2126000";"3297";"121563.7"
"16897298000";"2126000";"3297";"121571.7"
"16898641000";"2126000";"3297";"121580.0"
"16899720000";"2126000";"3297";"121588.0"
"16900800000";"2126000";"3297";"121596.3"
"16901879000";"2199400";"3297";"121604.2"
"16902965000";"2199400";"3297";"121612.2"
"16904308000";"2199400";"3297";"121620.9"
"16905388000";"2199400";"3297";"121628.8"
"16906469000";"2199400";"3297";"121636.8"
"16907548000";"2199400";"3297";"121644.7"
"16908629000";"2199400";"3297";"121652.7"
"16909972000";"2126200";"3297";"121661.0"
"16911052000";"2126200";"3297";"121669.0"
"16912133000";"2126200";"3297";"121677.3"
"16913219000";"2126200";"3297";"121685.3"
"16914299000";"2126200";"3297";"121693.2"
"16915641000";"2126200";"3297";"121701.5"
"16916721000";"2126200";"3297";"121709.5"
"16917802000";"2183400";"3297";"121717.4"
"16918881000";"2183400";"3297";"121725.8"
"16919961000";"2183400";"3297";"121733.7"
"16921304000";"2183400";"3297";"121742.0"
"16922383000";"2183400";"3297";"121750.0"
"16923468000";"2183400";"3297";"121758.3"
"16924549000";"2183400";"3297";"121766.3"
"16925628000";"2199200";"3297";"121774.2"
"16926970000";"2199200";"3297";"121784.1"
"16928051000";"2199200";"3297";"121792.0"
"16929130000";"2199200";"3297";"121800.0"
"16930209000";"2199200";"3297";"121807.9"
"16931289000";"2199200";"3297";"121815.9"
"16932633000";"2227700";"3297";"121825.7"
"16933718000";"2227700";"3297";"121833.7"
"16934798000";"2227700";"3297";"121841.6"
"16935878000";"2227700";"3297";"121850.0"
"16936958000";"2227700";"3297";"121857.9"
"16938305000";"2227700";"3297";"121867.8"
"16939386000";"2243200";"3297";"121875.7"
"16940466000";"2243200";"3297";"121883.7"
"16941546000";"2243200";"3297";"121891.6"
"16942626000";"2243200";"3297";"121900.0"
"16943975000";"2243200";"3297";"121908.3"
"16945056000";"2243200";"3297";"121916.2"
"16946135000";"2243200";"3297";"121924.2"
"16947214000";"2198500";"3297";"121932.5"
"16948295000";"2198500";"3297";"121940.5"
"16949637000";"2198500";"3297";"121948.8"
"16950718000";"2198500";"3297";"121956.7"
"16951797000";"2198500";"3297";"121964.7"
"16952882000";"2198500";"3297";"121972.6"
"16953962000";"2198500";"3297";"121980.6"
"16955305000";"2112400";"3297";"121988.9"
"16956385000";"2112400";"3297";"121996.9"
"16957466000";"2112400";"3297";"122005.2"
"16958546000";"2112400";"3297";"122013.2"
"16959626000";"2112400";"3297";"122021.1"
"16960969000";"2112400";"3296";"122029.4"
"16962049000";"2112400";"3296";"122037.4"
"16963134000";"2198300";"3297";"122045.7"
"16964215000";"2198300";"3297";"122053.7"
"16965294000";"2198300";"3297";"122061.6"
"16966638000";"2198300";"3297";"122069.9"
"16967718000";"2198300";"3296";"122078.3"
"16968798000";"2198300";"3296";"122086.2"
"16969878000";"2198300";"3296";"122094.2"
"16970957000";"2185300";"3296";"122102.1"
"16972299000";"2185300";"3296";"122110.4"
"16973384000";"2185300";"3296";"122118.4"
"16974464000";"2185300";"3296";"122126.3"
"16975545000";"2185300";"3296";"122134.7"
"16976624000";"2185300";"3296";"122142.6"
"16977966000";"2185300";"3296";"122151.0"
"16979046000";"2127200";"3297";"122158.9"
"16980130000";"2127200";"3296";"122166.9"
"16981210000";"2127200";"3296";"122174.8"
"16982291000";"2127200";"3296";"122183.1"
"16983638000";"2127200";"3296";"122193.0"
"16984718000";"2127200";"3296";"122200.9"
"16985798000";"2243400";"3296";"122208.9"
"16986877000";"2243400";"3296";"122216.8"
"16987957000";"2243400";"3296";"122225.2"
"16989299000";"2243400";"3296";"122234.6"
"16990380000";"2243400";"3296";"122242.6"
"16991460000";"2243400";"3296";"122250.9"
"16992540000";"2246600";"3296";"122258.9"
"16993626000";"2246600";"3296";"122266.8"
"16994969000";"2246600";"3296";"122275.2"
"16996049000";"2246600";"3296";"122283.1"
"16997129000";"2246600";"3296";"122291.1"
"16998208000";"2246600";"3296";"122299.0"
"16999289000";"2246600";"3296";"122307.3"
"17000632000";"2169400";"3296";"122316.8"
"17001712000";"2169400";"3296";"122325.1"
"17002793000";"2169400";"3296";"122333.1"
"17003877000";"2169400";"3296";"122341.0"
"17004958000";"2169400";"3296";"122349.4"
"17006301000";"2169400";"3296";"122357.7"
"17007381000";"2169400";"3296";"122365.7"
"17008460000";"2198500";"3296";"122373.6"
"17009539000";"2198500";"3296";"122381.6"
"17010620000";"2198500";"3296";"122389.5"
"17011964000";"2198500";"3296";"122397.8"
"17013049000";"2198500";"3296";"122405.8"
"17014129000";"2198500";"3296";"122414.1"
"17015209000";"2198500";"3296";"122422.1"
"17016289000";"2183700";"3296";"122430.0"
"17017631000";"2183700";"3297";"122439.9"
"17018711000";"2183700";"3297";"122447.8"
"17019792000";"2183700";"3297";"122455.8"
"17020871000";"2183700";"3296";"122463.7"
"17021957000";"2183700";"3297";"122472.1"
"17023306000";"2174600";"3297";"122480.4"
"17024385000";"2174600";"3297";"122488.3"
"17025465000";"2174600";"3297";"122496.3"
"17026545000";"2174600";"3297";"122504.6"
"17027625000";"2174600";"3297";"122512.6"
"17028968000";"2174600";"3297";"122520.9"
"17030048000";"2174600";"3297";"122528.8"
"17031129000";"2185300";"3297";"122536.8"
"17032208000";"2185300";"3297";"122544.7"
"17033294000";"2185300";"3297";"122552.7"
"17034637000";"2185300";"3297";"122562.5"
"17035717000";"2185300";"3297";"122570.5"
"17036798000";"2185300";"3297";"122578.4"
"17037877000";"2227400";"3297";"122586.4"
"17038958000";"2227400";"3297";"122594.7"
"17040300000";"2227400";"3297";"122603.0"
"17041380000";"2227400";"3297";"122611.0"
"17042459000";"2227400";"3297";"122619.0"
"17043545000";"2227400";"3297";"122627.3"
"17044625000";"2227400";"3297";"122635.2"
"17045968000";"2198100";"3297";"122645.1"
"17047049000";"2198100";"3297";"122653.0"
"17048128000";"2198100";"3297";"122661.0"
"17049208000";"2198100";"3297";"122668.9"
"17050288000";"2198100";"3297";"122677.3"
"17051631000";"2198100";"3296";"122685.2"
"17052711000";"2198100";"3297";"122693.5"
"17053795000";"2184100";"3297";"122701.5"
"17054875000";"2184100";"3297";"122709.4"
"17055955000";"2184100";"3297";"122717.4"
"17057297000";"2184100";"3297";"122725.7"
"17058377000";"2184100";"3297";"122733.7"
"17059457000";"2184100";"3297";"122741.6"
"17060538000";"2184100";"3297";"122750.0"
"17061618000";"2185300";"3297";"122757.9"
"17063002000";"2185300";"3297";"122766.6"
"17064081000";"2185300";"3297";"122774.6"
"17065162000";"2185300";"3297";"122782.5"
"17066241000";"2185300";"3297";"122790.5"
"17067322000";"2185300";"3297";"122798.8"
"17068665000";"2185300";"3297";"122806.7"
"17069745000";"2131300";"3297";"122815.1"
"17070826000";"2131300";"3297";"122823.0"
"17071906000";"2131300";"3297";"122831.0"
"17072992000";"2131300";"3297";"122838.9"
"17074334000";"2131300";"3297";"122847.2"
"17075415000";"2131300";"3297";"122855.6"
"17076494000";"2131300";"3297";"122863.5"
"17077575000";"2183500";"3297";"122871.5"
"17078654000";"2183500";"3297";"122879.4"
"17079997000";"2183500";"3297";"122887.8"
"17081077000";"2183500";"3297";"122895.7"
"17082157000";"2183500";"3297";"122904.0"
"17083242000";"2183500";"3297";"122912.0"
"17084323000";"2183500";"3296";"122919.9"
"17085665000";"2126700";"3296";"122928.3"
"17086746000";"2126700";"3296";"122936.6"
"17087826000";"2126700";"3296";"122944.6"
"17088906000";"2126700";"3296";"122952.5"
"17089985000";"2126700";"3296";"122960.5"
"17091328000";"2126700";"3296";"122968.8"
"17092409000";"2126700";"3296";"122976.7"
"17093494000";"2183700";"3296";"122984.7"
"17094574000";"2183700";"3296";"122993.0"
"17095654000";"2183700";"3296";"123001.0"
"17096997000";"2183700";"3296";"123009.3"
"17098076000";"2183700";"3296";"123017.2"
"17099156000";"2183700";"3296";"123025.2"
"17100236000";"2183700";"3296";"123033.1"
"17101316000";"2200300";"3296";"123041.5"
"17102659000";"2200300";"3296";"123051.3"
"17103745000";"2200300";"3296";"123059.3"
"17104825000";"2200300";"3296";"123067.2"
"17105910000";"2200300";"3296";"123075.2"
"17106990000";"2200300";"3296";"123083.5"
"17108334000";"2174400";"3297";"123091.8"
"17109414000";"2174400";"3297";"123099.8"
"17110494000";"2174400";"3297";"123107.7"
"17111574000";"2174400";"3296";"123115.7"
"17112655000";"2174400";"3296";"123123.6"
"17114003000";"2174400";"3296";"123132.0"
"17115084000";"2174400";"3296";"123139.9"
"17116164000";"2183200";"3296";"123148.2"
"17117244000";"2183200";"3296";"123156.2"
"17118323000";"2183200";"3296";"123164.2"
"17119665000";"2183200";"3296";"123172.5"
"17120745000";"2183200";"3296";"123180.4"
"17121825000";"2183200";"3296";"123188.4"
"17122910000";"2183200";"3297";"123196.7"
"17123991000";"2184300";"3296";"123204.7"
"17125333000";"2184300";"3296";"123213.0"
"17126414000";"2184300";"3296";"123220.9"
"17127493000";"2184300";"3296";"123229.3"
"17128574000";"2184300";"3296";"123237.2"
"17129654000";"2184300";"3296";"123245.2"
"17130996000";"2184300";"3296";"123253.5"
"17132076000";"2128200";"3296";"123261.4"
"17133161000";"2128200";"3296";"123269.4"
"17134240000";"2128200";"3296";"123277.4"
"17135321000";"2128200";"3296";"123285.3"
"17136664000";"2128200";"3296";"123293.6"
"17137744000";"2128200";"3296";"123302.0"
"17138823000";"2128200";"3296";"123309.9"
"17139903000";"2184100";"3296";"123317.9"
"17140983000";"2184100";"3296";"123325.8"
"17142325000";"2184100";"3296";"123335.7"
"17143411000";"2184100";"3296";"123344.0"
"17144491000";"2184100";"3296";"123351.9"
"17145571000";"2184100";"3297";"123359.9"
"17146651000";"2244700";"3297";"123367.8"
"17147999000";"2244700";"3296";"123376.2"
"17149079000";"2244700";"3297";"123384.1"
"17150160000";"2244700";"3297";"123392.5"
"17151240000";"2244700";"3297";"123400.4"
"17152320000";"2244700";"3297";"123408.4"
"17153668000";"2174600";"3297";"123418.2"
"17154748000";"2174600";"3297";"123426.2"
"17155829000";"2174600";"3297";"123434.1"
"17156908000";"2174600";"3297";"123442.1"
"17157988000";"2174600";"3297";"123450.0"
"17159331000";"2174600";"3297";"123458.3"
"17160411000";"2174600";"3297";"123466.7"
"17161491000";"2185200";"3297";"123474.6"
"17162572000";"2185200";"3297";"123482.6"
"17163657000";"2185200";"3297";"123490.9"
"17164999000";"2185200";"3297";"123499.2"
"17166080000";"2185200";"3297";"123507.2"
"17167159000";"2185200";"3297";"123515.1"
"17168240000";"2185200";"3297";"123523.1"
"17169320000";"2183700";"3297";"123531.0"
"17170664000";"2183700";"3297";"123539.4"
"17171744000";"2183700";"3297";"123547.7"
"17172823000";"2183700";"3297";"123555.6"
"17173908000";"2183700";"3297";"123563.6"
"17174988000";"2183700";"3297";"123571.5"
"17176330000";"2183700";"3297";"123579.9"
"17177409000";"2127000";"3297";"123587.8"
"17178489000";"2127000";"3297";"123595.8"
"17179569000";"2127000";"3297";"123604.1"
"17180649000";"2127000";"3297";"123612.1"
"17181993000";"2127000";"3297";"123620.4"
"17183078000";"2127000";"3297";"123628.3"
"17184158000";"2127000";"3297";"123636.7"
"17185238000";"2198500";"3297";"123644.6"
"17186318000";"2198500";"3297";"123652.6"
"17187660000";"2198500";"3297";"123660.9"
"17188740000";"2198500";"3296";"123668.8"
"17189824000";"2198500";"3297";"123676.8"
"17190903000";"2198500";"3297";"123685.1"
"17191983000";"2198500";"3297";"123693.1"
"17193331000";"2126200";"3297";"123701.4"
"17194410000";"2126200";"3297";"123709.3"
"17195490000";"2126200";"3297";"123717.3"
"17196570000";"2126200";"3296";"123725.2"
"17197651000";"2126200";"3297";"123733.2"
"17198994000";"2126200";"3297";"123741.5"
"17200074000";"2126200";"3297";"123749.9"
"17201154000";"2185200";"3297";"123757.8"
"17202234000";"2185200";"3296";"123765.8"
"17203319000";"2185200";"3297";"123774.1"
"17204663000";"2185200";"3297";"123783.6"
"17205743000";"2185200";"3297";"123791.9"
"17206823000";"2185200";"3296";"123799.8"
"17207903000";"2244500";"3296";"123807.8"
"17208982000";"2244500";"3296";"123815.7"
"17210325000";"2244500";"3296";"123825.6"
"17211404000";"2244500";"3296";"123833.5"
"17212485000";"2244500";"3296";"123841.5"
"17213571000";"2244500";"3296";"123849.4"
"17214651000";"2244700";"3296";"123857.8"
"17215994000";"2244700";"3296";"123865.7"
"17217075000";"2244700";"3296";"123874.1"
"17218155000";"2244700";"3296";"123882.0"
"17219235000";"2244700";"3296";"123890.0"
"17220315000";"2244700";"3296";"123897.9"
"17221658000";"2244700";"3296";"123906.2"
"17222739000";"2127500";"3296";"123914.6"
"17223824000";"2127500";"3296";"123922.5"
"17224904000";"2127500";"3296";"123930.5"
"17225984000";"2127500";"3296";"123938.8"
"17227327000";"2127500";"3296";"123947.1"
"17228407000";"2127500";"3296";"123955.1"
"17229487000";"2127500";"3296";"123963.0"
"17230566000";"2184100";"3296";"123971.0"
"17231651000";"2184100";"3296";"123978.9"
"17232999000";"2184100";"3296";"123987.3"
"17234080000";"2184100";"3296";"123995.6"
"17235159000";"2184100";"3296";"124003.5"
"17236238000";"2184100";"3296";"124011.5"
"17237318000";"2184100";"3296";"124019.4"
"17238661000";"2125500";"3296";"124027.8"
"17239741000";"2125500";"3296";"124035.7"
"17240821000";"2125500";"3296";"124044.0"
"17241900000";"2125500";"3296";"124052.0"
"17242986000";"2125500";"3296";"124060.3"
"17244328000";"2125500";"3296";"124068.7"
"17245408000";"2125500";"3297";"124076.6"
"17246489000";"2198800";"3297";"124084.6"
"17247568000";"2198800";"3297";"124092.9"
"17248647000";"2198800";"3297";"124100.8"
"17249991000";"2198800";"3297";"124109.2"
"17251071000";"2198800";"3297";"124117.1"
"17252151000";"2198800";"3297";"124125.1"
"17253236000";"2198800";"3297";"124133.0"
"17254316000";"2184100";"3297";"124141.0"
"17255658000";"2184100";"3297";"124149.3"
"17256739000";"2184100";"3296";"124157.2"
"17257819000";"2184100";"3297";"124165.2"
"17258899000";"2184100";"3297";"124173.5"
"17259979000";"2184100";"3297";"124181.5"
"17261322000";"2184100";"3297";"124189.8"
"17262402000";"2127900";"3297";"124197.8"
"17263488000";"2127900";"3297";"124206.1"
"17264568000";"2127900";"3297";"124214.0"
"17265648000";"2127900";"3297";"124222.0"
"17266991000";"2127900";"3297";"124230.3"
"17268072000";"2127900";"3297";"124238.3"
"17269152000";"2127900";"3297";"124246.6"
"17270233000";"2197900";"3297";"124254.5"
"17271313000";"2197900";"3297";"124262.5"
"17272717000";"2197900";"3297";"124270.8"
"17273802000";"2197900";"3297";"124278.8"
"17274881000";"2197900";"3297";"124286.7"
"17275962000";"2197900";"3297";"124295.1"
"17277042000";"2197900";"3297";"124303.0"
"17278384000";"2110900";"3297";"124311.3"
"17279464000";"2110900";"3297";"124319.3"
"17280544000";"2110900";"3297";"124327.2"
"17281624000";"2110900";"3297";"124335.2"
"17282704000";"2110900";"3297";"124343.5"
"17284052000";"2110900";"3297";"124351.8"
"17285131000";"2110900";"3297";"124359.8"
"17286211000";"2183900";"3297";"124367.7"
"17287292000";"2183900";"3297";"124376.1"
"17288372000";"2183900";"3297";"124384.0"
"17289715000";"2183900";"3297";"124392.3"
"17290794000";"2183900";"3297";"124400.3"
"17291875000";"2183900";"3297";"124408.3"
"17292960000";"2183900";"3297";"124416.6"
"17294039000";"2198700";"3297";"124424.5"
"17295383000";"2198700";"3297";"124432.9"
"17296463000";"2198700";"3297";"124440.8"
"17297543000";"2198700";"3297";"124448.8"
"17298622000";"2198700";"3297";"124456.7"
"17299702000";"2198700";"3297";"124464.7"
"17301045000";"2198700";"3297";"124473.0"
"17302125000";"2128100";"3297";"124481.3"
"17303210000";"2128100";"3297";"124489.3"
"17304289000";"2128100";"3297";"124497.2"
"17305369000";"2128100";"3297";"124505.6"
"17306713000";"2128100";"3297";"124513.9"
"17307793000";"2128100";"3297";"124521.8"
"17308873000";"2128100";"3297";"124529.8"
"17309953000";"2183700";"3297";"124537.7"
"17311034000";"2183700";"3297";"124545.7"
"17312377000";"2183700";"3297";"124554.0"
"17313463000";"2183700";"3297";"124562.3"
"17314543000";"2183700";"3297";"124570.3"
"17315627000";"2183700";"3297";"124578.2"
"17316707000";"2183700";"3297";"124586.2"
"17318050000";"2182200";"3297";"124596.0"
"17319130000";"2182200";"3297";"124604.0"
"17320209000";"2182200";"3297";"124611.9"
"17321290000";"2182200";"3297";"124619.9"
"17322370000";"2182200";"3297";"124628.2"
"17323718000";"2182200";"3297";"124638.1"
"17324798000";"2244700";"3297";"124646.0"
"17325877000";"2244700";"3297";"124654.0"
"17326958000";"2244700";"3297";"124662.3"
"17328038000";"2244700";"3297";"124670.3"
"17329381000";"2244700";"3297";"124678.6"
"17330461000";"2244700";"3297";"124686.5"
"17331541000";"2244700";"3297";"124694.5"
"17332621000";"2185300";"3297";"124702.4"
"17333705000";"2185300";"3297";"124710.4"
"17335049000";"2185300";"3297";"124718.7"
"17336128000";"2185300";"3296";"124726.7"
"17337208000";"2185300";"3297";"124735.0"
"17338288000";"2185300";"3297";"124743.0"
"17339368000";"2185300";"3297";"124750.9"
"17340711000";"2127000";"3297";"124759.2"
"17341790000";"2127000";"3297";"124767.2"
"17342876000";"2127000";"3297";"124775.5"
"17343955000";"2127000";"3297";"124783.5"
"17345034000";"2127000";"3297";"124791.4"
"17346377000";"2127000";"3297";"124799.7"
"17347457000";"2127000";"3297";"124808.1"
"17348538000";"2198800";"3297";"124816.0"
"17349617000";"2198800";"3297";"124824.0"
"17350697000";"2198800";"3297";"124831.9"
"17352039000";"2198800";"3296";"124840.2"
"17353124000";"2198800";"3296";"124848.2"
"17354204000";"2198800";"3296";"124856.2"
"17355285000";"2198800";"3296";"124864.1"
"17356364000";"2184300";"3297";"124872.4"
"17357711000";"2184300";"3297";"124880.8"
"17358791000";"2184300";"3297";"124888.7"
"17359872000";"2184300";"3297";"124896.7"
"17360951000";"2184300";"3297";"124904.6"
"17362031000";"2184300";"3297";"124912.9"
"17363379000";"2184300";"3297";"124921.3"
"17364460000";"2125500";"3297";"124929.2"
"17365539000";"2125500";"3297";"124937.2"
"17366619000";"2125500";"3297";"124945.5"
"17367699000";"2125500";"3297";"124953.5"
"17369041000";"2125500";"3297";"124962.9"
"17370121000";"2125500";"3297";"124971.3"
"17371201000";"2246800";"3297";"124979.2"
"17372281000";"2246800";"3297";"124987.2"
"17373367000";"2246800";"3297";"124995.1"
"17374710000";"2246800";"3297";"125003.4"
"17375791000";"2246800";"3297";"125011.4"
"17376871000";"2246800";"3297";"125019.3"
"17377950000";"2246800";"3297";"125027.7"
"17379031000";"2183500";"3297";"125035.6"
"17380373000";"2183500";"3297";"125043.9"
"17381454000";"2183500";"3297";"125051.9"
"17382533000";"2183500";"3297";"125059.8"
"17383619000";"2183500";"3297";"125068.2"
"17384699000";"2183500";"3297";"125076.1"
"17386042000";"2183500";"3297";"125084.5"
"17387123000";"2126400";"3296";"125092.4"
"17388202000";"2126400";"3296";"125100.7"
"17389283000";"2126400";"3297";"125108.7"
"17390363000";"2126400";"3297";"125116.6"
"17391706000";"2126400";"3297";"125126.5"
"17392786000";"2126400";"3297";"125134.4"
"17393872000";"2244500";"3297";"125142.4"
"17394952000";"2244500";"3297";"125150.3"
"17396032000";"2244500";"3297";"125158.3"
"17397374000";"2244500";"3297";"125166.6"
"17398455000";"2244500";"3297";"125174.6"
"17399539000";"2244500";"3297";"125182.9"
"17400618000";"2244500";"3297";"125190.9"
"17401698000";"2184300";"3297";"125198.8"
"17403047000";"2184300";"3297";"125208.7"
"17404126000";"2184300";"3297";"125216.6"
"17405206000";"2184300";"3297";"125224.9"
"17406286000";"2184300";"3297";"125232.9"
"17407365000";"2184300";"3297";"125240.8"
"17408707000";"2242900";"3297";"125250.7"
"17409787000";"2242900";"3297";"125258.6"
"17410866000";"2242900";"3297";"125266.6"
"17411945000";"2242900";"3297";"125274.5"
"17413031000";"2242900";"3297";"125282.9"
"17414375000";"2242900";"3297";"125291.2"
"17415455000";"2242900";"3297";"125299.1"
"17416535000";"2183900";"3297";"125307.1"
"17417616000";"2183900";"3297";"125315.1"
"17418695000";"2183900";"3297";"125323.0"
"17420038000";"2183900";"3296";"125332.8"
"17421119000";"2183900";"3296";"125340.8"
"17422199000";"2183900";"3296";"125349.1"
"17423284000";"2244500";"3296";"125357.1"
"17424364000";"2244500";"3296";"125365.0"
"17425707000";"2244500";"3296";"125373.4"
"17426787000";"2244500";"3296";"125381.7"
"17427868000";"2244500";"3296";"125389.6"
"17428947000";"2244500";"3296";"125397.6"
"17430027000";"2244500";"3296";"125405.5"
"17431371000";"2127700";"3296";"125413.9"
"17432451000";"2127700";"3296";"125421.8"
"17433537000";"2127700";"3296";"125429.8"
"17434618000";"2127700";"3296";"125438.1"
"17435698000";"2127700";"3296";"125446.1"
"17437041000";"2127700";"3296";"125454.4"
"17438120000";"2127700";"3296";"125462.3"
"17439200000";"2183700";"3296";"125470.3"
"17440279000";"2183700";"3296";"125478.2"
"17441363000";"2183700";"3296";"125486.6"
"17442707000";"2183700";"3296";"125496.0"
"17443792000";"2183700";"3296";"125504.4"
"17444872000";"2183700";"3296";"125512.3"
"17445952000";"2243200";"3296";"125520.3"
"17447033000";"2243200";"3296";"125528.6"
"17448375000";"2243200";"3296";"125538.1"
"17449456000";"2243200";"3296";"125546.0"
"17450535000";"2243200";"3296";"125554.0"
"17451616000";"2243200";"3296";"125562.3"
"17452695000";"2246400";"3296";"125570.3"
"17454043000";"2246400";"3296";"125578.6"
"17455123000";"2246400";"3297";"125586.5"
"17456203000";"2246400";"3297";"125594.5"
"17457283000";"2246400";"3297";"125602.4"
"17458362000";"2246400";"3296";"125610.4"
"17459705000";"2246400";"3296";"125618.7"
"17460785000";"2112600";"3296";"125626.7"
"17461865000";"2112600";"3296";"125635.0"
"17462951000";"2112600";"3296";"125642.9"
"17464031000";"2112600";"3296";"125650.9"
"17465374000";"2112600";"3296";"125659.2"
"17466454000";"2112600";"3296";"125667.2"
"17467534000";"2112600";"3296";"125675.5"
"17468613000";"2198800";"3296";"125683.5"
"17469693000";"2198800";"3296";"125691.4"
"17471034000";"2198800";"3296";"125699.7"
"17472114000";"2198800";"3296";"125707.7"
"17473200000";"2198800";"3296";"125715.6"
"17474279000";"2198800";"3296";"125723.6"
"17475358000";"2198800";"3296";"125731.5"
"17476701000";"2170200";"3296";"125741.4"
"17477781000";"2170200";"3297";"125749.3"
"17478862000";"2170200";"3297";"125757.3"
"17479941000";"2170200";"3297";"125765.2"
"17481021000";"2170200";"3297";"125773.2"
"17482363000";"2170200";"3297";"125781.5"
"17483453000";"2170200";"3297";"125789.8"
"17484533000";"2182800";"3297";"125797.8"
"17485612000";"2182800";"3297";"125805.7"
"17486691000";"2182800";"3297";"125814.1"
"17488034000";"2182800";"3297";"125822.0"
"17489114000";"2182800";"3297";"125830.4"
"17490193000";"2182800";"3297";"125838.3"
"17491274000";"2182800";"3297";"125846.3"
"17492354000";"2185700";"3297";"125854.2"
"17493702000";"2185700";"3297";"125864.1"
"17494781000";"2185700";"3297";"125872.0"
"17495861000";"2185700";"3297";"125880.0"
"17496940000";"2185700";"3297";"125887.9"
"17498021000";"2185700";"3297";"125895.9"
"17499364000";"2160300";"3297";"125904.2"
"17500444000";"2160300";"3297";"125912.1"
"17501525000";"2160300";"3297";"125920.5"
"17502605000";"2160300";"3297";"125928.4"
"17503690000";"2160300";"3297";"125936.4"
"17505033000";"2160300";"3297";"125944.7"
"17506114000";"2160300";"3297";"125953.0"
"17507194000";"2197900";"3297";"125961.0"
"17508273000";"2197900";"3297";"125968.9"
"17509353000";"2197900";"3297";"125976.9"
"17510697000";"2197900";"3297";"125985.2"
"17511776000";"2197900";"3297";"125993.2"
"17512861000";"2197900";"3297";"126001.1"
"17513940000";"2197900";"3297";"126009.1"
"17515021000";"2169500";"3297";"126017.0"
"17516363000";"2169500";"3297";"126025.3"
"17517444000";"2169500";"3297";"126033.3"
"17518524000";"2169500";"3297";"126041.2"
"17519604000";"2169500";"3297";"126049.6"
"17520684000";"2169500";"3297";"126057.5"
"17522028000";"2169500";"3297";"126065.8"
"17523113000";"2126500";"3297";"126073.8"
"17524193000";"2126500";"3297";"126082.1"
"17525278000";"2126500";"3297";"126090.1"
"17526357000";"2126500";"3297";"126098.0"
"17527700000";"2126500";"3297";"126106.4"
"17528780000";"2126500";"3297";"126114.3"
"17529860000";"2126500";"3297";"126122.3"
"17530940000";"2198700";"3297";"126130.6"
"17532021000";"2198700";"3297";"126138.5"
"17533369000";"2198700";"3297";"126146.9"
"17534449000";"2198700";"3297";"126154.8"
"17535530000";"2198700";"3297";"126162.8"
"17536610000";"2198700";"3297";"126170.7"
"17537690000";"2198700";"3297";"126178.7"
"17539032000";"2112200";"3297";"126187.0"
"17540112000";"2112200";"3297";"126194.9"
"17541191000";"2112200";"3297";"126202.9"
"17542272000";"2112200";"3297";"126211.2"
"17543358000";"2112200";"3297";"126219.2"
"17544700000";"2112200";"3296";"126227.5"
"17545780000";"2112200";"3296";"126235.5"
"17546860000";"2183900";"3296";"126243.4"
"17547940000";"2183900";"3296";"126251.7"
"17549020000";"2183900";"3296";"126259.7"
"17550364000";"2183900";"3296";"126268.0"
"17551443000";"2183900";"3296";"126276.0"
"17552524000";"2183900";"3296";"126283.9"
"17553609000";"2183900";"3297";"126291.9"
"17554688000";"2183700";"3297";"126299.8"
"17556031000";"2183700";"3297";"126309.7"
"17557110000";"2183700";"3297";"126317.6"
"17558190000";"2183700";"3297";"126325.6"
"17559271000";"2183700";"3297";"126333.5"
"17560350000";"2183700";"3297";"126341.5"
"17561693000";"2161900";"3297";"126349.8"
"17562773000";"2161900";"3297";"126357.7"
"17563859000";"2161900";"3297";"126366.1"
"17564940000";"2161900";"3296";"126374.0"
"17566020000";"2161900";"3296";"126382.0"
"17567367000";"2161900";"3296";"126391.8"
"17568448000";"2242600";"3296";"126399.8"
"17569528000";"2242600";"3296";"126407.7"
"17570608000";"2242600";"3296";"126415.7"
"17571689000";"2242600";"3296";"126424.0"
"17573037000";"2242600";"3296";"126432.3"
"17574117000";"2242600";"3297";"126440.3"
"17575196000";"2242600";"3297";"126448.2"
"17576275000";"2183900";"3297";"126456.2"
"17577355000";"2183900";"3296";"126464.2"
"17578699000";"2183900";"3296";"126472.5"
"17579779000";"2183900";"3296";"126480.4"
"17580858000";"2183900";"3296";"126488.8"
"17581939000";"2183900";"3296";"126496.7"
"17583024000";"2183900";"3296";"126504.7"
"17584366000";"2183800";"3296";"126514.5"
"17585446000";"2183800";"3296";"126522.5"
"17586526000";"2183800";"3296";"126530.8"
"17587606000";"2183800";"3296";"126538.7"
"17588686000";"2183800";"3296";"126546.7"
"17590028000";"2183800";"3296";"126556.5"
"17591109000";"2246600";"3296";"126564.5"
"17592188000";"2246600";"3296";"126572.4"
"17593273000";"2246600";"3296";"126580.4"
"17594352000";"2246600";"3296";"126588.3"
"17595695000";"2246600";"3296";"126598.2"
"17596775000";"2246600";"3296";"126606.1"
"17597855000";"2228200";"3296";"126614.1"
"17598935000";"2228200";"3296";"126622.1"
"17600016000";"2228200";"3296";"126630.0"
"17601359000";"2228200";"3296";"126638.3"
"17602440000";"2228200";"3296";"126646.7"
"17603525000";"2228200";"3296";"126654.6"
"17604604000";"2228200";"3296";"126662.6"
"17605685000";"2198100";"3296";"126670.9"
"17607028000";"2198100";"3296";"126679.2"
"17608108000";"2198100";"3296";"126687.2"
"17609193000";"2198100";"3296";"126695.1"
"17610273000";"2198100";"3296";"126703.1"
"17611353000";"2198100";"3296";"126711.0"
"17612697000";"2198100";"3296";"126719.3"
"17613782000";"2110700";"3296";"126727.3"
"17614862000";"2110700";"3296";"126735.2"
"17615942000";"2110700";"3296";"126743.2"
"17617022000";"2110700";"3296";"126751.5"
"17618365000";"2110700";"3296";"126761.0"
"17619445000";"2110700";"3296";"126768.9"
"17620526000";"2229100";"3296";"126776.9"
"17621610000";"2229100";"3296";"126785.2"
"17622689000";"2229100";"3296";"126793.2"
"17624039000";"2229100";"3296";"126801.5"
"17625118000";"2229100";"3296";"126809.5"
"17626198000";"2229100";"3296";"126817.4"
"17627278000";"2229100";"3296";"126825.7"
"17628359000";"2197200";"3296";"126833.7"
"17629701000";"2197200";"3296";"126843.2"
"17630782000";"2197200";"3296";"126851.1"
"17631862000";"2197200";"3296";"126859.4"
"17632947000";"2197200";"3296";"126867.4"
"17634026000";"2197200";"3296";"126875.4"
"17635369000";"2160100";"3296";"126883.7"
"17636449000";"2160100";"3296";"126891.6"
"17637529000";"2160100";"3296";"126899.6"
"17638609000";"2160100";"3296";"126907.5"
"17639689000";"2160100";"3296";"126915.9"
"17641033000";"2160100";"3296";"126925.3"
"17642112000";"2229300";"3296";"126933.3"
"17643198000";"2229300";"3296";"126941.6"
"17644278000";"2229300";"3296";"126949.6"
"17645357000";"2229300";"3296";"126957.5"
"17646701000";"2229300";"3296";"126965.8"
"17647781000";"2229300";"3296";"126973.8"
"17648861000";"2229300";"3296";"126981.7"
"17649941000";"2198500";"3296";"126990.1"
"17651026000";"2198500";"3296";"126998.0"
"17652368000";"2198500";"3296";"127006.3"
"17653454000";"2198500";"3296";"127014.3"
"17654533000";"2198500";"3296";"127022.2"
"17655612000";"2198500";"3296";"127030.2"
"17656693000";"2198500";"3296";"127038.2"
"17658036000";"2111200";"3296";"127046.5"
"17659116000";"2111200";"3295";"127054.4"
"17660196000";"2111200";"3295";"127062.8"
"17661276000";"2111200";"3296";"127070.7"
"17662356000";"2111200";"3295";"127078.7"
"17663705000";"2111200";"3295";"127087.0"
"17664784000";"2111200";"3295";"127094.9"
"17665864000";"2198700";"3295";"127103.3"
"17666944000";"2198700";"3295";"127111.2"
"17668023000";"2198700";"3295";"127119.2"
"17669367000";"2198700";"3295";"127127.5"
"17670446000";"2198700";"3295";"127135.4"
"17671527000";"2198700";"3295";"127143.4"
"17672608000";"2198700";"3295";"127151.4"
"17673693000";"2183500";"3295";"127159.7"
"17675036000";"2183500";"3295";"127167.6"
"17676117000";"2183500";"3295";"127176.0"
"17677197000";"2183500";"3295";"127183.9"
"17678276000";"2183500";"3296";"127191.9"
"17679355000";"2183500";"3295";"127199.8"
"17680698000";"2183500";"3295";"127208.1"
"17681778000";"2113900";"3296";"127216.1"
"17682864000";"2113900";"3296";"127224.0"
"17683943000";"2113900";"3296";"127232.0"
"17685024000";"2113900";"3296";"127240.3"
"17686366000";"2113900";"3296";"127249.8"
"17687445000";"2113900";"3296";"127258.1"
"17688526000";"2244900";"3296";"127266.1"
"17689605000";"2244900";"3296";"127274.0"
"17690685000";"2244900";"3296";"127282.0"
"17692028000";"2244900";"3296";"127290.3"
"17693118000";"2244900";"3296";"127298.2"
"17694199000";"2244900";"3296";"127306.2"
"17695279000";"2244900";"3296";"127314.5"
"17696358000";"2182600";"3296";"127322.5"
"17697701000";"2182600";"3296";"127332.0"
"17698781000";"2182600";"3296";"127339.9"
"17699862000";"2182600";"3296";"127348.2"
"17700942000";"2182600";"3296";"127356.2"
"17702022000";"2182600";"3296";"127364.1"
"17703370000";"2159500";"3296";"127372.5"
"17704451000";"2159500";"3296";"127380.4"
"17705530000";"2159500";"3296";"127388.7"
"17706610000";"2159500";"3296";"127396.7"
"17707690000";"2159500";"3296";"127404.7"
"17709032000";"2159500";"3296";"127413.0"
"17710112000";"2159500";"3296";"127420.9"
"17711191000";"2185900";"3296";"127428.9"
"17712272000";"2185900";"3296";"127436.8"
"17713358000";"2185900";"3296";"127444.8"
"17714701000";"2185900";"3296";"127453.1"
"17715780000";"2185900";"3296";"127461.1"
"17716861000";"2185900";"3296";"127469.0"
"17717941000";"2185900";"3296";"127477.3"
"17719021000";"2183400";"3296";"127485.3"
"17720363000";"2183400";"3296";"127493.6"
"17721443000";"2183400";"3296";"127501.6"
"17722523000";"2183400";"3296";"127509.5"
"17723609000";"2183400";"3296";"127517.8"
"17724688000";"2183400";"3297";"127525.8"
"17726031000";"2183400";"3297";"127534.1"
"17727111000";"2127000";"3297";"127542.1"
"17728190000";"2127000";"3297";"127550.0"
"17729270000";"2127000";"3297";"127558.4"
"17730350000";"2127000";"3297";"127566.3"
"17731692000";"2127000";"3297";"127574.6"
"17732773000";"2127000";"3297";"127582.6"
"17733858000";"2127000";"3297";"127590.5"
"17734942000";"2182800";"3297";"127598.5"
"17736022000";"2182800";"3297";"127606.4"
"17737364000";"2182800";"3297";"127614.8"
"17738444000";"2182800";"3297";"127622.7"
"17739523000";"2182800";"3297";"127630.7"
"17740604000";"2182800";"3296";"127638.6"
"17741683000";"2182800";"3296";"127646.9"
"17743031000";"2184300";"3296";"127656.8"
"17744112000";"2184300";"3296";"127664.7"
"17745191000";"2184300";"3296";"127672.7"
"17746272000";"2184300";"3297";"127680.7"
"17747352000";"2184300";"3297";"127689.0"
"17748695000";"2184300";"3297";"127698.4"
"17749775000";"2229100";"3297";"127706.4"
"17750854000";"2229100";"3297";"127714.7"
"17751934000";"2229100";"3297";"127722.7"
"17753019000";"2229100";"3297";"127730.6"
"17754362000";"2229100";"3297";"127740.5"
"17755442000";"2229100";"3297";"127748.4"
"17756521000";"2245300";"3297";"127756.4"
"17757601000";"2245300";"3297";"127764.3"
"17758681000";"2245300";"3297";"127772.3"
"17760025000";"2245300";"3297";"127782.1"
"17761105000";"2245300";"3297";"127790.1"
"17762185000";"2245300";"3297";"127798.0"
"17763269000";"2227600";"3297";"127806.0"
"17764350000";"2227600";"3297";"127814.3"
"17765692000";"2227600";"3297";"127822.6"
"17766772000";"2227600";"3297";"127830.6"
"17767852000";"2227600";"3297";"127838.6"
"17768933000";"2227600";"3297";"127846.9"
"17770013000";"2227600";"3297";"127854.8"
"17771356000";"2142200";"3297";"127863.2"
"17772435000";"2142200";"3298";"127871.1"
"17773520000";"2142200";"3298";"127879.1"
"17774600000";"2142200";"3298";"127887.0"
"17775680000";"2142200";"3298";"127895.0"
"17777027000";"2142200";"3297";"127903.3"
"17778108000";"2142200";"3297";"127911.2"
"17779187000";"2168300";"3297";"127919.2"
"17780268000";"2168300";"3297";"127927.1"
"17781348000";"2168300";"3297";"127935.5"
"17782691000";"2168300";"3297";"127943.4"
"17783777000";"2168300";"3297";"127951.7"
"17784857000";"2168300";"3298";"127959.7"
"17785937000";"2168300";"3297";"127967.7"
"17787017000";"2183400";"3297";"127975.6"
"17788358000";"2183400";"3297";"127983.9"
"17789439000";"2183400";"3297";"127992.3"
"17790518000";"2183400";"3297";"128000.2"
"17791598000";"2183400";"3297";"128008.2"
"17792679000";"2183400";"3297";"128016.1"
"17794026000";"2183400";"3297";"128024.4"
"17795106000";"2127000";"3297";"128032.4"
"17796186000";"2127000";"3297";"128040.3"
"17797266000";"2127000";"3297";"128048.3"
"17798346000";"2127000";"3297";"128056.6"
"17799688000";"2127000";"3297";"128066.1"
"17800769000";"2127000";"3297";"128074.0"
"17801849000";"2246600";"3297";"128082.4"
"17802934000";"2246600";"3297";"128090.3"
"17804014000";"2246600";"3297";"128098.3"
"17805356000";"2246600";"3297";"128107.0"
"17806436000";"2246600";"3297";"128114.9"
"17807516000";"2246600";"3297";"128122.9"
"17808595000";"2246600";"3297";"128130.8"
"17809676000";"2183900";"3297";"128138.8"
"17811020000";"2183900";"3297";"128147.1"
"17812099000";"2183900";"3297";"128155.1"
"17813185000";"2183900";"3297";"128163.4"
"17814265000";"2183900";"3297";"128171.3"
"17815345000";"2183900";"3297";"128179.3"
"17816688000";"2183900";"3297";"128187.6"
"17817768000";"2126500";"3297";"128195.6"
"17818852000";"2126500";"3297";"128203.5"
"17819932000";"2126500";"3297";"128211.5"
"17821012000";"2126500";"3297";"128219.4"
"17822355000";"2126500";"3297";"128229.3"
"17823441000";"2126500";"3297";"128237.2"
"17824522000";"2242600";"3297";"128245.6"
"17825601000";"2242600";"3297";"128253.5"
"17826681000";"2242600";"3297";"128261.5"
"17828023000";"2242600";"3297";"128269.8"
"17829103000";"2242600";"3297";"128277.7"
"17830183000";"2242600";"3297";"128286.1"
"17831263000";"2242600";"3297";"128294.0"
"17832342000";"2186200";"3297";"128302.0"
"17833690000";"2186200";"3297";"128310.3"
"17834771000";"2186200";"3297";"128318.2"
"17835851000";"2186200";"3297";"128326.2"
"17836931000";"2186200";"3297";"128334.2"
"17838010000";"2186200";"3297";"128342.1"
"17839354000";"2186200";"3297";"128350.4"
"17840433000";"2112200";"3297";"128358.4"
"17841513000";"2112200";"3297";"128366.3"
"17842593000";"2112200";"3297";"128374.7"
"17843679000";"2112200";"3297";"128382.6"
"17845022000";"2112200";"3297";"128390.9"
"17846101000";"2112200";"3297";"128399.3"
"17847182000";"2112200";"3297";"128407.2"
"17848262000";"2198500";"3297";"128415.2"
"17849341000";"2198500";"3297";"128423.1"
"17850685000";"2198500";"3297";"128433.0"
"17851765000";"2198500";"3297";"128440.9"
"17852845000";"2198500";"3297";"128448.9"
"17853930000";"2198500";"3297";"128456.8"
"17855009000";"2227800";"3297";"128464.8"
"17856352000";"2227800";"3297";"128473.1"
"17857433000";"2227800";"3297";"128481.0"
"17858513000";"2227800";"3297";"128489.0"
"17859593000";"2227800";"3297";"128497.3"
"17860677000";"2227800";"3297";"128505.3"
"17862021000";"2227800";"3297";"128513.6"
"17863105000";"2125300";"3297";"128521.6"
"17864186000";"2125300";"3297";"128529.9"
"17865265000";"2125300";"3297";"128537.8"
"17866345000";"2125300";"3297";"128545.8"
"17867687000";"2125300";"3297";"128555.6"
"17868767000";"2125300";"3297";"128563.6"
"17869847000";"2247100";"3296";"128571.5"
"17870927000";"2247100";"3296";"128579.5"
"17872007000";"2247100";"3296";"128587.8"
"17873356000";"2247100";"3296";"128595.8"
"17874436000";"2247100";"3296";"128604.1"
"17875516000";"2247100";"3297";"128612.1"
"17876597000";"2247100";"3297";"128620.0"
"17877677000";"2183200";"3297";"128628.0"
"17879019000";"2183200";"3297";"128637.8"
"17880099000";"2183200";"3297";"128645.8"
"17881179000";"2183200";"3297";"128653.7"
"17882258000";"2183200";"3297";"128661.7"
"17883344000";"2183200";"3297";"128669.6"
"17884687000";"2160300";"3297";"128677.9"
"17885767000";"2160300";"3297";"128686.3"
"17886846000";"2160300";"3297";"128694.2"
"17887927000";"2160300";"3297";"128702.2"
"17889006000";"2160300";"3297";"128710.1"
"17890350000";"2160300";"3297";"128720.0"
"17891429000";"2246800";"3297";"128727.9"
"17892508000";"2246800";"3297";"128735.9"
"17893594000";"2246800";"3296";"128743.8"
"17894674000";"2246800";"3296";"128751.8"
"17896017000";"2246800";"3296";"128760.1"
"17897097000";"2246800";"3296";"128768.1"
"17898177000";"2246800";"3296";"128776.0"
"17899257000";"2169000";"3296";"128784.0"
"17900337000";"2169000";"3296";"128792.3"
"17901680000";"2169000";"3296";"128800.2"
"17902765000";"2169000";"3296";"128808.6"
"17903851000";"2169000";"3296";"128816.5"
"17904931000";"2169000";"3296";"128824.5"
"17906011000";"2169000";"3297";"128832.8"
"17907353000";"2139600";"3297";"128841.1"
"17908433000";"2139600";"3297";"128849.1"
"17909513000";"2139600";"3297";"128857.0"
"17910592000";"2139600";"3297";"128865.0"
"17911671000";"2139600";"3297";"128872.9"
"17913019000";"2139600";"3297";"128881.2"
"17914099000";"2139600";"3297";"128889.6"
"17915178000";"2184600";"3297";"128897.5"
"17916259000";"2184600";"3297";"128905.5"
"17917339000";"2184600";"3297";"128913.4"
"17918682000";"2184600";"3297";"128921.8"
"17919761000";"2184600";"3297";"128929.7"
"17920842000";"2184600";"3297";"128937.7"
"17921922000";"2184600";"3297";"128945.6"
"17923008000";"2183400";"3297";"128953.9"
"17924350000";"2183400";"3297";"128963.8"
"17925431000";"2183400";"3297";"128971.7"
"17926510000";"2183400";"3297";"128979.7"
"17927589000";"2183400";"3297";"128988.0"
"17928668000";"2183400";"3297";"128996.0"
"17930012000";"2178800";"3297";"129004.3"
"17931092000";"2178800";"3297";"129012.3"
"17932172000";"2178800";"3297";"129020.2"
"17933258000";"2178800";"3297";"129028.2"
"17934337000";"2178800";"3297";"129036.1"
"17935681000";"2178800";"3297";"129044.4"
"17936760000";"2178800";"3296";"129052.4"
"17937841000";"2168800";"3296";"129060.3"
"17938921000";"2168800";"3297";"129068.3"
"17940002000";"2168800";"3297";"129076.6"
"17941345000";"2168800";"3297";"129084.9"
"17942424000";"2168800";"3297";"129092.9"
"17943510000";"2168800";"3297";"129100.8"
"17944595000";"2168800";"3297";"129108.8"
"17945674000";"2197000";"3297";"129117.1"
"17947017000";"2197000";"3297";"129125.5"
"17948097000";"2197000";"3297";"129133.4"
"17949177000";"2197000";"3297";"129141.4"
"17950257000";"2197000";"3297";"129149.3"
"17951337000";"2197000";"3297";"129157.3"
"17952681000";"2197000";"3297";"129165.6"
"17953767000";"2112100";"3297";"129173.5"
"17954847000";"2112100";"3297";"129181.9"
"17955927000";"2112100";"3297";"129189.8"
"17957007000";"2112100";"3297";"129197.8"
"17958348000";"2112100";"3297";"129206.1"
"17959428000";"2112100";"3297";"129214.0"
"17960508000";"2112100";"3297";"129222.0"
"17961587000";"2185900";"3297";"129229.9"
"17962667000";"2185900";"3297";"129237.9"
"17964016000";"2185900";"3297";"129246.6"
"17965096000";"2185900";"3297";"129254.6"
"17966176000";"2185900";"3297";"129262.5"
"17967255000";"2185900";"3297";"129270.5"
"17968335000";"2185900";"3297";"129278.8"
"17969678000";"2183800";"3297";"129288.3"
"17970757000";"2183800";"3297";"129296.2"
"17971837000";"2183800";"3297";"129304.5"
"17972922000";"2183800";"3297";"129312.5"
"17974001000";"2183800";"3297";"129320.4"
"17975344000";"2183800";"3297";"129329.9"
"17976424000";"2245600";"3297";"129338.2"
"17977504000";"2245600";"3297";"129346.2"
"17978584000";"2245600";"3297";"129354.1"
"17979664000";"2245600";"3297";"129362.1"
"17981006000";"2245600";"3297";"129370.4"
"17982087000";"2245600";"3297";"129378.4"
"17983172000";"2245600";"3297";"129386.3"
"17984252000";"2183700";"3297";"129394.7"
"17985331000";"2183700";"3297";"129402.6"
"17986679000";"2183700";"3297";"129410.9"
"17987758000";"2183700";"3297";"129418.9"
"17988839000";"2183700";"3297";"129426.8"
"17989919000";"2183700";"3297";"129435.2"
"17990998000";"2183700";"3297";"129443.1"
"17992341000";"2170200";"3297";"129452.6"
"17993426000";"2170200";"3297";"129460.5"
"17994507000";"2170200";"3297";"129468.9"
"17995587000";"2170200";"3297";"129476.8"
"17996667000";"2170200";"3297";"129484.8"
"17998010000";"2170200";"3297";"129493.1"
"17999091000";"2170200";"3297";"129501.0"
"18000171000";"2183200";"3297";"129509.0"
"18001250000";"2183200";"3297";"129516.9"
"18002330000";"2183200";"3297";"129524.9"
"18003680000";"2183200";"3297";"129533.6"
"18004759000";"2183200";"3297";"129541.6"
"18005840000";"2183200";"3297";"129549.5"
"18006919000";"2183200";"3297";"129557.5"
"18008000000";"2198500";"3297";"129565.8"
"18009342000";"2198500";"3298";"129575.3"
"18010422000";"2198500";"3298";"129583.2"
"18011502000";"2198500";"3298";"129591.5"
"18012582000";"2198500";"3298";"129599.5"
"18013667000";"2198500";"3298";"129607.4"
"18015011000";"2159900";"3298";"129615.8"
"18016091000";"2159900";"3298";"129623.7"
"18017171000";"2159900";"3298";"129631.7"
"18018250000";"2159900";"3298";"129639.6"
"18019330000";"2159900";"3298";"129647.6"
"18020673000";"2159900";"3297";"129655.9"
"18021753000";"2159900";"3297";"129663.8"
"18022833000";"2185500";"3297";"129672.2"
"18023918000";"2185500";"3298";"129680.1"
"18024998000";"2185500";"3297";"129688.1"
"18026341000";"2185500";"3297";"129696.4"
"18027420000";"2185500";"3298";"129704.4"
"18028506000";"2185500";"3298";"129712.7"
"18029586000";"2185500";"3298";"129720.6"
"18030666000";"2182500";"3298";"129728.6"
"18032009000";"2182500";"3298";"129738.4"
"18033095000";"2182500";"3298";"129746.4"
"18034174000";"2182500";"3298";"129754.3"
"18035255000";"2182500";"3297";"129762.3"
"18036336000";"2182500";"3297";"129770.2"
"18037678000";"2159500";"3297";"129778.6"
"18038758000";"2159500";"3297";"129786.5"
"18039838000";"2159500";"3297";"129794.9"
"18040919000";"2159500";"3297";"129802.8"
"18041998000";"2159500";"3297";"129810.8"
"18043347000";"2159500";"3297";"129820.6"
"18044427000";"2244500";"3297";"129828.6"
"18045507000";"2244500";"3297";"129836.5"
"18046587000";"2244500";"3297";"129844.8"
"18047667000";"2244500";"3297";"129852.8"
"18049009000";"2244500";"3297";"129861.1"
"18050089000";"2244500";"3297";"129869.1"
"18051169000";"2244500";"3297";"129877.0"
"18052248000";"2185900";"3297";"129885.0"
"18053334000";"2185900";"3297";"129892.9"
"18054677000";"2185900";"3297";"129902.8"
"18055757000";"2185900";"3297";"129910.7"
"18056837000";"2185900";"3297";"129918.7"
"18057917000";"2185900";"3297";"129926.6"
"18058997000";"2244300";"3297";"129935.0"
"18060339000";"2244300";"3297";"129943.3"
"18061420000";"2244300";"3296";"129951.2"
"18062499000";"2244300";"3296";"129959.2"
"18063585000";"2244300";"3296";"129967.1"
"18064665000";"2244300";"3296";"129975.5"
"18066009000";"2244300";"3296";"129983.8"
"18067089000";"2126500";"3296";"129991.7"
"18068169000";"2126500";"3296";"129999.7"
"18069248000";"2126500";"3296";"130007.6"
"18070332000";"2126500";"3296";"130016.0"
"18071675000";"2126500";"3296";"130025.4"
"18072755000";"2126500";"3296";"130033.4"
"18073841000";"2243200";"3296";"130041.7"
"18074921000";"2243200";"3296";"130049.7"
"18076000000";"2243200";"3296";"130057.6"
"18077342000";"2243200";"3296";"130066.0"
"18078423000";"2243200";"3296";"130073.9"
"18079502000";"2243200";"3296";"130081.9"
"18080583000";"2243200";"3296";"130089.8"
"18081662000";"2171100";"3296";"130097.8"
"18083011000";"2171100";"3296";"130106.5"
"18084091000";"2171100";"3296";"130114.4"
"18085171000";"2171100";"3296";"130122.4"
"18086250000";"2171100";"3296";"130130.7"
"18087331000";"2171100";"3296";"130138.7"
"18088673000";"2171100";"3296";"130147.0"
"18089753000";"2141000";"3296";"130154.9"
"18090833000";"2141000";"3296";"130162.9"
"18091913000";"2141000";"3296";"130171.2"
"18092999000";"2141000";"3296";"130179.2"
"18094341000";"2141000";"3296";"130189.0"
"18095420000";"2141000";"3296";"130197.0"
"18096499000";"2245300";"3296";"130204.9"
"18097579000";"2245300";"3296";"130212.9"
"18098659000";"2245300";"3296";"130220.8"
"18100003000";"2245300";"3296";"130229.1"
"18101083000";"2245300";"3296";"130237.1"
"18102163000";"2245300";"3296";"130245.4"
"18103249000";"2245300";"3296";"130253.4"
"18104329000";"2183400";"3296";"130261.3"
"18105671000";"2183400";"3296";"130269.6"
"18106751000";"2183400";"3296";"130277.6"
"18107831000";"2183400";"3296";"130285.9"
"18108912000";"2183400";"3296";"130293.9"
"18109991000";"2183400";"3296";"130301.8"
"18111333000";"2183400";"3296";"130310.2"
"18112417000";"2127400";"3296";"130318.1"
"18113504000";"2127400";"3296";"130326.1"
"18114583000";"2127400";"3296";"130334.4"
"18115663000";"2127400";"3296";"130342.3"
"18117005000";"2127400";"3296";"130350.7"
"18118085000";"2127400";"3296";"130358.6"
"18119164000";"2127400";"3296";"130366.6"
"18120244000";"2184300";"3296";"130374.5"
"18121324000";"2184300";"3296";"130382.5"
"18122667000";"2184300";"3296";"130390.8"
"18123753000";"2184300";"3296";"130398.7"
"18124833000";"2184300";"3296";"130407.1"
"18125913000";"2184300";"3296";"130415.0"
"18126992000";"2184300";"3296";"130423.0"
"18128335000";"2126700";"3296";"130431.3"
"18129415000";"2126700";"3296";"130439.6"
"18130496000";"2126700";"3296";"130447.6"
"18131575000";"2126700";"3296";"130455.5"
"18132654000";"2126700";"3296";"130463.5"
"18134003000";"2126700";"3296";"130471.8"
"18135083000";"2126700";"3296";"130479.8"
"18136163000";"2183900";"3296";"130487.7"
"18137243000";"2183900";"3296";"130495.7"
"18138323000";"2183900";"3296";"130504.0"
"18139666000";"2183900";"3296";"130511.9"
"18140746000";"2183900";"3296";"130520.3"
"18141826000";"2183900";"3296";"130528.2"
"18142911000";"2183900";"3296";"130536.2"
"18143991000";"2183700";"3296";"130544.1"
"18145334000";"2183700";"3296";"130552.5"
"18146413000";"2183700";"3296";"130560.8"
"18147493000";"2183700";"3296";"130568.7"
"18148573000";"2183700";"3296";"130576.7"
"18149654000";"2183700";"3296";"130584.6"
"18150997000";"2183700";"3296";"130593.0"
"18152077000";"2142300";"3296";"130601.3"
"18153162000";"2142300";"3296";"130609.3"
"18154247000";"2142300";"3296";"130617.2"
"18155326000";"2142300";"3296";"130625.2"
"18156669000";"2142300";"3296";"130635.0"
"18157749000";"2142300";"3296";"130643.0"
"18158830000";"2226100";"3296";"130650.9"
"18159910000";"2226100";"3296";"130658.9"
"18160990000";"2226100";"3296";"130666.8"
"18162333000";"2226100";"3296";"130675.1"
"18163419000";"2226100";"3296";"130683.5"
"18164499000";"2226100";"3296";"130691.4"
"18165580000";"2226100";"3296";"130699.4"
"18166659000";"2183500";"3296";"130707.3"
"18168002000";"2183500";"3296";"130717.2"
"18169082000";"2183500";"3297";"130725.1"
"18170163000";"2183500";"3297";"130733.5"
"18171242000";"2183500";"3297";"130741.4"
"18172322000";"2183500";"3297";"130749.4"
"18173670000";"2176400";"3297";"130757.7"
"18174750000";"2176400";"3297";"130765.6"
"18175830000";"2176400";"3296";"130773.6"
"18176910000";"2176400";"3296";"130781.5"
"18177990000";"2176400";"3296";"130789.5"
"18179333000";"2176400";"3296";"130797.8"
"18180412000";"2176400";"3296";"130806.1"
"18181492000";"2185500";"3296";"130814.1"
"18182572000";"2185500";"3296";"130822.0"
"18183657000";"2185500";"3296";"130830.0"
"18185000000";"2185500";"3296";"130838.3"
"18186080000";"2185500";"3296";"130846.6"
"18187160000";"2185500";"3296";"130854.6"
"18188239000";"2185500";"3296";"130862.6"
"18189319000";"2184300";"3296";"130870.5"
"18190661000";"2184300";"3296";"130878.8"
"18191742000";"2184300";"3296";"130887.2"
"18192822000";"2184300";"3296";"130895.1"
"18193907000";"2184300";"3296";"130903.1"
"18194987000";"2184300";"3296";"130911.0"
"18196334000";"2184300";"3296";"130919.3"
"18197415000";"2125300";"3296";"130927.3"
"18198495000";"2125300";"3296";"130935.2"
"18199575000";"2125300";"3296";"130943.2"
"18200654000";"2125300";"3296";"130951.5"
"18201998000";"2125300";"3296";"130959.8"
"18203084000";"2125300";"3296";"130967.8"
"18204164000";"2125300";"3296";"130975.7"
"18205244000";"2183500";"3296";"130983.7"
"18206323000";"2183500";"3296";"130992.0"
"18207666000";"2183500";"3296";"131000.4"
"18208746000";"2183500";"3296";"131008.3"
"18209826000";"2183500";"3296";"131016.3"
"18210906000";"2183500";"3296";"131024.2"
"18211986000";"2183500";"3296";"131032.5"
"18213335000";"2126700";"3296";"131040.5"
"18214414000";"2126700";"3296";"131048.8"
"18215493000";"2126700";"3296";"131056.8"
"18216573000";"2126700";"3296";"131064.7"
"18217653000";"2126700";"3296";"131072.7"
"18218995000";"2126700";"3296";"131081.0"
"18220074000";"2126700";"3296";"131088.9"
"18221155000";"2186100";"3296";"131096.9"
"18222234000";"2186100";"3296";"131104.9"
"18223320000";"2186100";"3296";"131113.2"
"18224663000";"2186100";"3296";"131121.5"
"18225743000";"2186100";"3296";"131129.5"
"18226822000";"2186100";"3296";"131137.4"
"18227902000";"2186100";"3296";"131145.7"
"18228981000";"2199000";"3296";"131153.7"
"18230323000";"2199000";"3296";"131162.0"
"18231403000";"2199000";"3296";"131170.0"
"18232483000";"2199000";"3296";"131177.9"
"18233569000";"2199000";"3296";"131185.9"
"18234649000";"2199000";"3296";"131194.2"
"18235992000";"2160100";"3296";"131203.7"
"18237071000";"2160100";"3296";"131211.6"
"18238155000";"2160100";"3296";"131219.6"
"18239235000";"2160100";"3296";"131227.9"
"18240315000";"2160100";"3296";"131235.9"
"18241657000";"2160100";"3296";"131244.2"
"18242737000";"2160100";"3296";"131252.1"
"18243822000";"2183400";"3296";"131260.1"
"18244902000";"2183400";"3296";"131268.4"
"18245982000";"2183400";"3297";"131276.4"
"18247326000";"2183400";"3297";"131284.7"
"18248405000";"2183400";"3297";"131292.6"
"18249485000";"2183400";"3297";"131300.6"
"18250565000";"2183400";"3297";"131308.9"
"18251645000";"2199900";"3297";"131316.9"
"18252994000";"2199900";"3297";"131325.2"
"18254074000";"2199900";"3297";"131333.2"
"18255153000";"2199900";"3297";"131341.1"
"18256234000";"2199900";"3297";"131349.4"
"18257314000";"2199900";"3297";"131357.4"
"18258657000";"2199900";"3297";"131365.7"
"18259738000";"2126200";"3297";"131373.7"
"18260817000";"2126200";"3297";"131381.6"
"18261897000";"2126200";"3297";"131389.6"
"18262983000";"2126200";"3297";"131397.9"
"18264325000";"2126200";"3297";"131407.7"
"18265404000";"2126200";"3297";"131415.7"
"18266484000";"2245300";"3297";"131423.6"
"18267564000";"2245300";"3297";"131431.6"
"18268644000";"2245300";"3297";"131439.9"
"18269987000";"2245300";"3297";"131448.3"
"18271066000";"2245300";"3297";"131456.2"
"18272145000";"2245300";"3297";"131464.2"
"18273232000";"2245300";"3297";"131472.1"
"18274312000";"2183900";"3297";"131480.1"
"18275655000";"2183900";"3297";"131489.9"
"18276735000";"2183900";"3297";"131497.9"
"18277815000";"2183900";"3297";"131505.8"
"18278895000";"2183900";"3297";"131513.8"
"18279979000";"2183900";"3297";"131522.1"
"18281322000";"2226200";"3297";"131531.6"
"18282401000";"2226200";"3297";"131539.5"
"18283487000";"2226200";"3297";"131547.8"
"18284567000";"2226200";"3297";"131555.8"
"18285648000";"2226200";"3297";"131563.8"
"18286991000";"2226200";"3296";"131572.1"
"18288071000";"2226200";"3296";"131580.4"
"18289150000";"2198700";"3297";"131588.4"
"18290229000";"2198700";"3297";"131596.3"
"18291308000";"2198700";"3297";"131604.3"
"18292652000";"2198700";"3297";"131612.6"
"18293738000";"2198700";"3297";"131620.5"
"18294817000";"2198700";"3296";"131628.9"
"18295897000";"2198700";"3296";"131636.8"
"18296977000";"2183900";"3296";"131644.8"
"18298321000";"2183900";"3296";"131653.1"
"18299400000";"2183900";"3296";"131661.0"
"18300480000";"2183900";"3297";"131669.0"
"18301560000";"2183900";"3296";"131676.9"
"18302640000";"2183900";"3296";"131685.3"
"18303987000";"2183900";"3297";"131693.6"
"18305068000";"2126900";"3297";"131701.6"
"18306148000";"2126900";"3297";"131709.5"
"18307228000";"2126900";"3297";"131717.5"
"18308308000";"2126900";"3297";"131725.8"
"18309651000";"2126900";"3297";"131735.3"
"18310731000";"2126900";"3297";"131743.6"
"18311811000";"2246200";"3297";"131751.5"
"18312896000";"2246200";"3297";"131759.5"
"18313976000";"2246200";"3297";"131767.4"
"18315320000";"2246200";"3297";"131777.3"
"18316400000";"2246200";"3297";"131785.2"
"18317480000";"2246200";"3297";"131793.2"
"18318560000";"2227600";"3297";"131801.1"
"18319641000";"2227600";"3296";"131809.1"
"18320983000";"2227600";"3296";"131818.9"
"18322067000";"2227600";"3296";"131826.9"
"18323153000";"2227600";"3296";"131835.2"
"18324233000";"2227600";"3296";"131843.2"
"18325312000";"2243200";"3296";"131851.1"
"18326656000";"2243200";"3296";"131859.5"
"18327735000";"2243200";"3296";"131867.4"
"18328815000";"2243200";"3296";"131875.7"
"18329895000";"2243200";"3296";"131883.7"
"18330976000";"2243200";"3296";"131891.6"
"18332318000";"2243200";"3296";"131900.0"
"18333403000";"2126700";"3297";"131907.9"
"18334482000";"2126700";"3297";"131915.9"
"18335562000";"2126700";"3297";"131923.8"
"18336643000";"2126700";"3297";"131931.8"
"18337986000";"2126700";"3297";"131941.6"
"18339066000";"2126700";"3297";"131949.6"
"18340146000";"2229300";"3297";"131957.5"
"18341226000";"2229300";"3297";"131965.9"
"18342306000";"2229300";"3297";"131973.8"
"18343655000";"2229300";"3297";"131983.7"
"18344734000";"2229300";"3297";"131991.6"
"18345815000";"2229300";"3297";"131999.9"
"18346894000";"2261800";"3297";"132007.9"
"18347974000";"2261800";"3297";"132015.8"
"18349317000";"2261800";"3297";"132025.7"
"18350396000";"2261800";"3297";"132033.6"
"18351477000";"2261800";"3297";"132041.6"
"18352556000";"2261800";"3297";"132049.5"
"18353642000";"2244900";"3297";"132057.9"
"18354983000";"2244900";"3297";"132065.8"
"18356064000";"2244900";"3297";"132074.2"
"18357143000";"2244900";"3297";"132082.1"
"18358223000";"2244900";"3297";"132090.1"
"18359303000";"2244900";"3297";"132098.0"
"18360645000";"2244900";"3297";"132106.3"
"18361725000";"2114400";"3297";"132114.3"
"18362805000";"2114400";"3296";"132122.2"
"18363896000";"2114400";"3296";"132130.6"
"18364976000";"2114400";"3296";"132138.5"
"18366319000";"2114400";"3296";"132146.8"
"18367398000";"2114400";"3296";"132154.8"
"18368478000";"2114400";"3296";"132163.1"
"18369558000";"2197200";"3296";"132171.1"
"18370638000";"2197200";"3296";"132179.0"
"18371980000";"2197200";"3296";"132187.3"
"18373065000";"2197200";"3296";"132195.3"
"18374145000";"2197200";"3296";"132203.3"
"18375226000";"2197200";"3296";"132211.2"
"18376305000";"2197200";"3296";"132219.5"
"18377649000";"2126700";"3296";"132227.9"
"18378729000";"2126700";"3296";"132235.8"
"18379809000";"2126700";"3296";"132243.8"
"18380889000";"2126700";"3296";"132251.7"
"18381968000";"2126700";"3296";"132259.7"
"18383317000";"2126700";"3296";"132268.0"
"18384397000";"2126700";"3296";"132276.3"
"18385477000";"2183900";"3296";"132284.3"
"18386556000";"2183900";"3296";"132292.2"
"18387636000";"2183900";"3296";"132300.6"
"18388979000";"2183900";"3296";"132308.9"
"18390058000";"2183900";"3296";"132316.8"
"18391139000";"2183900";"3296";"132324.8"
"18392219000";"2183900";"3296";"132332.7"
"18393305000";"2198500";"3296";"132341.1"
"18394648000";"2198500";"3296";"132349.4"
"18395728000";"2198500";"3297";"132357.3"
"18396807000";"2198500";"3297";"132365.3"
"18397886000";"2198500";"3297";"132373.2"
"18398966000";"2198500";"3297";"132381.2"
"18400309000";"2162100";"3297";"132391.0"
"18401390000";"2162100";"3297";"132399.0"
"18402469000";"2162100";"3296";"132406.9"
"18403555000";"2162100";"3296";"132415.3"
"18404635000";"2162100";"3297";"132423.2"
"18405982000";"2162100";"3296";"132431.6"
"18407062000";"2162100";"3296";"132439.5"
"18408141000";"2197600";"3297";"132447.8"
"18409221000";"2197600";"3297";"132455.8"
"18410300000";"2197600";"3297";"132463.7"
"18411642000";"2197600";"3297";"132472.1"
"18412721000";"2197600";"3296";"132480.0"
"18413807000";"2197600";"3296";"132488.3"
"18414886000";"2197600";"3296";"132496.3"
"18415966000";"2184800";"3296";"132504.3"
"18417308000";"2184800";"3296";"132512.6"
"18418388000";"2184800";"3296";"132520.5"
"18419468000";"2184800";"3297";"132528.5"
"18420548000";"2184800";"3296";"132536.4"
"18421628000";"2184800";"3296";"132544.8"
"18422977000";"2176400";"3297";"132554.6"
"18424057000";"2176400";"3297";"132562.6"
"18425137000";"2176400";"3297";"132570.5"
"18426217000";"2176400";"3297";"132578.8"
"18427297000";"2176400";"3297";"132586.8"
"18428641000";"2176400";"3297";"132595.1"
"18429721000";"2176400";"3297";"132603.1"
"18430800000";"2185200";"3297";"132611.0"
"18431881000";"2185200";"3297";"132619.4"
"18432965000";"2185200";"3296";"132627.3"
"18434308000";"2185200";"3296";"132637.2"
"18435388000";"2185200";"3296";"132645.1"
"18436467000";"2185200";"3296";"132653.1"
"18437547000";"2245100";"3296";"132661.0"
"18438628000";"2245100";"3296";"132669.3"
"18439970000";"2245100";"3296";"132677.3"
"18441050000";"2245100";"3296";"132685.6"
"18442130000";"2245100";"3296";"132693.6"
"18443216000";"2245100";"3296";"132701.5"
"18444295000";"2245100";"3296";"132709.5"
"18445637000";"2184000";"3296";"132719.3"
"18446718000";"2184000";"3296";"132727.7"
"18447803000";"2184000";"3296";"132735.6"
"18448883000";"2184000";"3296";"132743.6"
"18449962000";"2184000";"3296";"132751.5"
"18451305000";"2184000";"3296";"132761.4"
"18452385000";"2244700";"3296";"132769.3"
"18453471000";"2244700";"3296";"132777.3"
"18454551000";"2244700";"3296";"132785.6"
"18455630000";"2244700";"3296";"132793.5"
"18456974000";"2244700";"3296";"132801.9"
"18458054000";"2244700";"3296";"132809.8"
"18459134000";"2244700";"3296";"132817.8"
"18460213000";"2183900";"3296";"132825.7"
"18461294000";"2183900";"3296";"132834.1"
"18462637000";"2183900";"3297";"132842.0"
"18463722000";"2183900";"3297";"132850.3"
"18464802000";"2183900";"3297";"132858.3"
"18465882000";"2183900";"3297";"132866.2"
"18466961000";"2183900";"3297";"132874.6"
"18468304000";"2198100";"3297";"132884.4"
"18469383000";"2198100";"3297";"132892.4"
"18470462000";"2198100";"3297";"132900.3"
"18471542000";"2198100";"3297";"132908.3"
"18472622000";"2198100";"3297";"132916.2"
"18473971000";"2198100";"3297";"132924.5"
"18475051000";"2198100";"3297";"132932.9"
"18476131000";"2184100";"3297";"132940.8"
"18477212000";"2184100";"3297";"132948.8"
"18478291000";"2184100";"3297";"132956.7"
"18479633000";"2184100";"3297";"132965.0"
"18480713000";"2184100";"3297";"132973.0"
"18481793000";"2184100";"3297";"132981.0"
"18482879000";"2184100";"3297";"132989.3"
"18483959000";"2184100";"3297";"132997.2"
"18485302000";"2184100";"3297";"133005.6"
"18486382000";"2184100";"3297";"133013.5"
"18487462000";"2184100";"3297";"133021.8"
"18488542000";"2184100";"3297";"133029.8"
"18489626000";"2184100";"3297";"133037.7"
"18490969000";"2184100";"3297";"133046.1"
"18492049000";"2126900";"3296";"133054.0"
"18493134000";"2126900";"3297";"133062.4"
"18494214000";"2126900";"3297";"133070.3"
"18495294000";"2126900";"3297";"133078.3"
"18496571000";"2126900";"3297";"133086.6"
"18497717000";"2126900";"3297";"133094.5"
"18498796000";"2126900";"3297";"133102.5"
"18499875000";"2184300";"3297";"133110.4"
"18500955000";"2184300";"3297";"133118.8"
"18502298000";"2184300";"3297";"133128.2"
"18503384000";"2184300";"3297";"133136.6"
"18504463000";"2184300";"3297";"133144.5"
"18505543000";"2184300";"3297";"133152.5"
"18506624000";"2244700";"3297";"133160.4"
"18507967000";"2244700";"3297";"133170.3"
"18509047000";"2244700";"3297";"133178.6"
"18510128000";"2244700";"3297";"133186.6"
"18511207000";"2244700";"3297";"133194.5"
"18512286000";"2244700";"3297";"133202.5"
"18513634000";"2176600";"3297";"133210.8"
"18514714000";"2176600";"3296";"133218.7"
"18515794000";"2176600";"3297";"133226.7"
"18516874000";"2176600";"3297";"133235.0"
"18517955000";"2176600";"3297";"133243.0"
"18519298000";"2176600";"3297";"133251.3"
"18520378000";"2176600";"3297";"133259.2"
"18521459000";"2184800";"3297";"133267.2"
"18522538000";"2184800";"3297";"133275.1"
"18523623000";"2184800";"3297";"133283.5"
"18524966000";"2184800";"3297";"133291.8"
"18526046000";"2184800";"3296";"133299.7"
"18527126000";"2184800";"3297";"133307.7"
"18528206000";"2184800";"3297";"133316.0"
"18529285000";"2199000";"3297";"133324.0"
"18530629000";"2199000";"3297";"133332.3"
"18531713000";"2199000";"3297";"133340.3"
"18532793000";"2199000";"3296";"133348.2"
"18533879000";"2199000";"3296";"133356.5"
"18534959000";"2199000";"3296";"133364.5"
"18536302000";"2158300";"3296";"133374.0"
"18537382000";"2158300";"3296";"133382.3"
"18538462000";"2158300";"3297";"133390.2"
"18539542000";"2158300";"3297";"133398.2"
"18540622000";"2158300";"3297";"133406.1"
"18541964000";"2158300";"3297";"133414.5"
"18543049000";"2158300";"3297";"133422.4"
"18544129000";"2198700";"3297";"133430.8"
"18545209000";"2198700";"3297";"133438.7"
"18546288000";"2198700";"3297";"133446.7"
"18547631000";"2198700";"3297";"133455.0"
"18548711000";"2198700";"3297";"133463.3"
"18549791000";"2198700";"3297";"133471.3"
"18550871000";"2198700";"3297";"133479.2"
"18551951000";"2185700";"3296";"133487.2"
"18553299000";"2185700";"3296";"133497.0"
"18554380000";"2185700";"3296";"133505.0"
"18555459000";"2185700";"3296";"133512.9"
"18556540000";"2185700";"3296";"133521.3"
"18557620000";"2185700";"3296";"133529.2"
"18558963000";"2176200";"3296";"133537.5"
"18560043000";"2176200";"3296";"133545.5"
"18561123000";"2176200";"3296";"133553.4"
"18562203000";"2176200";"3296";"133561.4"
"18563288000";"2176200";"3296";"133569.7"
"18564631000";"2176200";"3296";"133578.0"
"18565712000";"2176200";"3296";"133586.0"
"18566792000";"2183500";"3296";"133593.9"
"18567871000";"2183500";"3296";"133602.3"
"18568951000";"2183500";"3297";"133610.2"
"18570293000";"2183500";"3297";"133620.1"
"18571374000";"2183500";"3297";"133628.0"
"18572454000";"2183500";"3297";"133636.0"
"18573544000";"2243400";"3296";"133643.9"
"18574624000";"2243400";"3296";"133651.9"
"18575968000";"2243400";"3296";"133661.7"
"18577047000";"2243400";"3296";"133669.7"
"18578128000";"2243400";"3296";"133677.6"
"18579208000";"2243400";"3296";"133686.0"
"18580288000";"2246000";"3296";"133693.9"
"18581631000";"2246000";"3296";"133702.2"
"18582711000";"2246000";"3296";"133710.2"
"18583795000";"2246000";"3296";"133718.1"
"18584875000";"2246000";"3296";"133726.5"
"18585954000";"2246000";"3296";"133734.4"
"18587297000";"2246000";"3296";"133742.7"
"18588377000";"2127200";"3296";"133750.7"
"18589457000";"2127200";"3296";"133759.0"
"18590537000";"2127200";"3296";"133767.0"
"18591617000";"2127200";"3296";"133774.9"
"18592965000";"2127200";"3296";"133783.3"
"18594046000";"2127200";"3296";"133791.2"
"18595126000";"2127200";"3296";"133799.5"
"18596206000";"2198300";"3296";"133807.5"
"18597286000";"2198300";"3296";"133815.4"
"18598628000";"2198300";"3296";"133823.8"
"18599708000";"2198300";"3296";"133831.7"
"18600788000";"2198300";"3296";"133839.7"
"18601868000";"2198300";"3296";"133847.6"
"18602954000";"2198300";"3296";"133856.0"
"18604298000";"2183600";"3297";"133865.8"
"18605378000";"2183600";"3297";"133873.8"
"18606458000";"2183600";"3296";"133881.7"
"18607537000";"2183600";"3297";"133890.0"
"18608617000";"2183600";"3297";"133898.0"
"18609960000";"2183600";"3297";"133906.3"
"18611040000";"2183600";"3297";"133914.3"
"18612121000";"2185300";"3297";"133922.2"
"18613207000";"2185300";"3297";"133930.5"
"18614287000";"2185300";"3297";"133938.5"
"18615635000";"2185300";"3297";"133946.8"
"18616714000";"2185300";"3297";"133954.8"
"18617793000";"2185300";"3297";"133962.7"
"18618874000";"2185300";"3297";"133970.7"
"18619953000";"2182500";"3297";"133978.6"
"18621296000";"2182500";"3297";"133986.9"
"18622377000";"2182500";"3297";"133995.3"
"18623462000";"2182500";"3297";"134003.2"
"18624542000";"2182500";"3297";"134011.2"
"18625621000";"2182500";"3297";"134019.5"
"18626963000";"2182500";"3297";"134027.8"
"18628043000";"2141300";"3297";"134035.8"
"18629122000";"2141300";"3297";"134043.7"
"18630203000";"2141300";"3297";"134051.7"
"18631283000";"2141300";"3297";"134060.0"
"18632626000";"2141300";"3297";"134068.4"
"18633712000";"2141300";"3297";"134076.3"
"18634792000";"2141300";"3297";"134084.3"
"18635872000";"2183500";"3297";"134092.2"
"18636952000";"2183500";"3297";"134100.2"
"18638295000";"2183500";"3297";"134108.5"
"18639376000";"2183500";"3297";"134116.4"
"18640455000";"2183500";"3297";"134124.8"
"18641536000";"2183500";"3297";"134132.7"
"18642616000";"2183500";"3297";"134140.7"
"18643964000";"2126400";"3297";"134149.0"
"18645045000";"2126400";"3297";"134156.9"
"18646124000";"2126400";"3297";"134165.3"
"18647204000";"2126400";"3297";"134173.2"
"18648284000";"2126400";"3297";"134181.2"
"18649626000";"2126400";"3297";"134191.0"
"18650706000";"2246800";"3297";"134199.0"
"18651786000";"2246800";"3297";"134207.3"
"18652872000";"2246800";"3297";"134215.3"
"18653952000";"2246800";"3297";"134223.2"
"18655296000";"2246800";"3297";"134231.5"
"18656375000";"2246800";"3297";"134239.5"
"18657460000";"2246800";"3297";"134247.4"
"18658540000";"2182100";"3297";"134255.4"
"18659620000";"2182100";"3297";"134263.7"
"18660963000";"2182100";"3297";"134273.2"
"18662042000";"2182100";"3296";"134281.1"
"18663128000";"2182100";"3297";"134289.5"
"18664208000";"2182100";"3297";"134297.4"
"18665288000";"2244900";"3297";"134305.4"
"18666631000";"2244900";"3297";"134315.2"
"18667710000";"2244900";"3297";"134323.2"
"18668791000";"2244900";"3297";"134331.5"
"18669870000";"2244900";"3297";"134339.5"
"18670951000";"2244900";"3296";"134347.4"
"18672293000";"2178400";"3296";"134355.7"
"18673379000";"2178400";"3296";"134363.7"
"18674459000";"2178400";"3296";"134372.0"
"18675539000";"2178400";"3296";"134380.0"
"18676618000";"2178400";"3296";"134387.9"
"18677961000";"2178400";"3296";"134396.2"
"18679041000";"2178400";"3296";"134404.2"
"18680121000";"2183900";"3296";"134412.1"
"18681201000";"2183900";"3296";"134420.1"
"18682281000";"2183900";"3296";"134428.4"
"18683629000";"2183900";"3296";"134436.8"
"18684709000";"2183900";"3296";"134444.7"
"18685790000";"2183900";"3297";"134452.7"
"18686869000";"2183900";"3297";"134460.6"
"18687948000";"2198700";"3297";"134468.9"
"18689292000";"2198700";"3296";"134477.3"
"18690371000";"2198700";"3296";"134485.2"
"18691450000";"2198700";"3296";"134493.2"
"18692531000";"2198700";"3296";"134501.5"
"18693617000";"2198700";"3296";"134509.5"
"18694958000";"2198700";"3297";"134517.8"
"18696037000";"2127200";"3297";"134525.7"
"18697118000";"2127200";"3297";"134533.7"
"18698197000";"2127200";"3297";"134541.6"
"18699282000";"2127200";"3296";"134549.6"
"18700625000";"2127200";"3296";"134557.9"
"18701705000";"2127200";"3297";"134565.9"
"18702785000";"2127200";"3297";"134574.2"
"18703870000";"2182600";"3297";"134582.1"
"18704949000";"2182600";"3297";"134590.1"
"18706292000";"2182600";"3297";"134598.4"
"18707372000";"2182600";"3297";"134606.7"
"18708451000";"2182600";"3297";"134614.7"
"18709531000";"2182600";"3297";"134622.7"
"18710611000";"2182600";"3297";"134631.0"
"18711953000";"2142900";"3297";"134639.3"
"18713040000";"2142900";"3297";"134647.3"
"18714119000";"2142900";"3297";"134655.2"
"18715198000";"2142900";"3297";"134663.2"
"18716278000";"2142900";"3297";"134671.1"
"18717621000";"2142900";"3297";"134679.4"
"18718700000";"2142900";"3297";"134687.4"
"18719780000";"2169500";"3297";"134695.3"
"18720860000";"2169500";"3297";"134703.7"
"18721939000";"2169500";"3297";"134711.6"
"18723288000";"2169500";"3297";"134721.5"
"18724368000";"2169500";"3297";"134729.4"
"18725447000";"2169500";"3297";"134737.4"
"18726527000";"2262300";"3297";"134745.7"
"18727607000";"2262300";"3297";"134753.7"
"18728949000";"2262300";"3297";"134762.0"
"18730028000";"2262300";"3297";"134769.9"
"18731108000";"2262300";"3297";"134777.9"
"18732188000";"2262300";"3297";"134786.2"
"18733273000";"2262300";"3297";"134794.2"
"18734617000";"2127000";"3297";"134802.5"
"18735696000";"2127000";"3297";"134810.4"
"18736776000";"2127000";"3297";"134818.4"
"18737855000";"2127000";"3297";"134826.3"
"18738936000";"2127000";"3297";"134834.3"
"18740279000";"2127000";"3297";"134842.6"
"18741364000";"2127000";"3297";"134851.0"
"18742443000";"2184300";"3297";"134858.9"
"18743528000";"2184300";"3297";"134866.9"
"18744608000";"2184300";"3297";"134874.8"
"18745951000";"2184300";"3297";"134884.7"
"18747031000";"2184300";"3296";"134892.6"
"18748110000";"2184300";"3297";"134900.9"
"18749190000";"2245100";"3297";"134908.9"
"18750269000";"2245100";"3296";"134916.8"
"18751612000";"2245100";"3296";"134925.2"
"18752693000";"2245100";"3296";"134933.1"
"18753777000";"2245100";"3296";"134941.4"
"18754858000";"2245100";"3296";"134949.4"
"18755937000";"2245100";"3296";"134957.4"
"18757280000";"2184000";"3296";"134967.2"
"18758359000";"2184000";"3296";"134975.2"
"18759438000";"2184000";"3296";"134983.1"
"18760519000";"2184000";"3296";"134991.1"
"18761598000";"2184000";"3296";"134999.0"
"18762946000";"2184000";"3296";"135007.7"
"18764025000";"2184000";"3296";"135015.7"
"18765104000";"2185000";"3296";"135023.6"
"18766185000";"2185000";"3297";"135031.6"
"18767265000";"2185000";"3297";"135039.9"
"18768607000";"2185000";"3296";"135048.2"
"18769686000";"2185000";"3296";"135056.2"
"18770767000";"2185000";"3296";"135064.1"
"18771847000";"2185000";"3296";"135072.5"
"18772932000";"2198700";"3296";"135080.4"
"18774275000";"2198700";"3296";"135088.7"
"18775355000";"2198700";"3296";"135096.7"
"18776434000";"2198700";"3296";"135104.6"
"18777514000";"2198700";"3296";"135112.6"
"18778595000";"2198700";"3296";"135120.5"
"18779938000";"2198700";"3296";"135128.9"
"18781018000";"2127900";"3296";"135137.2"
"18782098000";"2127900";"3296";"135145.1"
"18783189000";"2127900";"3296";"135153.1"
"18784268000";"2127900";"3296";"135161.0"
"18785611000";"2127900";"3296";"135169.4"
"18786691000";"2127900";"3296";"135177.7"
"18787772000";"2127900";"3296";"135185.7"
"18788851000";"2182500";"3296";"135193.6"
"18789931000";"2182500";"3296";"135201.9"
"18791274000";"2182500";"3296";"135211.4"
"18792353000";"2182500";"3296";"135219.7"
"18793440000";"2182500";"3296";"135227.7"
"18794520000";"2182500";"3296";"135235.6"
"18795600000";"2244700";"3296";"135243.6"
"18796943000";"2244700";"3296";"135251.9"
"18798022000";"2244700";"3296";"135259.9"
"18799102000";"2244700";"3296";"135267.8"
"18800182000";"2244700";"3296";"135276.2"
"18801262000";"2244700";"3296";"135284.1"
"18802606000";"2244700";"3296";"135292.4"
"18803692000";"2126400";"3296";"135300.4"
"18804771000";"2126400";"3296";"135308.3"
"18805851000";"2126400";"3296";"135316.7"
"18806931000";"2126400";"3296";"135324.6"
"18808273000";"2126400";"3296";"135334.5"
"18809354000";"2126400";"3296";"135342.4"
"18810434000";"2246600";"3296";"135350.4"
"18811514000";"2246600";"3296";"135358.3"
"18812594000";"2246600";"3296";"135366.6"
"18813943000";"2246600";"3296";"135374.6"
"18815022000";"2246600";"3296";"135382.9"
"18816102000";"2246600";"3296";"135390.9"
"18817182000";"2246600";"3296";"135398.8"
"18818262000";"2183900";"3297";"135406.8"
"18819605000";"2183900";"3296";"135415.1"
"18820684000";"2183900";"3296";"135423.0"
"18821765000";"2183900";"3296";"135431.0"
"18822844000";"2183900";"3296";"135439.0"
"18823930000";"2183900";"3296";"135447.3"
"18825277000";"2183900";"3296";"135455.6"
"18826357000";"2125700";"3296";"135463.6"
"18827437000";"2125700";"3296";"135471.5"
"18828517000";"2125700";"3296";"135479.8"
"18829597000";"2125700";"3296";"135487.8"
"18830938000";"2125700";"3296";"135496.1"
"18832018000";"2125700";"3296";"135504.1"
"18833103000";"2125700";"3296";"135512.4"
"18834182000";"2199400";"3296";"135520.4"
"18835262000";"2199400";"3296";"135528.3"
"18836604000";"2199400";"3297";"135536.6"
"18837683000";"2199400";"3297";"135544.6"
"18838764000";"2199400";"3297";"135552.5"
"18839844000";"2199400";"3297";"135560.5"
"18840924000";"2199400";"3296";"135568.4"
"18842266000";"2114300";"3297";"135576.8"
"18843352000";"2114300";"3297";"135584.7"
"18844432000";"2114300";"3297";"135593.0"
"18845512000";"2114300";"3297";"135601.0"
"18846592000";"2114300";"3297";"135608.9"
"18847935000";"2114300";"3297";"135618.8"
"18849015000";"2244500";"3297";"135626.7"
"18850094000";"2244500";"3297";"135635.1"
"18851175000";"2244500";"3297";"135643.0"
"18852254000";"2244500";"3297";"135651.0"
"18853603000";"2244500";"3297";"135659.3"
"18854682000";"2244500";"3297";"135667.3"
"18855762000";"2244500";"3297";"135675.2"
"18856842000";"2184100";"3297";"135683.2"
"18857921000";"2184100";"3296";"135691.1"
"18859265000";"2184100";"3296";"135699.4"
"18860345000";"2184100";"3296";"135707.8"
"18861425000";"2184100";"3296";"135715.7"
"18862505000";"2184100";"3296";"135723.7"
"18863590000";"2184100";"3296";"135731.6"
"18864933000";"2126500";"3296";"135739.9"
"18866014000";"2126500";"3296";"135747.9"
"18867098000";"2126500";"3296";"135756.2"
"18868178000";"2126500";"3296";"135764.2"
"18869258000";"2126500";"3296";"135772.1"
"18870601000";"2126500";"3296";"135780.5"
"18871681000";"2126500";"3296";"135788.8"
"18872761000";"2198700";"3296";"135796.7"
"18873846000";"2198700";"3296";"135804.7"
"18874926000";"2198700";"3296";"135812.6"
"18876269000";"2198700";"3296";"135821.0"
"18877349000";"2198700";"3296";"135828.9"
"18878429000";"2198700";"3296";"135836.9"
"18879509000";"2198700";"3296";"135844.8"
"18880590000";"2169000";"3296";"135852.8"
"18881934000";"2169000";"3296";"135861.1"
"18883020000";"2169000";"3296";"135869.4"
"18884099000";"2169000";"3296";"135877.4"
"18885178000";"2169000";"3296";"135885.3"
"18886259000";"2169000";"3296";"135893.7"
"18887600000";"2169000";"3296";"135902.0"
"18888679000";"2141300";"3296";"135909.9"
"18889760000";"2141300";"3296";"135917.9"
"18890839000";"2141300";"3296";"135925.8"
"18891920000";"2141300";"3296";"135934.2"
"18893269000";"2141300";"3296";"135943.6"
"18894348000";"2141300";"3296";"135951.6"
"18895429000";"2227200";"3296";"135959.5"
"18896509000";"2227200";"3296";"135967.9"
"18897589000";"2227200";"3296";"135975.8"
"18898932000";"2227200";"3296";"135984.1"
"18900012000";"2227200";"3296";"135992.1"
"18901091000";"2227200";"3296";"136000.0"
"18902172000";"2227200";"3296";"136008.0"
"18903257000";"2183700";"3296";"136016.0"
"18904600000";"2183700";"3296";"136024.3"
"18905679000";"2183700";"3296";"136032.2"
"18906759000";"2183700";"3296";"136040.6"
"18907838000";"2183700";"3296";"136048.5"
"18908923000";"2183700";"3296";"136056.5"
"18910266000";"2183700";"3296";"136064.8"
"18911345000";"2127400";"3296";"136072.7"
"18912426000";"2127400";"3296";"136081.1"
"18913512000";"2127400";"3296";"136089.0"
"18914592000";"2127400";"3296";"136097.0"
"18915936000";"2127400";"3297";"136105.3"
"18917016000";"2127400";"3297";"136113.2"
"18918096000";"2127400";"3296";"136121.2"
"18919176000";"2183200";"3296";"136129.2"
"18920256000";"2183200";"3296";"136137.1"
"18921598000";"2183200";"3296";"136146.9"
"18922679000";"2183200";"3296";"136154.9"
"18923764000";"2183200";"3296";"136162.9"
"18924844000";"2183200";"3296";"136171.2"
"18925923000";"2244900";"3296";"136179.1"
"18927266000";"2244900";"3296";"136187.5"
"18928346000";"2244900";"3296";"136195.4"
"18929426000";"2244900";"3296";"136203.7"
"18930506000";"2244900";"3296";"136211.7"
"18931585000";"2244900";"3296";"136219.6"
"18932933000";"2244900";"3296";"136228.0"
"18934012000";"2127200";"3296";"136235.9"
"18935091000";"2127200";"3296";"136243.9"
"18936172000";"2127200";"3296";"136251.8"
"18937251000";"2127200";"3296";"136259.8"
"18938594000";"2127200";"3296";"136268.1"
"18939674000";"2127200";"3296";"136276.0"
"18940754000";"2127200";"3296";"136284.4"
"18941834000";"2185700";"3296";"136292.3"
"18942920000";"2185700";"3296";"136300.3"
"18944262000";"2185700";"3296";"136310.1"
"18945341000";"2185700";"3296";"136318.1"
"18946421000";"2185700";"3296";"136326.0"
"18947502000";"2185700";"3296";"136334.4"
"18948581000";"2245100";"3296";"136342.3"
"18949923000";"2245100";"3296";"136350.6"
"18951008000";"2245100";"3297";"136358.6"
"18952087000";"2245100";"3297";"136366.5"
"18953173000";"2245100";"3297";"136374.9"
"18954252000";"2245100";"3297";"136382.8"
"18955594000";"2245100";"3297";"136391.2"
"18956674000";"2126000";"3297";"136399.1"
"18957754000";"2126000";"3297";"136407.1"
"18958834000";"2126000";"3297";"136415.0"
"18959913000";"2126000";"3297";"136423.0"
"18961257000";"2126000";"3297";"136431.3"
"18962336000";"2126000";"3297";"136439.2"
"18963422000";"2126000";"3297";"136447.6"
"18964502000";"2183900";"3297";"136455.5"
"18965581000";"2183900";"3297";"136463.5"
"18966924000";"2183900";"3297";"136471.8"
"18968004000";"2183900";"3297";"136480.1"
"18969083000";"2183900";"3297";"136488.1"
"18970163000";"2183900";"3297";"136496.0"
"18971243000";"2183900";"3297";"136504.0"
"18972587000";"2185400";"3296";"136513.8"
"18973672000";"2185400";"3297";"136521.8"
"18974751000";"2185400";"3297";"136530.1"
"18975831000";"2185400";"3297";"136538.1"
"18976910000";"2185400";"3297";"136546.0"
"18978253000";"2185400";"3297";"136555.9"
"18979332000";"2245800";"3297";"136563.8"
"18980412000";"2245800";"3297";"136571.8"
"18981492000";"2245800";"3297";"136579.7"
"18982572000";"2245800";"3297";"136587.7"
"18983920000";"2245800";"3297";"136596.0"
"18985000000";"2245800";"3297";"136604.3"
"18986080000";"2245800";"3297";"136612.3"
"18987161000";"2183700";"3297";"136620.2"
"18988240000";"2183700";"3297";"136628.2"
"18989583000";"2183700";"3297";"136638.0"
"18990663000";"2183700";"3297";"136646.0"
"18991742000";"2183700";"3297";"136654.3"
"18992827000";"2183700";"3298";"136662.3"
"18993913000";"2243200";"3298";"136670.2"
"18995256000";"2243200";"3298";"136678.5"
"18996335000";"2243200";"3298";"136686.5"
"18997415000";"2243200";"3297";"136694.4"
"18998496000";"2243200";"3297";"136702.4"
"18999576000";"2243200";"3297";"136710.7"
"19000919000";"2243200";"3297";"136719.0"
"19002000000";"2127900";"3298";"136727.0"
"19003085000";"2127900";"3298";"136734.9"
"19004165000";"2127900";"3298";"136742.9"
"19005244000";"2127900";"3297";"136750.9"
"19006586000";"2127900";"3298";"136759.2"
"19007667000";"2127900";"3298";"136767.5"
"19008747000";"2127900";"3298";"136775.5"
"19009827000";"2184100";"3297";"136783.4"
"19010906000";"2184100";"3297";"136791.7"
"19012249000";"2184100";"3297";"136801.2"
"19013335000";"2184100";"3297";"136809.5"
"19014414000";"2184100";"3297";"136817.5"
"19015494000";"2184100";"3297";"136825.4"
"19016574000";"2245100";"3297";"136833.4"
"19017916000";"2245100";"3297";"136841.7"
"19018996000";"2245100";"3297";"136849.7"
"19020076000";"2245100";"3297";"136857.6"
"19021157000";"2245100";"3297";"136866.0"
"19022236000";"2245100";"3297";"136873.9"
"19023584000";"2160100";"3297";"136883.4"
"19024665000";"2160100";"3297";"136891.7"
"19025745000";"2160100";"3297";"136899.7"
"19026825000";"2160100";"3297";"136907.6"
"19027905000";"2160100";"3297";"136915.9"
"19029247000";"2160100";"3297";"136924.3"
"19030327000";"2160100";"3297";"136932.2"
"19031407000";"2200100";"3297";"136940.2"
"19032487000";"2200100";"3297";"136948.1"
"19033573000";"2200100";"3297";"136956.1"
"19034920000";"2200100";"3297";"136964.4"
"19036000000";"2200100";"3297";"136972.3"
"19037081000";"2200100";"3297";"136980.7"
"19038160000";"2200100";"3297";"136988.6"
"19039240000";"2182500";"3297";"136996.6"
"19040583000";"2182500";"3297";"137006.0"
"19041664000";"2182500";"3297";"137014.0"
"19042744000";"2182500";"3297";"137022.3"
"19043829000";"2182500";"3297";"137030.3"
"19044910000";"2182500";"3297";"137038.2"
"19046251000";"2225800";"3297";"137048.1"
"19047331000";"2225800";"3297";"137056.0"
"19048412000";"2225800";"3296";"137064.0"
"19049491000";"2225800";"3296";"137072.3"
"19050572000";"2225800";"3297";"137080.3"
"19051915000";"2225800";"3297";"137088.6"
"19053000000";"2225800";"3297";"137096.5"
"19054080000";"2183500";"3297";"137104.5"
"19055161000";"2183500";"3297";"137112.8"
"19056241000";"2183500";"3297";"137120.8"
"19057584000";"2183500";"3297";"137129.1"
"19058663000";"2183500";"3297";"137137.1"
"19059744000";"2183500";"3297";"137145.0"
"19060824000";"2183500";"3297";"137153.0"
"19061904000";"2185000";"3297";"137160.9"
"19063253000";"2185000";"3297";"137169.2"
"19064334000";"2185000";"3296";"137177.2"
"19065413000";"2185000";"3296";"137185.5"
"19066493000";"2185000";"3297";"137193.5"
"19067573000";"2185000";"3296";"137201.4"
"19068915000";"2185000";"3296";"137209.7"
"19069996000";"2126500";"3296";"137217.7"
"19071076000";"2126500";"3297";"137226.0"
"19072156000";"2126500";"3297";"137234.0"
"19073242000";"2126500";"3297";"137241.9"
"19074585000";"2126500";"3297";"137251.8"
"19075664000";"2126500";"3297";"137259.7"
"19076748000";"2243200";"3297";"137267.7"
"19077828000";"2243200";"3297";"137275.6"
"19078908000";"2243200";"3297";"137283.6"
"19080251000";"2243200";"3297";"137291.9"
"19081331000";"2243200";"3297";"137299.9"
"19082410000";"2243200";"3297";"137307.8"
"19083495000";"2243200";"3297";"137315.8"
"19084574000";"2184400";"3297";"137324.1"
"19085917000";"2184400";"3297";"137332.4"
"19086997000";"2184400";"3297";"137340.4"
"19088078000";"2184400";"3297";"137348.3"
"19089157000";"2184400";"3297";"137356.3"
"19090237000";"2184400";"3297";"137364.6"
"19091580000";"2161700";"3297";"137374.1"
"19092661000";"2161700";"3297";"137382.4"
"19093745000";"2161700";"3297";"137390.4"
"19094826000";"2161700";"3297";"137398.3"
"19095905000";"2161700";"3297";"137406.3"
"19097249000";"2161700";"3297";"137414.6"
"19098329000";"2161700";"3297";"137422.5"
"19099409000";"2183400";"3297";"137430.5"
"19100490000";"2183400";"3297";"137438.4"
"19101570000";"2183400";"3297";"137446.8"
"19102919000";"2183400";"3297";"137455.1"
"19103998000";"2183400";"3297";"137463.0"
"19105078000";"2183400";"3297";"137471.0"
"19106158000";"2183400";"3297";"137478.9"
"19107238000";"2183700";"3297";"137486.9"
"19108581000";"2183700";"3297";"137496.7"
"19109660000";"2183700";"3297";"137504.7"
"19110741000";"2183700";"3297";"137513.0"
"19111820000";"2183700";"3297";"137521.0"
"19112905000";"2183700";"3297";"137528.9"
"19114248000";"2176800";"3297";"137537.3"
"19115328000";"2176800";"3296";"137545.2"
"19116409000";"2176800";"3296";"137553.2"
"19117488000";"2176800";"3296";"137561.1"
"19118574000";"2176800";"3296";"137569.4"
"19119917000";"2176800";"3296";"137577.4"
"19120997000";"2176800";"3297";"137585.7"
"19122078000";"2183400";"3297";"137593.7"
"19123164000";"2183400";"3297";"137601.6"
"19124243000";"2183400";"3297";"137609.6"
"19125586000";"2183400";"3297";"137617.9"
"19126666000";"2183400";"3297";"137625.8"
"19127746000";"2183400";"3297";"137634.2"
"19128826000";"2183400";"3297";"137642.1"
"19129905000";"2183900";"3297";"137650.1"
"19131248000";"2183900";"3297";"137658.4"
"19132327000";"2183900";"3297";"137666.4"
"19133412000";"2183900";"3297";"137674.3"
"19134493000";"2183900";"3297";"137682.6"
"19135572000";"2183900";"3297";"137690.6"
"19136915000";"2160300";"3297";"137700.1"
"19137994000";"2160300";"3297";"137708.4"
"19139075000";"2160300";"3297";"137716.3"
"19140154000";"2160300";"3297";"137724.3"
"19141234000";"2160300";"3297";"137732.2"
"19142577000";"2160300";"3297";"137740.6"
"19143663000";"2160300";"3297";"137748.5"
"19144743000";"2184100";"3297";"137756.5"
"19145823000";"2184100";"3297";"137764.8"
"19146903000";"2184100";"3297";"137772.8"
"19148245000";"2184100";"3297";"137781.1"
"19149324000";"2184100";"3297";"137789.0"
"19150405000";"2184100";"3297";"137797.0"
"19151485000";"2184100";"3297";"137805.3"
"19152565000";"2200300";"3297";"137813.3"
"19153913000";"2200300";"3297";"137821.6"
"19154993000";"2200300";"3297";"137829.5"
"19156074000";"2200300";"3297";"137837.5"
"19157153000";"2200300";"3297";"137845.4"
"19158233000";"2200300";"3297";"137853.4"
"19159576000";"2200300";"3297";"137861.7"
"19160661000";"2111100";"3297";"137869.7"
"19161741000";"2111100";"3297";"137877.6"
"19162821000";"2111100";"3297";"137885.6"
"19163907000";"2111100";"3297";"137893.5"
"19165250000";"2111100";"3297";"137903.4"
"19166329000";"2111100";"3297";"137911.3"
"19167409000";"2244500";"3297";"137919.7"
"19168489000";"2244500";"3297";"137927.6"
"19169569000";"2244500";"3297";"137935.6"
"19170911000";"2244500";"3297";"137943.9"
"19171991000";"2244500";"3297";"137952.2"
"19173077000";"2244500";"3297";"137960.2"
"19174156000";"2244500";"3297";"137968.1"
"19175236000";"2184300";"3297";"137976.1"
"19176579000";"2184300";"3297";"137984.4"
"19177659000";"2184300";"3297";"137992.3"
"19178739000";"2184300";"3297";"138000.3"
"19179820000";"2184300";"3297";"138008.2"
"19180900000";"2184300";"3297";"138016.6"
"19182243000";"2184300";"3297";"138024.5"
"19183329000";"2126200";"3297";"138032.9"
"19184409000";"2126200";"3297";"138040.8"
"19185488000";"2126200";"3297";"138048.8"
"19186567000";"2126200";"3297";"138056.7"
"19187910000";"2126200";"3297";"138066.6"
"19188990000";"2126200";"3297";"138074.5"
"19190069000";"2247300";"3297";"138082.8"
"19191149000";"2247300";"3297";"138090.8"
"19192229000";"2247300";"3297";"138098.7"
"19193578000";"2247300";"3297";"138108.6"
"19194659000";"2247300";"3297";"138116.5"
"19195738000";"2247300";"3297";"138124.5"
"19196819000";"2227200";"3297";"138132.4"
"19197898000";"2227200";"3297";"138140.4"
"19199242000";"2227200";"3297";"138148.7"
"19200323000";"2227200";"3297";"138156.7"
"19201403000";"2227200";"3297";"138164.6"
"19202488000";"2227200";"3297";"138173.0"
"19203573000";"2227200";"3297";"138180.9"
"19204915000";"2125200";"3297";"138189.2"
"19205995000";"2125200";"3297";"138197.2"
"19207075000";"2125200";"3297";"138205.1"
"19208154000";"2125200";"3297";"138213.5"
"19209233000";"2125200";"3297";"138221.4"
"19210576000";"2125200";"3296";"138229.7"
"19211655000";"2125200";"3296";"138237.7"
"19212735000";"2186200";"3296";"138245.6"
"19213821000";"2186200";"3296";"138254.0"
"19214901000";"2186200";"3296";"138261.9"
"19216243000";"2186200";"3296";"138270.2"
"19217322000";"2186200";"3296";"138278.2"
"19218403000";"2186200";"3296";"138286.2"
"19219482000";"2186200";"3296";"138294.1"
"19220562000";"2184100";"3296";"138302.1"
"19221905000";"2184100";"3296";"138311.9"
"19222991000";"2184100";"3297";"138319.9"
"19224071000";"2184100";"3297";"138328.2"
"19225151000";"2184100";"3297";"138336.1"
"19226231000";"2184100";"3297";"138344.1"
"19227574000";"2176200";"3297";"138352.4"
"19228654000";"2176200";"3297";"138360.7"
"19229734000";"2176200";"3297";"138368.7"
"19230814000";"2176200";"3297";"138376.7"
"19231895000";"2176200";"3297";"138384.6"
"19233243000";"2176200";"3297";"138392.9"
"19234323000";"2176200";"3297";"138401.3"
"19235403000";"2198300";"3297";"138409.2"
"19236483000";"2198300";"3297";"138417.2"
"19237564000";"2198300";"3297";"138425.1"
"19238906000";"2198300";"3297";"138433.4"
"19239987000";"2198300";"3297";"138441.4"
"19241066000";"2198300";"3296";"138449.3"
"19242146000";"2198300";"3296";"138457.3"
"19243231000";"2183900";"3296";"138465.6"
"19244579000";"2183900";"3297";"138473.9"
"19245659000";"2183900";"3297";"138481.9"
"19246739000";"2183900";"3297";"138489.8"
"19247819000";"2183900";"3297";"138497.8"
"19248898000";"2183900";"3297";"138506.1"
"19250240000";"2183900";"3296";"138514.5"
"19251320000";"2127200";"3296";"138522.4"
"19252399000";"2127200";"3296";"138530.4"
"19253485000";"2127200";"3296";"138538.7"
"19254565000";"2127200";"3297";"138546.6"
"19255909000";"2127200";"3297";"138556.1"
"19256988000";"2127200";"3297";"138564.1"
"19258068000";"2244700";"3297";"138572.4"
"19259148000";"2244700";"3297";"138580.3"
"19260227000";"2244700";"3297";"138588.3"
"19261571000";"2244700";"3297";"138596.6"
"19262651000";"2244700";"3297";"138604.6"
"19263736000";"2244700";"3297";"138612.5"
"19264816000";"2244700";"3297";"138620.5"
"19265896000";"2169100";"3297";"138628.4"
"19267239000";"2169100";"3297";"138636.7"
"19268320000";"2169100";"3297";"138645.1"
"19269399000";"2169100";"3297";"138653.0"
"19270479000";"2169100";"3297";"138661.0"
"19271558000";"2169100";"3297";"138668.9"
"19272907000";"2169100";"3297";"138677.3"
"19273987000";"2126500";"3297";"138685.2"
"19275067000";"2126500";"3297";"138693.5"
"19276147000";"2126500";"3297";"138701.5"
"19277226000";"2126500";"3297";"138709.4"
"19278570000";"2126500";"3297";"138717.8"
"19279650000";"2126500";"3297";"138725.7"
"19280730000";"2126500";"3297";"138733.7"
"19281810000";"2185300";"3297";"138741.6"
"19282896000";"2185300";"3297";"138749.6"
"19284240000";"2185300";"3297";"138757.9"
"19285320000";"2185300";"3297";"138766.2"
"19286404000";"2185300";"3297";"138774.2"
"19287483000";"2185300";"3297";"138782.1"
"19288564000";"2185300";"3297";"138790.1"
"19289907000";"2139300";"3297";"138798.8"
"19290988000";"2139300";"3297";"138806.7"
"19292069000";"2139300";"3297";"138814.7"
"19293154000";"2139300";"3297";"138822.6"
"19294234000";"2139300";"3297";"138830.6"
"19295577000";"2139300";"3297";"138838.9"
"19296657000";"2139300";"3297";"138846.9"
"19297738000";"2168400";"3297";"138854.8"
"19298818000";"2168400";"3297";"138862.8"
"19299898000";"2168400";"3297";"138871.1"
"19301242000";"2168400";"3297";"138879.0"
"19302322000";"2168400";"3297";"138887.4"
"19303408000";"2168400";"3297";"138895.3"
"19304487000";"2168400";"3297";"138903.3"
"19305567000";"2183500";"3297";"138911.2"
"19306910000";"2183500";"3297";"138921.1"
"19307989000";"2183500";"3297";"138929.0"
"19309069000";"2183500";"3297";"138937.0"
"19310148000";"2183500";"3297";"138945.3"
"19311228000";"2183500";"3297";"138953.3"
"19312570000";"2244800";"3297";"138963.1"
"19313657000";"2244800";"3297";"138971.1"
"19314737000";"2244800";"3297";"138979.0"
"19315817000";"2244800";"3297";"138987.0"
"19316896000";"2244800";"3297";"138994.9"
"19318239000";"2244800";"3297";"139003.2"
"19319319000";"2244800";"3297";"139011.2"
"19320399000";"2183700";"3297";"139019.5"
"19321479000";"2183700";"3297";"139027.5"
"19322559000";"2183700";"3297";"139035.4"
"19323907000";"2183700";"3297";"139043.8"
"19324988000";"2183700";"3297";"139051.7"
"19326068000";"2183700";"3297";"139059.7"
"19327148000";"2183700";"3297";"139068.0"
"19328233000";"2182300";"3297";"139075.9"
"19329576000";"2182300";"3297";"139085.8"
"19330656000";"2182300";"3297";"139093.7"
"19331736000";"2182300";"3297";"139101.7"
"19332816000";"2182300";"3297";"139109.6"
"19333901000";"2182300";"3297";"139118.0"
"19335244000";"2159700";"3297";"139125.9"
"19336325000";"2159700";"3297";"139134.2"
"19337405000";"2159700";"3297";"139142.2"
"19338485000";"2159700";"3297";"139150.2"
"19339564000";"2159700";"3297";"139158.1"
"19340907000";"2159700";"3297";"139168.0"
"19341987000";"2246400";"3297";"139175.9"
"19343073000";"2246400";"3297";"139183.9"
"19344153000";"2246400";"3297";"139192.2"
"19345233000";"2246400";"3297";"139200.1"
"19346576000";"2246400";"3297";"139208.5"
"19347655000";"2246400";"3297";"139216.4"
"19348736000";"2246400";"3297";"139224.4"
"19349816000";"2198500";"3297";"139232.7"
"19350896000";"2198500";"3297";"139240.7"
"19352238000";"2198500";"3297";"139249.0"
"19353324000";"2198500";"3297";"139256.9"
"19354404000";"2198500";"3297";"139264.9"
"19355484000";"2198500";"3297";"139273.2"
"19356563000";"2198500";"3297";"139281.2"
"19357906000";"2126900";"3297";"139289.5"
"19358986000";"2126900";"3297";"139297.4"
"19360067000";"2126900";"3297";"139305.4"
"19361146000";"2126900";"3297";"139313.3"
"19362226000";"2126900";"3297";"139321.3"
"19363574000";"2126900";"3297";"139329.6"
"19364654000";"2126900";"3297";"139337.6"
"19365735000";"2183700";"3297";"139345.9"
"19366815000";"2183700";"3297";"139353.8"
"19367894000";"2183700";"3297";"139361.8"
"19369237000";"2183700";"3297";"139370.1"
"19370321000";"2183700";"3297";"139378.5"
"19371401000";"2183700";"3297";"139386.4"
"19372480000";"2183700";"3297";"139394.4"
"19373566000";"2182800";"3297";"139402.3"
"19374909000";"2182800";"3297";"139412.2"
"19375989000";"2182800";"3297";"139420.1"
"19377068000";"2182800";"3297";"139428.1"
"19378149000";"2182800";"3297";"139436.0"
"19379229000";"2182800";"3297";"139444.3"
"19380572000";"2227700";"3296";"139453.8"
"19381652000";"2227700";"3296";"139461.8"
"19382732000";"2227700";"3297";"139470.1"
"19383817000";"2227700";"3296";"139478.0"
"19384897000";"2227700";"3296";"139486.0"
"19386240000";"2227700";"3296";"139494.3"
"19387320000";"2227700";"3296";"139502.3"
"19388400000";"2198700";"3297";"139510.6"
"19389480000";"2198700";"3297";"139518.6"
"19390560000";"2198700";"3297";"139526.5"
"19391902000";"2198700";"3296";"139534.8"
"19392988000";"2198700";"3296";"139543.2"
"19394068000";"2198700";"3296";"139551.1"
"19395148000";"2198700";"3296";"139559.1"
"19396229000";"2183500";"3296";"139567.0"
"19397571000";"2183500";"3296";"139575.3"
"19398652000";"2183500";"3296";"139583.3"
"19399731000";"2183500";"3296";"139591.6"
"19400810000";"2183500";"3296";"139599.6"
"19401891000";"2183500";"3296";"139607.5"
"19403240000";"2183500";"3296";"139615.9"
"19404320000";"2126500";"3296";"139623.8"
"19405400000";"2126500";"3296";"139631.8"
"19406480000";"2126500";"3296";"139640.1"
"19407561000";"2126500";"3296";"139648.0"
"19408903000";"2126500";"3296";"139656.4"
"19409984000";"2126500";"3296";"139664.3"
"19411064000";"2126500";"3296";"139672.3"
"19412149000";"2198500";"3296";"139680.6"
"19413233000";"2198500";"3296";"139688.6"
"19414576000";"2198500";"3296";"139696.9"
"19415655000";"2198500";"3296";"139704.8"
"19416736000";"2198500";"3296";"139712.8"
"19417816000";"2198500";"3296";"139720.7"
"19418896000";"2198500";"3296";"139729.1"
"19420239000";"2169700";"3296";"139738.5"
"19421319000";"2169700";"3296";"139746.5"
"19422400000";"2169700";"3296";"139754.8"
"19423484000";"2169700";"3296";"139762.8"
"19424565000";"2169700";"3296";"139770.7"
"19425907000";"2169700";"3296";"139780.6"
"19426986000";"2244900";"3296";"139788.5"
"19428067000";"2244900";"3296";"139796.5"
"19429147000";"2244900";"3296";"139804.8"
"19430226000";"2244900";"3296";"139812.7"
"19431569000";"2244900";"3296";"139821.1"
"19432648000";"2244900";"3296";"139829.0"
"19433733000";"2244900";"3296";"139837.0"
"19434814000";"2184100";"3297";"139844.9"
"19435894000";"2184100";"3297";"139853.3"
"19437236000";"2184100";"3297";"139861.2"
"19438317000";"2184100";"3297";"139869.5"
"19439397000";"2184100";"3297";"139877.5"
"19440476000";"2184100";"3297";"139885.4"
"19441556000";"2184100";"3297";"139893.4"
"19442905000";"2126700";"3297";"139901.7"
"19443984000";"2126700";"3297";"139909.7"
"19445065000";"2126700";"3296";"139917.6"
"19446145000";"2126700";"3296";"139925.9"
"19447224000";"2126700";"3296";"139933.9"
"19448568000";"2126700";"3296";"139942.2"
"19449648000";"2126700";"3296";"139950.2"
"19450728000";"2199900";"3296";"139958.5"
"19451808000";"2199900";"3296";"139966.5"
"19452893000";"2199900";"3296";"139974.4"
"19454240000";"2199900";"3296";"139982.7"
"19455320000";"2199900";"3296";"139990.7"
"19456400000";"2199900";"3296";"139998.6"
"19457479000";"2199900";"3296";"140007.0"
"19458560000";"2182800";"3296";"140014.9"
"19459903000";"2182800";"3296";"140023.2"
"19460983000";"2182800";"3296";"140031.2"
"19462062000";"2182800";"3297";"140039.1"
"19463148000";"2182800";"3296";"140047.1"
"19464229000";"2182800";"3296";"140055.0"
"19465570000";"2182800";"3296";"140063.4"
"19466650000";"2112400";"3296";"140071.3"
"19467731000";"2112400";"3296";"140079.7"
"19468811000";"2112400";"3296";"140087.6"
"19469891000";"2112400";"3296";"140095.6"
"19471234000";"2112400";"3296";"140103.9"
"19472315000";"2112400";"3296";"140111.8"
"19473401000";"2112400";"3296";"140120.2"
"19474481000";"2197900";"3296";"140128.1"
"19475560000";"2197900";"3296";"140136.1"
"19476903000";"2197900";"3296";"140144.4"
"19477983000";"2197900";"3296";"140152.3"
"19479063000";"2197900";"3296";"140160.3"
"19480142000";"2197900";"3296";"140168.2"
"19481222000";"2197900";"3296";"140176.2"
"19482565000";"2114300";"3296";"140184.5"
"19483651000";"2114300";"3296";"140192.9"
"19484730000";"2114300";"3296";"140200.8"
"19485810000";"2114300";"3296";"140208.8"
"19486890000";"2114300";"3296";"140217.1"
"19488233000";"2114300";"3296";"140226.6"
"19489314000";"2261400";"3296";"140234.9"
"19490394000";"2261400";"3296";"140242.8"
"19491474000";"2261400";"3296";"140250.8"
"19492554000";"2261400";"3296";"140258.7"
"19493904000";"2261400";"3296";"140268.6"
"19494983000";"2261400";"3296";"140276.5"
"19496067000";"2243000";"3296";"140284.9"
"19497146000";"2243000";"3296";"140292.8"
"19498227000";"2243000";"3296";"140300.8"
"19499569000";"2243000";"3296";"140309.1"
"19500650000";"2243000";"3297";"140317.0"
"19501729000";"2243000";"3297";"140325.0"
"19502809000";"2243000";"3297";"140333.0"
"19503895000";"2169300";"3297";"140340.9"
"19505237000";"2169300";"3297";"140349.2"
"19506317000";"2169300";"3297";"140357.6"
"19507397000";"2169300";"3297";"140365.5"
"19508476000";"2169300";"3297";"140373.5"
"19509557000";"2169300";"3297";"140381.8"
"19510899000";"2169300";"3297";"140390.1"
"19511978000";"2142900";"3297";"140398.1"
"19513064000";"2142900";"3297";"140406.0"
"19514144000";"2142900";"3297";"140414.0"
"19515224000";"2142900";"3297";"140421.9"
"19516567000";"2142900";"3297";"140430.2"
"19517646000";"2142900";"3297";"140438.6"
"19518726000";"2142900";"3297";"140446.5"
"19519806000";"2183900";"3297";"140454.5"
"19520885000";"2183900";"3297";"140462.4"
"19522227000";"2183900";"3297";"140472.3"
"19523313000";"2183900";"3297";"140480.2"
"19524393000";"2183900";"3297";"140488.2"
"19525472000";"2183900";"3297";"140496.1"
"19526553000";"2228200";"3297";"140504.1"
"19527895000";"2228200";"3297";"140512.4"
"19528976000";"2228200";"3297";"140520.7"
"19530055000";"2228200";"3297";"140528.7"
"19531134000";"2228200";"3297";"140536.6"
"19532215000";"2228200";"3297";"140544.6"
"19533564000";"2228200";"3297";"140552.9"
"19534644000";"2126500";"3297";"140560.9"
"19535724000";"2126500";"3297";"140568.8"
"19536803000";"2126500";"3297";"140577.2"
"19537888000";"2126500";"3297";"140585.1"
"19539230000";"2126500";"3297";"140593.4"
"19540309000";"2126500";"3297";"140601.4"
"19541390000";"2126500";"3297";"140609.3"
"19542469000";"2184600";"3297";"140617.3"
"19543555000";"2184600";"3297";"140625.2"
"19544898000";"2184600";"3297";"140633.6"
"19545978000";"2184600";"3297";"140641.9"
"19547059000";"2184600";"3297";"140649.8"
"19548139000";"2184600";"3297";"140657.8"
"19549219000";"2184600";"3297";"140665.7"
"19550561000";"2140800";"3297";"140674.5"
"19551641000";"2140800";"3297";"140682.4"
"19552721000";"2140800";"3297";"140690.4"
"19553806000";"2140800";"3297";"140698.3"
"19554887000";"2140800";"3297";"140706.3"
"19556230000";"2140800";"3297";"140714.6"
"19557310000";"2140800";"3297";"140722.5"
"19558391000";"2183400";"3297";"140730.9"
"19559471000";"2183400";"3297";"140738.8"
"19560551000";"2183400";"3297";"140746.8"
"19561893000";"2183400";"3297";"140755.1"
"19562979000";"2183400";"3297";"140763.0"
"19564059000";"2183400";"3297";"140771.0"
"19565139000";"2183400";"3297";"140779.3"
"19566218000";"2183900";"3297";"140787.3"
"19567561000";"2183900";"3297";"140795.6"
"19568641000";"2183900";"3297";"140803.6"
"19569722000";"2183900";"3297";"140811.9"
"19570801000";"2183900";"3297";"140819.8"
"19571881000";"2183900";"3297";"140827.8"
"19573228000";"2183900";"3297";"140836.1"
"19574308000";"2127000";"3297";"140844.1"
"19575388000";"2127000";"3297";"140852.0"
"19576468000";"2127000";"3297";"140860.0"
"19577548000";"2127000";"3297";"140868.3"
"19578891000";"2127000";"3297";"140877.8"
"19579975000";"2127000";"3297";"140885.7"
"19581055000";"2245100";"3297";"140894.0"
"19582135000";"2245100";"3297";"140902.0"
"19583219000";"2245100";"3297";"140910.0"
"19584563000";"2245100";"3297";"140918.3"
"19585643000";"2245100";"3297";"140926.2"
"19586723000";"2245100";"3297";"140934.2"
"19587802000";"2245100";"3297";"140942.1"
"19588881000";"2184300";"3297";"140950.5"
"19590224000";"2184300";"3297";"140958.8"
"19591304000";"2184300";"3297";"140966.7"
"19592384000";"2184300";"3297";"140974.7"
"19593470000";"2184300";"3297";"140982.6"
"19594551000";"2184300";"3297";"140991.0"
"19595893000";"2159900";"3297";"141000.4"
"19596972000";"2159900";"3297";"141008.4"
"19598053000";"2159900";"3297";"141016.7"
"19599133000";"2159900";"3297";"141024.7"
"19600213000";"2159900";"3297";"141032.6"
"19601556000";"2159900";"3297";"141040.9"
"19602636000";"2159900";"3297";"141048.9"
"19603722000";"2183500";"3297";"141056.9"
"19604801000";"2183500";"3297";"141064.8"
"19605881000";"2183500";"3297";"141072.8"
"19607225000";"2183500";"3297";"141082.6"
"19608304000";"2183500";"3297";"141090.9"
"19609385000";"2183500";"3297";"141098.9"
"19610465000";"2246400";"3297";"141106.8"
"19611545000";"2246400";"3297";"141114.8"
"19612892000";"2246400";"3297";"141123.1"
"19613972000";"2246400";"3298";"141131.1"
"19615052000";"2246400";"3298";"141139.4"
"19616131000";"2246400";"3297";"141147.3"
"19617210000";"2246400";"3297";"141155.3"
"19618553000";"2127400";"3297";"141163.6"
"19619632000";"2127400";"3297";"141171.6"
"19620713000";"2127400";"3297";"141179.5"
"19621797000";"2127400";"3297";"141187.5"
"19622883000";"2127400";"3297";"141195.8"
"19624225000";"2127400";"3297";"141203.8"
"19625305000";"2127400";"3297";"141212.1"
"19626385000";"2182800";"3297";"141220.0"
"19627465000";"2182800";"3297";"141228.0"
"19628545000";"2182800";"3297";"141235.9"
"19629888000";"2182800";"3297";"141245.8"
"19630969000";"2182800";"3297";"141254.1"
"19632049000";"2182800";"3297";"141262.1"
"19633135000";"2244100";"3297";"141270.0"
"19634214000";"2244100";"3297";"141278.0"
"19635557000";"2244100";"3297";"141286.3"
"19636638000";"2244100";"3297";"141294.2"
"19637717000";"2244100";"3297";"141302.2"
"19638798000";"2244100";"3297";"141310.5"
"19639878000";"2244100";"3297";"141318.5"
"19641221000";"2128100";"3297";"141326.8"
"19642301000";"2128100";"3297";"141334.8"
"19643386000";"2128100";"3297";"141342.7"
"19644467000";"2128100";"3297";"141350.7"
"19645546000";"2128100";"3297";"141358.6"
"19646889000";"2128100";"3297";"141366.9"
"19647969000";"2128100";"3297";"141375.3"
"19649050000";"2183500";"3297";"141383.2"
"19650129000";"2183500";"3297";"141391.2"
"19651209000";"2183500";"3297";"141399.5"
"19652553000";"2183500";"3297";"141407.8"
"19653638000";"2183500";"3297";"141415.8"
"19654718000";"2183500";"3297";"141423.7"
"19655797000";"2183500";"3297";"141431.7"
"19656876000";"2184300";"3297";"141439.6"
"19658220000";"2184300";"3296";"141448.0"
"19659300000";"2184300";"3296";"141455.9"
"19660380000";"2184300";"3296";"141463.9"
"19661460000";"2184300";"3296";"141472.2"
"19662540000";"2184300";"3296";"141480.1"
"19663893000";"2158100";"3296";"141489.6"
"19664973000";"2158100";"3296";"141497.9"
"19666053000";"2158100";"3296";"141505.9"
"19667132000";"2158100";"3296";"141513.8"
"19668213000";"2158100";"3297";"141521.8"
"19669556000";"2158100";"3297";"141530.5"
"19670636000";"2158100";"3297";"141538.5"
"19671717000";"2199900";"3297";"141546.4"
"19672796000";"2199900";"3297";"141554.4"
"19673881000";"2199900";"3297";"141562.3"
"19675225000";"2199900";"3297";"141570.6"
"19676304000";"2199900";"3297";"141579.0"
"19677385000";"2199900";"3297";"141586.9"
"19678464000";"2199900";"3297";"141594.9"
"19679544000";"2184100";"3297";"141602.8"
"19680887000";"2184100";"3297";"141611.1"
"19681968000";"2184100";"3297";"141619.1"
"19683052000";"2184100";"3297";"141627.0"
"19684132000";"2184100";"3297";"141635.0"
"19685212000";"2184100";"3297";"141643.3"
"19686556000";"2184100";"3297";"141651.6"
"19687635000";"2126500";"3297";"141659.6"
"19688715000";"2126500";"3297";"141667.6"
"19689795000";"2126500";"3297";"141675.9"
"19690875000";"2126500";"3297";"141683.8"
"19692217000";"2126500";"3297";"141693.7"
"19693302000";"2126500";"3297";"141701.6"
"19694382000";"2245300";"3297";"141709.6"
"19695461000";"2245300";"3297";"141717.5"
"19696542000";"2245300";"3297";"141725.5"
"19697885000";"2245300";"3297";"141733.8"
"19698965000";"2245300";"3297";"141741.8"
"19700045000";"2245300";"3297";"141750.1"
"19701125000";"2245300";"3297";"141758.1"
"19702206000";"2185000";"3297";"141766.0"
"19703555000";"2185000";"3297";"141774.3"
"19704634000";"2185000";"3297";"141782.3"
"19705719000";"2185000";"3297";"141790.2"
"19706800000";"2185000";"3297";"141798.2"
"19707879000";"2185000";"3297";"141806.5"
"19709221000";"2175000";"3297";"141816.4"
"19710302000";"2175000";"3297";"141824.3"
"19711382000";"2175000";"3297";"141832.3"
"19712462000";"2175000";"3297";"141840.2"
"19713548000";"2175000";"3297";"141848.5"
"19714890000";"2175000";"3297";"141858.0"
"19715971000";"2227200";"3297";"141866.0"
"19717050000";"2227200";"3297";"141874.3"
"19718131000";"2227200";"3297";"141882.3"
"19719210000";"2227200";"3297";"141890.2"
"19720553000";"2227200";"3297";"141898.5"
"19721632000";"2227200";"3297";"141906.5"
"19722712000";"2227200";"3297";"141914.4"
"19723797000";"2184400";"3297";"141922.4"
"19724877000";"2184400";"3297";"141930.3"
"19726219000";"2184400";"3296";"141940.2"
"19727300000";"2184400";"3296";"141948.1"
"19728380000";"2184400";"3296";"141956.5"
"19729459000";"2184400";"3296";"141964.4"
"19730540000";"2246400";"3296";"141972.4"
"19731883000";"2246400";"3296";"141982.2"
"19732969000";"2246400";"3296";"141990.5"
"19734049000";"2246400";"3296";"141998.5"
"19735129000";"2246400";"3296";"142006.4"
"19736209000";"2246400";"3296";"142014.4"
"19737551000";"2176400";"3296";"142022.7"
"19738631000";"2176400";"3296";"142030.7"
"19739711000";"2176400";"3296";"142038.6"
"19740791000";"2176400";"3296";"142046.6"
"19741871000";"2176400";"3296";"142054.5"
"19743220000";"2176400";"3296";"142062.9"
"19744300000";"2176400";"3296";"142071.2"
"19745379000";"2183700";"3296";"142079.1"
"19746460000";"2183700";"3296";"142087.1"
"19747544000";"2183700";"3296";"142095.0"
"19748887000";"2183700";"3296";"142104.9"
"19749968000";"2183700";"3296";"142112.8"
"19751047000";"2183700";"3296";"142121.2"
"19752128000";"2244700";"3296";"142129.1"
"19753213000";"2244700";"3296";"142137.1"
"19754556000";"2244700";"3296";"142145.4"
"19755635000";"2244700";"3296";"142153.3"
"19756716000";"2244700";"3296";"142161.3"
"19757796000";"2244700";"3296";"142169.3"
"19758876000";"2244700";"3296";"142177.6"
"19760218000";"2112400";"3296";"142185.5"
"19761299000";"2112400";"3296";"142193.9"
"19762378000";"2112400";"3296";"142201.8"
"19763464000";"2112400";"3296";"142209.8"
"19764544000";"2112400";"3296";"142217.7"
"19765887000";"2112400";"3296";"142227.6"
"19766966000";"2244900";"3296";"142235.5"
"19768046000";"2244900";"3296";"142243.5"
"19769126000";"2244900";"3296";"142251.8"
"19770206000";"2244900";"3296";"142259.7"
"19771548000";"2244900";"3296";"142268.1"
"19772627000";"2244900";"3296";"142276.0"
"19773713000";"2244900";"3296";"142284.0"
"19774793000";"2198800";"3296";"142292.3"
"19775873000";"2198800";"3296";"142300.3"
"19777217000";"2198800";"3296";"142309.7"
"19778297000";"2198800";"3296";"142318.1"
"19779376000";"2198800";"3296";"142326.0"
"19780456000";"2198800";"3296";"142334.0"
"19781536000";"2229300";"3296";"142341.9"
"19782883000";"2229300";"3296";"142350.2"
"19783963000";"2229300";"3296";"142358.2"
"19785043000";"2229300";"3296";"142366.1"
"19786124000";"2229300";"3296";"142374.1"
"19787203000";"2229300";"3296";"142382.4"
"19788545000";"2229300";"3296";"142390.7"
"19789630000";"2125800";"3296";"142398.7"
"19790710000";"2125800";"3296";"142406.6"
"19791790000";"2125800";"3296";"142415.0"
"19792874000";"2125800";"3296";"142422.9"
"19794217000";"2125800";"3296";"142432.8"
"19795297000";"2125800";"3296";"142440.7"
"19796378000";"2244900";"3296";"142448.7"
"19797458000";"2244900";"3296";"142456.6"
"19798538000";"2244900";"3296";"142464.6"
"19799881000";"2244900";"3296";"142472.9"
"19800960000";"2244900";"3296";"142480.9"
"19802041000";"2244900";"3296";"142488.8"
"19803127000";"2244900";"3296";"142497.1"
"19804207000";"2183500";"3296";"142505.1"
"19805550000";"2183500";"3296";"142513.4"
"19806630000";"2183500";"3296";"142521.4"
"19807710000";"2183500";"3296";"142529.3"
"19808791000";"2183500";"3296";"142537.7"
"19809871000";"2183500";"3296";"142545.6"
"19811214000";"2177800";"3296";"142555.5"
"19812294000";"2177800";"3297";"142563.4"
"19813379000";"2177800";"3297";"142571.4"
"19814460000";"2177800";"3297";"142579.3"
"19815540000";"2177800";"3297";"142587.6"
"19816883000";"2177800";"3297";"142595.6"
"19817963000";"2177800";"3297";"142603.9"
"19819043000";"2183500";"3297";"142611.9"
"19820122000";"2183500";"3297";"142619.8"
"19821202000";"2183500";"3297";"142627.8"
"19822545000";"2183500";"3297";"142636.1"
"19823631000";"2183500";"3297";"142644.0"
"19824711000";"2183500";"3297";"142652.0"
"19825791000";"2183500";"3297";"142659.9"
"19826871000";"2183700";"3297";"142668.3"
"19828213000";"2183700";"3297";"142676.6"
"19829294000";"2183700";"3297";"142684.6"
"19830374000";"2183700";"3297";"142692.5"
"19831459000";"2183700";"3297";"142700.8"
"19832539000";"2183700";"3297";"142708.8"
"19833887000";"2183700";"3297";"142717.1"
"19834967000";"2125500";"3297";"142725.1"
"19836046000";"2125500";"3297";"142733.0"
"19837127000";"2125500";"3297";"142741.0"
"19838206000";"2125500";"3297";"142749.3"
"19839549000";"2125500";"3297";"142757.2"
"19840629000";"2125500";"3297";"142765.6"
"19841710000";"2125500";"3297";"142773.5"
"19842789000";"2185500";"3297";"142781.5"
"19843875000";"2185500";"3297";"142789.4"
"19845217000";"2185500";"3297";"142797.8"
"19846297000";"2185500";"3297";"142805.7"
"19847377000";"2185500";"3297";"142813.7"
"19848457000";"2185500";"3297";"142822.0"
"19849537000";"2185500";"3297";"142829.9"
"19850880000";"2126700";"3297";"142838.3"
"19851959000";"2126700";"3297";"142846.2"
"19853045000";"2126700";"3297";"142854.5"
"19854125000";"2126700";"3297";"142862.5"
"19855205000";"2126700";"3297";"142870.5"
"19856548000";"2126700";"3297";"142880.3"
"19857628000";"2244700";"3297";"142888.2"
"19858708000";"2244700";"3297";"142896.2"
"19859788000";"2244700";"3297";"142904.2"
"19860867000";"2244700";"3297";"142912.1"
"19862210000";"2244700";"3297";"142920.4"
"19863296000";"2244700";"3297";"142928.4"
"19864376000";"2244700";"3297";"142936.3"
"19865456000";"2183900";"3297";"142944.7"
"19866536000";"2183900";"3297";"142952.6"
"19867879000";"2183900";"3297";"142960.9"
"19868959000";"2183900";"3297";"142968.9"
"19870039000";"2183900";"3297";"142976.8"
"19871120000";"2183900";"3297";"142985.2"
"19872200000";"2183900";"3297";"142993.1"
"19873553000";"2125000";"3297";"143001.4"
"19874632000";"2125000";"3297";"143009.4"
"19875712000";"2125000";"3297";"143017.3"
"19876792000";"2125000";"3297";"143025.7"
"19877872000";"2125000";"3297";"143033.6"
"19879214000";"2125000";"3297";"143042.0"
"19880293000";"2125000";"3297";"143049.9"
"19881374000";"2185900";"3297";"143057.9"
"19882454000";"2185900";"3297";"143065.8"
"19883540000";"2185900";"3297";"143073.8"
"19884883000";"2185900";"3297";"143082.1"
"19885964000";"2185900";"3297";"143090.0"
"19887044000";"2185900";"3297";"143098.4"
"19888124000";"2185900";"3297";"143106.3"
"19889204000";"2183200";"3297";"143114.3"
"19890548000";"2183200";"3297";"143124.1"
"19891627000";"2183200";"3296";"143132.1"
"19892707000";"2183200";"3297";"143140.0"
"19893793000";"2183200";"3297";"143148.4"
"19894873000";"2183200";"3297";"143156.3"
"19896215000";"2176400";"3297";"143164.6"
"19897296000";"2176400";"3297";"143172.6"
"19898375000";"2176400";"3297";"143180.5"
"19899454000";"2176400";"3297";"143188.5"
"19900535000";"2176400";"3297";"143196.4"
"19901877000";"2176400";"3297";"143204.8"
"19902963000";"2176400";"3297";"143213.1"
"19904042000";"2184300";"3296";"143221.0"
"19905122000";"2184300";"3296";"143229.0"
"19906202000";"2184300";"3296";"143236.9"
"19907545000";"2184300";"3297";"143245.6"
"19908625000";"2184300";"3297";"143253.6"
"19909706000";"2184300";"3297";"143261.6"
"19910785000";"2184300";"3297";"143269.5"
"19911865000";"2199900";"3297";"143277.8"
"19913214000";"2199900";"3297";"143286.2"
"19914293000";"2199900";"3297";"143294.1"
"19915378000";"2199900";"3297";"143302.1"
"19916458000";"2199900";"3297";"143310.4"
"19917537000";"2199900";"3297";"143318.3"
"19918880000";"2199900";"3297";"143326.7"
"19919961000";"2125500";"3297";"143334.6"
"19921041000";"2125500";"3297";"143342.6"
"19922120000";"2125500";"3297";"143350.5"
"19923206000";"2125500";"3297";"143358.5"
"19924549000";"2125500";"3297";"143366.8"
"19925630000";"2125500";"3297";"143375.1"
"19926710000";"2125500";"3297";"143383.1"
"19927789000";"2183700";"3297";"143391.0"
"19928869000";"2183700";"3297";"143399.0"
"19930211000";"2183700";"3297";"143407.3"
"19931292000";"2183700";"3297";"143415.6"
"19932372000";"2183700";"3297";"143423.6"
"19933457000";"2183700";"3297";"143431.5"
"19934537000";"2183700";"3297";"143439.9"
"19935880000";"2126700";"3297";"143447.8"
"19936960000";"2126700";"3297";"143456.2"
"19938040000";"2126700";"3297";"143464.1"
"19939120000";"2126700";"3297";"143472.1"
"19940200000";"2126700";"3297";"143480.0"
"19941543000";"2126700";"3297";"143489.9"
"19942623000";"2246400";"3297";"143497.8"
"19943708000";"2246400";"3297";"143505.8"
"19944788000";"2246400";"3297";"143513.7"
"19945868000";"2246400";"3297";"143522.0"
"19947211000";"2246400";"3297";"143530.4"
"19948292000";"2246400";"3297";"143538.3"
"19949371000";"2246400";"3297";"143546.3"
"19950451000";"2183900";"3297";"143554.2"
"19951531000";"2183900";"3297";"143562.6"
"19952880000";"2183900";"3297";"143570.9"
"19953960000";"2183900";"3297";"143578.8"
"19955040000";"2183900";"3297";"143586.8"
"19956120000";"2183900";"3297";"143594.7"
"19957205000";"2183900";"3297";"143603.1"
"19958548000";"2196300";"3297";"143612.9"
"19959628000";"2196300";"3297";"143620.9"
"19960709000";"2196300";"3298";"143628.8"
"19961789000";"2196300";"3298";"143636.8"
"19962874000";"2196300";"3297";"143644.7"
"19964217000";"2196300";"3297";"143654.6"
"19965297000";"2227200";"3297";"143662.5"
"19966377000";"2227200";"3297";"143670.5"
"19967456000";"2227200";"3297";"143678.8"
"19968537000";"2227200";"3297";"143686.8"
"19969879000";"2227200";"3297";"143695.1"
"19970959000";"2227200";"3297";"143703.0"
"19972039000";"2227200";"3297";"143711.4"
"19973124000";"2199000";"3297";"143719.3"
"19974204000";"2199000";"3297";"143727.3"
"19975547000";"2199000";"3297";"143737.1"
"19976627000";"2199000";"3297";"143745.1"
"19977707000";"2199000";"3297";"143753.0"
"19978787000";"2199000";"3297";"143761.0"
"19979867000";"2246400";"3297";"143769.3"
"19981209000";"2246400";"3297";"143778.8"
"19982289000";"2246400";"3297";"143786.7"
"19983375000";"2246400";"3297";"143795.0"
"19984455000";"2246400";"3297";"143803.0"
"19985535000";"2246400";"3297";"143811.0"
"19986878000";"2226000";"3297";"143820.8"
"19987958000";"2226000";"3297";"143828.7"
"19989038000";"2226000";"3297";"143836.7"
"19990118000";"2226000";"3297";"143845.0"
"19991198000";"2226000";"3297";"143853.0"
"19992542000";"2226000";"3297";"143862.8"
"19993626000";"2244500";"3297";"143870.8"
"19994706000";"2244500";"3296";"143878.7"
"19995786000";"2244500";"3296";"143886.7"
"19996866000";"2244500";"3296";"143895.0"
"19998209000";"2244500";"3296";"143904.5"
"19999294000";"2244500";"3296";"143912.4"
"20000373000";"2228000";"3296";"143920.4"
"20001454000";"2228000";"3297";"143928.7"
"20002533000";"2228000";"3297";"143936.7"
"20003881000";"2228000";"3296";"143945.0"
"20004960000";"2228000";"3296";"143952.9"
"20006040000";"2228000";"3296";"143960.9"
"20007120000";"2228000";"3296";"143968.9"
"20008200000";"2199000";"3297";"143977.2"
"20009543000";"2199000";"3297";"143985.5"
"20010622000";"2199000";"3296";"143993.5"
"20011703000";"2199000";"3297";"144001.4"
"20012783000";"2199000";"3297";"144009.7"
"20013868000";"2199000";"3297";"144017.7"
"20015210000";"2199000";"3297";"144026.0"
"20016289000";"2127000";"3297";"144034.0"
"20017370000";"2127000";"3297";"144041.9"
"20018450000";"2127000";"3296";"144049.9"
"20019530000";"2127000";"3297";"144058.2"
"20020872000";"2127000";"3297";"144066.1"
"20021952000";"2127000";"3297";"144074.5"
"20023038000";"2127000";"3297";"144082.4"
"20024118000";"2183700";"3297";"144090.4"
"20025198000";"2183700";"3297";"144098.7"
"20026540000";"2183700";"3297";"144108.2"
"20027620000";"2183700";"3297";"144116.5"
"20028700000";"2183700";"3297";"144124.5"
"20029781000";"2183700";"3297";"144132.4"
"20030860000";"2264000";"3297";"144140.8"
"20032202000";"2264000";"3297";"144150.2"
"20033289000";"2264000";"3297";"144158.5"
"20034369000";"2264000";"3297";"144166.5"
"20035449000";"2264000";"3297";"144174.5"
"20036529000";"2264000";"3297";"144182.4"
"20037872000";"2159700";"3297";"144190.7"
"20038952000";"2159700";"3297";"144198.7"
"20040032000";"2159700";"3297";"144206.6"
"20041116000";"2159700";"3297";"144215.0"
"20042197000";"2159700";"3297";"144222.9"
"20043545000";"2159700";"3297";"144231.2"
"20044625000";"2159700";"3297";"144239.2"
"20045705000";"2182500";"3297";"144247.1"
"20046785000";"2182500";"3297";"144255.5"
"20047865000";"2182500";"3297";"144263.4"
"20049208000";"2182500";"3297";"144271.7"
"20050288000";"2182500";"3297";"144279.7"
"20051368000";"2182500";"3297";"144288.0"
"20052448000";"2182500";"3297";"144296.0"
"20053534000";"2198300";"3297";"144303.9"
"20054876000";"2198300";"3297";"144312.3"
"20055956000";"2198300";"3297";"144320.2"
"20057036000";"2198300";"3297";"144328.5"
"20058117000";"2198300";"3297";"144336.5"
"20059197000";"2198300";"3297";"144344.4"
"20060540000";"2198300";"3297";"144352.8"
"20061619000";"2128100";"3297";"144360.7"
"20062699000";"2128100";"3297";"144368.7"
"20063785000";"2128100";"3297";"144376.6"
"20064865000";"2128100";"3297";"144385.0"
"20066207000";"2128100";"3297";"144393.3"
"20067286000";"2128100";"3297";"144401.2"
"20068366000";"2128100";"3297";"144409.2"
"20069445000";"2184400";"3297";"144417.1"
"20070526000";"2184400";"3297";"144425.5"
"20071868000";"2184400";"3297";"144433.8"
"20072954000";"2184400";"3297";"144441.7"
"20074035000";"2184400";"3298";"144450.1"
"20075114000";"2184400";"3298";"144458.0"
"20076195000";"2184400";"3298";"144466.0"
"20077537000";"2140800";"3298";"144474.3"
"20078617000";"2140800";"3297";"144482.2"
"20079696000";"2140800";"3297";"144490.2"
"20080777000";"2140800";"3298";"144498.2"
"20081857000";"2140800";"3298";"144506.5"
"20083209000";"2140800";"3298";"144514.8"
"20084288000";"2140800";"3298";"144522.8"
"20085369000";"2182800";"3298";"144530.7"
"20086448000";"2182800";"3298";"144538.7"
"20087528000";"2182800";"3298";"144547.0"
"20088871000";"2182800";"3298";"144555.3"
"20089950000";"2182800";"3298";"144563.3"
"20091030000";"2182800";"3298";"144571.2"
"20092110000";"2182800";"3298";"144579.6"
"20093196000";"2198800";"3298";"144587.5"
"20094539000";"2198800";"3298";"144597.4"
"20095619000";"2198800";"3298";"144605.3"
"20096700000";"2198800";"3298";"144613.3"
"20097780000";"2198800";"3298";"144621.2"
"20098859000";"2198800";"3298";"144629.2"
"20100202000";"2161500";"3298";"144637.5"
"20101281000";"2161500";"3298";"144645.4"
"20102361000";"2161500";"3298";"144653.8"
"20103447000";"2161500";"3297";"144661.7"
"20104526000";"2161500";"3297";"144669.7"
"20105869000";"2161500";"3297";"144678.0"
"20106949000";"2161500";"3297";"144685.9"
"20108029000";"2184100";"3297";"144693.9"
"20109109000";"2184100";"3297";"144702.2"
"20110188000";"2184100";"3297";"144710.2"
"20111531000";"2184100";"3297";"144718.5"
"20112611000";"2184100";"3297";"144726.5"
"20113697000";"2184100";"3297";"144734.8"
"20114777000";"2184100";"3297";"144742.7"
"20115857000";"2198700";"3297";"144750.7"
"20117200000";"2198700";"3297";"144760.5"
"20118280000";"2198700";"3297";"144768.5"
"20119360000";"2198700";"3297";"144776.4"
"20120441000";"2198700";"3297";"144784.8"
"20121520000";"2198700";"3297";"144792.7"
"20122869000";"2176200";"3297";"144801.0"
"20123949000";"2176200";"3297";"144809.0"
"20125034000";"2176200";"3297";"144817.0"
"20126113000";"2176200";"3297";"144824.9"
"20127194000";"2176200";"3297";"144833.2"
"20128537000";"2176200";"3297";"144841.6"
"20129617000";"2176200";"3297";"144849.5"
"20130697000";"2183900";"3296";"144857.5"
"20131777000";"2183900";"3296";"144865.8"
"20132863000";"2183900";"3296";"144873.7"
"20134205000";"2183900";"3296";"144882.1"
"20135285000";"2183900";"3296";"144890.0"
"20136365000";"2183900";"3296";"144898.0"
"20137445000";"2183900";"3296";"144905.9"
"20138524000";"2198800";"3296";"144914.3"
"20139866000";"2198800";"3296";"144922.2"
"20140947000";"2198800";"3296";"144930.5"
"20142026000";"2198800";"3296";"144938.5"
"20143113000";"2198800";"3296";"144946.4"
"20144193000";"2198800";"3296";"144954.8"
"20145535000";"2198800";"3296";"144963.1"
"20146615000";"2126500";"3297";"144971.0"
"20147696000";"2126500";"3297";"144979.0"
"20148775000";"2126500";"3296";"144986.9"
"20149856000";"2126500";"3296";"144995.3"
"20151198000";"2126500";"3296";"145003.6"
"20152279000";"2126500";"3296";"145011.5"
"20153364000";"2126500";"3296";"145019.5"
"20154444000";"2183500";"3297";"145027.5"
"20155524000";"2183500";"3297";"145035.8"
"20156867000";"2183500";"3297";"145044.1"
"20157947000";"2183500";"3297";"145052.1"
"20159027000";"2183500";"3297";"145060.0"
"20160108000";"2183500";"3297";"145068.0"
"20161187000";"2183500";"3297";"145075.9"
"20162531000";"2184900";"3297";"145085.8"
"20163616000";"2184900";"3297";"145093.7"
"20164695000";"2184900";"3297";"145101.7"
"20165776000";"2184900";"3297";"145109.6"
"20166860000";"2184900";"3297";"145118.0"
"20168202000";"2184900";"3297";"145127.4"
"20169283000";"2243600";"3297";"145135.7"
"20170363000";"2243600";"3297";"145143.7"
"20171443000";"2243600";"3297";"145151.7"
"20172522000";"2243600";"3298";"145160.0"
"20173872000";"2243600";"3298";"145169.4"
"20174952000";"2243600";"3298";"145177.8"
"20176032000";"2244500";"3298";"145185.7"
"20177112000";"2244500";"3298";"145193.7"
"20178192000";"2244500";"3298";"145201.6"
"20179536000";"2244500";"3298";"145210.0"
"20180615000";"2244500";"3298";"145217.9"
"20181696000";"2244500";"3298";"145225.9"
"20182776000";"2244500";"3298";"145233.8"
"20183861000";"2183400";"3298";"145242.1"
"20185205000";"2183400";"3298";"145250.1"
"20186284000";"2183400";"3298";"145258.4"
"20187365000";"2183400";"3298";"145266.4"
"20188444000";"2183400";"3298";"145274.3"
"20189525000";"2183400";"3298";"145282.3"
"20190867000";"2183400";"3298";"145291.0"
"20191947000";"2128100";"3298";"145298.9"
"20193033000";"2128100";"3298";"145306.9"
"20194114000";"2128100";"3298";"145315.2"
"20195193000";"2128100";"3298";"145323.2"
"20196536000";"2128100";"3298";"145332.6"
"20197617000";"2128100";"3298";"145340.6"
"20198697000";"2244100";"3298";"145348.9"
"20199777000";"2244100";"3298";"145356.9"
"20200857000";"2244100";"3298";"145364.8"
"20202199000";"2244100";"3298";"145373.1"
"20203285000";"2244100";"3298";"145381.1"
"20204365000";"2244100";"3298";"145389.0"
"20205445000";"2244100";"3298";"145397.0"
"20206524000";"2169300";"3298";"145405.0"
"20207868000";"2169300";"3298";"145413.3"
"20208953000";"2169300";"3298";"145421.6"
"20210033000";"2169300";"3298";"145429.6"
"20211113000";"2169300";"3297";"145437.5"
"20212193000";"2169300";"3297";"145445.8"
"20213540000";"2169300";"3297";"145454.2"
"20214620000";"2139600";"3297";"145462.1"
"20215699000";"2139600";"3297";"145470.1"
"20216779000";"2139600";"3297";"145478.0"
"20217859000";"2139600";"3297";"145486.0"
"20219203000";"2139600";"3297";"145494.3"
"20220282000";"2139600";"3297";"145502.2"
"20221361000";"2139600";"3297";"145510.2"
"20222442000";"2170900";"3297";"145518.1"
"20223529000";"2170900";"3298";"145526.5"
"20224871000";"2170900";"3297";"145535.9"
"20225950000";"2170900";"3297";"145543.9"
"20227030000";"2170900";"3297";"145552.2"
"20228110000";"2170900";"3297";"145560.2"
"20229191000";"2244500";"3297";"145568.1"
"20230533000";"2244500";"3297";"145576.5"
"20231613000";"2244500";"3297";"145584.4"
"20232693000";"2244500";"3297";"145592.7"
"20233778000";"2244500";"3297";"145600.7"
"20234858000";"2244500";"3297";"145608.6"
"20236201000";"2244500";"3297";"145617.0"
"20237280000";"2127000";"3297";"145624.9"
"20238359000";"2127000";"3297";"145632.9"
"20239440000";"2127000";"3297";"145640.8"
"20240519000";"2127000";"3297";"145649.2"
"20241863000";"2127000";"3297";"145658.6"
"20242948000";"2127000";"3297";"145666.6"
"20244028000";"2227600";"3297";"145674.5"
"20245109000";"2227600";"3297";"145682.9"
"20246189000";"2227600";"3297";"145690.8"
"20247531000";"2227600";"3297";"145699.1"
"20248611000";"2227600";"3297";"145707.1"
"20249690000";"2227600";"3297";"145715.0"
"20250776000";"2227600";"3297";"145723.4"
"20251856000";"2198800";"3297";"145731.3"
"20253205000";"2198800";"3297";"145739.6"
"20254286000";"2198800";"3297";"145747.6"
"20255365000";"2198800";"3297";"145755.9"
"20256444000";"2198800";"3297";"145763.9"
"20257525000";"2198800";"3297";"145771.8"
"20258867000";"2198800";"3297";"145780.2"
"20259948000";"2126400";"3297";"145788.1"
"20261027000";"2126400";"3297";"145796.1"
"20262106000";"2126400";"3297";"145804.0"
"20263191000";"2126400";"3297";"145812.0"
"20264535000";"2126400";"3297";"145820.3"
"20265614000";"2126400";"3297";"145828.2"
"20266693000";"2126400";"3297";"145836.2"
"20267774000";"2184400";"3297";"145844.5"
"20268854000";"2184400";"3297";"145852.5"
"20270197000";"2184400";"3297";"145860.8"
"20271276000";"2184400";"3297";"145868.7"
"20272356000";"2184400";"3297";"145876.7"
"20273441000";"2184400";"3297";"145885.0"
"20274522000";"2184400";"3297";"145893.0"
"20275864000";"2126900";"3297";"145901.3"
"20276944000";"2126900";"3297";"145909.3"
"20278024000";"2126900";"3297";"145917.2"
"20279104000";"2126900";"3297";"145925.2"
"20280183000";"2126900";"3297";"145933.1"
"20281526000";"2126900";"3296";"145943.0"
"20282607000";"2229300";"3297";"145950.9"
"20283692000";"2229300";"3296";"145958.9"
"20284772000";"2229300";"3296";"145966.8"
"20285852000";"2229300";"3297";"145975.1"
"20287194000";"2229300";"3297";"145983.5"
"20288275000";"2229300";"3297";"145991.4"
"20289355000";"2229300";"3296";"145999.4"
"20290435000";"2183900";"3297";"146007.3"
"20291515000";"2183900";"3297";"146015.7"
"20292868000";"2183900";"3297";"146024.0"
"20293948000";"2183900";"3297";"146031.9"
"20295028000";"2183900";"3297";"146039.9"
"20296108000";"2183900";"3297";"146048.2"
"20297188000";"2183900";"3297";"146056.2"
"20298531000";"2139400";"3297";"146064.5"
"20299610000";"2139400";"3297";"146072.4"
"20300691000";"2139400";"3297";"146080.4"
"20301770000";"2139400";"3297";"146088.3"
"20302857000";"2139400";"3297";"146096.3"
"20304199000";"2139400";"3297";"146104.6"
"20305279000";"2139400";"3297";"146112.6"
"20306359000";"2169100";"3297";"146120.5"
"20307439000";"2169100";"3297";"146128.9"
"20308519000";"2169100";"3297";"146136.8"
"20309861000";"2169100";"3297";"146146.6"
"20310941000";"2169100";"3297";"146154.6"
"20312021000";"2169100";"3297";"146162.6"
"20313105000";"2262500";"3297";"146170.9"
"20314186000";"2262500";"3297";"146178.8"
"20315529000";"2262500";"3297";"146188.7"
"20316609000";"2262500";"3297";"146196.6"
"20317688000";"2262500";"3297";"146204.6"
"20318768000";"2262500";"3297";"146212.5"
"20319849000";"2229300";"3296";"146220.5"
"20321191000";"2229300";"3296";"146228.8"
"20322272000";"2229300";"3296";"146236.8"
"20323358000";"2229300";"3296";"146244.7"
"20324438000";"2229300";"3296";"146252.7"
"20325518000";"2229300";"3296";"146261.0"
"20326860000";"2229300";"3297";"146269.3"
"20327940000";"2126500";"3297";"146277.3"
"20329020000";"2126500";"3297";"146285.2"
"20330100000";"2126500";"3296";"146293.2"
"20331180000";"2126500";"3296";"146301.5"
"20332522000";"2126500";"3297";"146311.4"
"20333607000";"2126500";"3297";"146319.3"
"20334692000";"2243400";"3297";"146327.3"
"20335772000";"2243400";"3297";"146335.2"
"20336852000";"2243400";"3297";"146343.5"
"20338195000";"2243400";"3297";"146351.5"
"20339276000";"2243400";"3297";"146359.8"
"20340356000";"2243400";"3298";"146367.8"
"20341436000";"2243400";"3297";"146375.7"
"20342515000";"2185200";"3297";"146383.7"
"20343863000";"2185200";"3297";"146392.0"
"20344943000";"2185200";"3297";"146399.9"
"20346023000";"2185200";"3297";"146407.9"
"20347102000";"2185200";"3297";"146415.9"
"20348183000";"2185200";"3297";"146424.2"
"20349525000";"2160500";"3297";"146433.7"
"20350604000";"2160500";"3297";"146442.0"
"20351685000";"2160500";"3297";"146449.9"
"20352765000";"2160500";"3297";"146457.9"
"20353850000";"2160500";"3297";"146465.8"
"20355193000";"2160500";"3297";"146474.2"
"20356273000";"2160500";"3297";"146482.1"
"20357353000";"2198500";"3297";"146490.4"
"20358433000";"2198500";"3297";"146498.4"
"20359513000";"2198500";"3297";"146506.4"
"20360856000";"2198500";"3297";"146514.7"
"20361936000";"2198500";"3297";"146522.6"
"20363022000";"2198500";"3297";"146530.6"
"20364102000";"2198500";"3297";"146538.5"
"20365182000";"2169000";"3297";"146546.5"
"20366524000";"2169000";"3297";"146554.8"
"20367605000";"2169000";"3297";"146563.1"
"20368686000";"2169000";"3297";"146571.1"
"20369766000";"2169000";"3297";"146579.0"
"20370846000";"2169000";"3297";"146587.0"
"20372188000";"2169000";"3297";"146595.3"
"20373274000";"2140600";"3297";"146603.6"
"20374353000";"2140600";"3297";"146611.6"
"20375433000";"2140600";"3297";"146619.5"
"20376518000";"2140600";"3297";"146627.5"
"20377861000";"2140600";"3297";"146635.8"
"20378942000";"2140600";"3297";"146643.8"
"20380022000";"2140600";"3297";"146651.7"
"20381102000";"2169100";"3297";"146659.7"
"20382181000";"2169100";"3297";"146668.0"
"20383529000";"2169100";"3297";"146677.5"
"20384609000";"2169100";"3297";"146685.4"
"20385689000";"2169100";"3297";"146693.8"
"20386769000";"2169100";"3297";"146701.7"
"20387849000";"2244900";"3297";"146709.7"
"20389192000";"2244900";"3297";"146718.0"
"20390272000";"2244900";"3297";"146725.9"
"20391352000";"2244900";"3297";"146734.3"
"20392432000";"2244900";"3297";"146742.2"
"20393518000";"2244900";"3297";"146750.2"
"20394861000";"2244900";"3296";"146758.5"
"20395941000";"2126500";"3296";"146766.4"
"20397021000";"2126500";"3296";"146774.4"
"20398101000";"2126500";"3296";"146782.7"
"20399182000";"2126500";"3296";"146790.7"
"20400524000";"2126500";"3296";"146800.1"
"20401604000";"2126500";"3296";"146808.1"
"20402684000";"2246200";"3296";"146816.4"
"20403770000";"2246200";"3296";"146824.4"
"20404850000";"2246200";"3296";"146832.3"
"20406192000";"2246200";"3296";"146840.7"
"20407273000";"2246200";"3296";"146848.6"
"20408353000";"2246200";"3296";"146856.6"
"20409433000";"2246200";"3296";"146864.5"
"20410513000";"2183700";"3296";"146872.8"
"20411856000";"2183700";"3296";"146881.2"
"20412941000";"2183700";"3296";"146889.1"
"20414021000";"2183700";"3296";"146897.5"
"20415101000";"2183700";"3296";"146905.4"
"20416181000";"2183700";"3296";"146913.4"
"20417524000";"2183700";"3296";"146921.7"
"20418608000";"2125500";"3296";"146929.6"
"20419688000";"2125500";"3296";"146937.6"
"20420768000";"2125500";"3296";"146945.9"
"20421848000";"2125500";"3296";"146953.9"
"20423197000";"2125500";"3296";"146962.2"
"20424277000";"2125500";"3296";"146970.1"
"20425357000";"2125500";"3296";"146978.1"
"20426437000";"2183700";"3296";"146986.0"
"20427516000";"2183700";"3296";"146994.0"
"20428858000";"2183700";"3296";"147003.8"
"20429938000";"2183700";"3296";"147011.8"
"20431017000";"2183700";"3296";"147019.7"
"20432097000";"2183700";"3296";"147028.1"
"20433182000";"2245600";"3296";"147036.0"
"20434524000";"2245600";"3296";"147044.4"
"20435604000";"2245600";"3296";"147052.3"
"20436684000";"2245600";"3296";"147060.3"
"20437764000";"2245600";"3296";"147068.2"
"20438844000";"2245600";"3296";"147076.5"
"20440186000";"2245600";"3297";"147084.5"
"20441267000";"2128200";"3297";"147092.8"
"20442348000";"2128200";"3297";"147100.8"
"20443433000";"2128200";"3297";"147108.7"
"20444512000";"2128200";"3297";"147116.7"
"20445855000";"2128200";"3297";"147125.0"
"20446935000";"2128200";"3297";"147132.9"
"20448016000";"2128200";"3297";"147140.9"
"20449097000";"2183500";"3297";"147149.2"
"20450177000";"2183500";"3297";"147157.2"
"20451520000";"2183500";"3297";"147165.5"
"20452600000";"2183500";"3297";"147173.5"
"20453685000";"2183500";"3297";"147181.8"
"20454766000";"2183500";"3297";"147189.7"
"20455846000";"2183500";"3297";"147197.7"
"20457189000";"2183500";"3297";"147207.5"
"20458268000";"2183500";"3297";"147215.5"
"20459348000";"2183500";"3297";"147223.4"
"20460433000";"2183500";"3297";"147231.4"
"20461514000";"2183500";"3297";"147239.7"
"20462862000";"2183500";"3297";"147247.7"
"20463943000";"2183500";"3297";"147256.0"
"20465023000";"2182100";"3297";"147263.9"
"20466102000";"2182100";"3297";"147271.9"
"20467182000";"2182100";"3297";"147279.9"
"20468524000";"2182100";"3297";"147288.2"
"20469604000";"2182100";"3297";"147296.1"
"20470684000";"2182100";"3297";"147304.5"
"20471764000";"2182100";"3297";"147312.4"
"20472844000";"2185900";"3297";"147320.4"
"20474192000";"2185900";"3297";"147328.7"
"20475273000";"2185900";"3297";"147337.0"
"20476353000";"2185900";"3297";"147345.0"
"20477433000";"2185900";"3297";"147352.9"
"20478513000";"2185900";"3297";"147360.9"
"20479855000";"2185900";"3297";"147369.2"
"20480935000";"2126700";"3297";"147377.1"
"20482015000";"2126700";"3297";"147385.1"
"20483100000";"2126700";"3297";"147393.4"
"20484181000";"2126700";"3297";"147401.4"
"20485458000";"2126700";"3297";"147409.7"
"20486604000";"2126700";"3297";"147417.7"
"20487683000";"2126700";"3297";"147425.6"
"20488764000";"2183500";"3297";"147433.6"
"20489844000";"2183500";"3297";"147441.9"
"20491186000";"2183500";"3297";"147450.2"
"20492266000";"2183500";"3297";"147458.2"
"20493352000";"2183500";"3297";"147466.1"
"20494431000";"2183500";"3297";"147474.1"
"20495511000";"2183500";"3297";"147482.0"
"20496854000";"2184000";"3297";"147491.9"
"20497933000";"2184000";"3297";"147499.8"
"20499013000";"2184000";"3297";"147507.8"
"20500094000";"2184000";"3296";"147515.7"
"20501173000";"2184000";"3297";"147523.7"
"20502521000";"2184000";"3297";"147532.0"
"20503607000";"2184000";"3297";"147539.9"
"20504686000";"2182800";"3297";"147548.3"
"20505766000";"2182800";"3297";"147556.2"
"20506846000";"2182800";"3297";"147564.2"
"20508187000";"2182800";"3297";"147574.0"
"20509266000";"2182800";"3297";"147582.0"
"20510346000";"2182800";"3297";"147589.9"
"20511426000";"2230100";"3297";"147597.9"
"20512506000";"2230100";"3297";"147606.2"
"20513855000";"2230100";"3297";"147614.5"
"20514935000";"2230100";"3297";"147622.5"
"20516016000";"2230100";"3297";"147630.4"
"20517095000";"2230100";"3297";"147638.4"
"20518174000";"2230100";"3297";"147646.4"
"20519516000";"2126900";"3297";"147654.7"
"20520596000";"2126900";"3297";"147662.6"
"20521676000";"2126900";"3297";"147670.6"
"20522755000";"2126900";"3297";"147678.5"
"20523841000";"2126900";"3297";"147686.9"
"20525184000";"2126900";"3297";"147694.8"
"20526264000";"2126900";"3297";"147703.1"
"20527343000";"2184300";"3297";"147711.1"
"20528422000";"2184300";"3297";"147719.0"
"20529502000";"2184300";"3297";"147727.0"
"20530845000";"2184300";"3297";"147736.8"
"20531925000";"2184300";"3297";"147744.8"
"20533011000";"2184300";"3297";"147753.1"
"20534090000";"2244900";"3297";"147761.1"
"20535170000";"2244900";"3297";"147769.0"
"20536514000";"2244900";"3297";"147777.3"
"20537594000";"2244900";"3297";"147785.3"
"20538674000";"2244900";"3297";"147793.6"
"20539754000";"2244900";"3297";"147801.6"
"20540835000";"2244900";"3297";"147809.5"
"20542177000";"2127900";"3297";"147817.9"
"20543262000";"2127900";"3297";"147825.8"
"20544346000";"2127900";"3297";"147833.8"
"20545426000";"2127900";"3297";"147841.7"
"20546506000";"2127900";"3297";"147849.7"
"20547849000";"2127900";"3296";"147858.0"
"20548929000";"2127900";"3296";"147865.9"
"20550009000";"2182800";"3296";"147874.3"
"20551089000";"2182800";"3296";"147882.2"
"20552169000";"2182800";"3296";"147890.2"
"20553518000";"2182800";"3296";"147898.5"
"20554597000";"2182800";"3296";"147906.4"
"20555677000";"2182800";"3296";"147914.4"
"20556756000";"2182800";"3296";"147922.7"
"20557836000";"2184100";"3296";"147930.7"
"20559178000";"2184100";"3296";"147939.0"
"20560257000";"2184100";"3296";"147947.0"
"20561337000";"2184100";"3296";"147954.9"
"20562416000";"2184100";"3296";"147962.9"
"20563502000";"2184100";"3296";"147970.8"
"20564846000";"2160300";"3296";"147980.7"
"20565925000";"2160300";"3296";"147988.6"
"20567004000";"2160300";"3296";"147996.6"
"20568085000";"2160300";"3296";"148004.5"
"20569165000";"2160300";"3296";"148012.8"
"20570508000";"2160300";"3296";"148021.2"
"20571588000";"2160300";"3296";"148029.1"
"20572668000";"2185500";"3296";"148037.1"
"20573753000";"2185500";"3296";"148045.0"
"20574833000";"2185500";"3296";"148053.4"
"20576176000";"2185500";"3296";"148061.3"
"20577256000";"2185500";"3296";"148069.6"
"20578336000";"2185500";"3296";"148077.6"
"20579417000";"2185500";"3296";"148085.5"
"20580497000";"2183500";"3296";"148093.5"
"20581840000";"2183500";"3296";"148101.8"
"20582926000";"2183500";"3296";"148109.8"
"20584005000";"2183500";"3296";"148117.7"
"20585084000";"2183500";"3296";"148125.7"
"20586217000";"2183500";"3296";"148133.6"
"20587561000";"2183500";"3296";"148141.9"
"20588641000";"2112700";"3297";"148150.3"
"20589720000";"2112700";"3297";"148158.2"
"20590800000";"2112700";"3297";"148166.2"
"20591880000";"2112700";"3297";"148174.1"
"20593228000";"2112700";"3297";"148182.4"
"20594308000";"2112700";"3297";"148190.8"
"20595388000";"2112700";"3297";"148198.7"
"20596468000";"2184100";"3297";"148206.7"
"20597548000";"2184100";"3297";"148214.6"
"20598890000";"2184100";"3297";"148224.5"
"20599970000";"2184100";"3297";"148232.4"
"20601049000";"2184100";"3297";"148240.4"
"20602129000";"2184100";"3297";"148248.3"
"20603214000";"2228200";"3297";"148256.3"
"20604558000";"2228200";"3297";"148264.6"
"20605638000";"2228200";"3297";"148272.6"
"20606718000";"2228200";"3297";"148280.5"
"20607798000";"2228200";"3297";"148288.5"
"20608878000";"2228200";"3297";"148296.8"
"20610220000";"2228200";"3297";"148305.1"
"20611299000";"2128200";"3297";"148313.1"
"20612380000";"2128200";"3297";"148321.0"
"20613466000";"2128200";"3297";"148329.0"
"20614545000";"2128200";"3297";"148337.3"
"20615888000";"2128200";"3297";"148346.8"
"20616968000";"2128200";"3297";"148355.1"
"20618048000";"2244500";"3297";"148363.1"
"20619128000";"2244500";"3297";"148371.0"
"20620208000";"2244500";"3297";"148379.0"
"20621550000";"2244500";"3297";"148387.3"
"20622630000";"2244500";"3297";"148395.2"
"20623715000";"2244500";"3297";"148403.2"
"20624795000";"2244500";"3297";"148411.1"
"20625875000";"2169300";"3297";"148419.1"
"20627217000";"2169300";"3297";"148427.4"
"20628302000";"2169300";"3297";"148435.7"
"20629381000";"2169300";"3297";"148443.7"
"20630462000";"2169300";"3297";"148451.6"
"20631542000";"2169300";"3297";"148460.0"
"20632890000";"2175400";"3297";"148469.4"
"20633970000";"2175400";"3297";"148477.8"
"20635050000";"2175400";"3297";"148485.7"
"20636129000";"2175400";"3297";"148493.7"
"20637209000";"2175400";"3297";"148501.6"
"20638551000";"2175400";"3297";"148510.0"
"20639631000";"2175400";"3297";"148517.9"
"20640711000";"2185900";"3297";"148525.9"
"20641791000";"2185900";"3297";"148533.8"
"20642877000";"2185900";"3297";"148541.8"
"20644220000";"2185900";"3297";"148550.1"
"20645301000";"2185900";"3296";"148558.0"
"20646381000";"2185900";"3296";"148566.0"
"20647461000";"2185900";"3296";"148573.9"
"20648541000";"2183200";"3297";"148582.3"
"20649884000";"2183200";"3296";"148591.7"
"20650964000";"2183200";"3296";"148600.1"
"20652044000";"2183200";"3296";"148608.0"
"20653129000";"2183200";"3296";"148616.0"
"20654209000";"2183200";"3296";"148623.9"
"20655553000";"2159700";"3297";"148632.2"
"20656633000";"2159700";"3297";"148640.6"
"20657713000";"2159700";"3297";"148648.5"
"20658793000";"2159700";"3297";"148656.5"
"20659873000";"2159700";"3297";"148664.4"
"20661216000";"2159700";"3297";"148672.8"
"20662296000";"2159700";"3297";"148680.7"
"20663381000";"2183900";"3297";"148688.7"
"20664461000";"2183900";"3297";"148696.6"
"20665542000";"2183900";"3297";"148704.9"
"20666885000";"2183900";"3297";"148714.4"
"20667964000";"2183900";"3297";"148722.4"
"20669045000";"2183900";"3297";"148730.3"
"20670130000";"2244300";"3297";"148738.7"
"20671210000";"2244300";"3297";"148746.6"
"20672553000";"2244300";"3297";"148754.9"
"20673638000";"2244300";"3297";"148762.9"
"20674718000";"2244300";"3296";"148770.8"
"20675799000";"2244300";"3296";"148779.2"
"20676879000";"2244300";"3296";"148787.1"
"20678222000";"2126500";"3296";"148795.4"
"20679301000";"2126500";"3296";"148803.4"
"20680381000";"2126500";"3296";"148811.3"
"20681461000";"2126500";"3297";"148819.3"
"20682542000";"2126500";"3297";"148827.2"
"20683889000";"2126500";"3297";"148837.1"
"20684970000";"2227600";"3297";"148845.0"
"20686050000";"2227600";"3297";"148853.0"
"20687130000";"2227600";"3297";"148860.9"
"20688211000";"2227600";"3297";"148868.9"
"20689553000";"2227600";"3297";"148877.2"
"20690634000";"2227600";"3297";"148885.2"
"20691713000";"2227600";"3297";"148893.5"
"20692793000";"2185300";"3296";"148901.5"
"20693878000";"2185300";"3296";"148909.4"
"20695221000";"2185300";"3296";"148919.3"
"20696300000";"2185300";"3296";"148927.2"
"20697381000";"2185300";"3296";"148935.2"
"20698460000";"2185300";"3296";"148943.1"
"20699540000";"2227800";"3297";"148951.1"
"20700883000";"2227800";"3297";"148959.4"
"20701964000";"2227800";"3297";"148967.3"
"20703050000";"2227800";"3297";"148975.7"
"20704130000";"2227800";"3297";"148983.6"
"20705210000";"2227800";"3297";"148991.6"
"20706553000";"2227800";"3297";"148999.9"
"20707633000";"2126200";"3297";"149007.8"
"20708713000";"2126200";"3297";"149015.8"
"20709793000";"2126200";"3297";"149024.1"
"20710874000";"2126200";"3297";"149032.1"
"20712221000";"2126200";"3297";"149040.4"
"20713307000";"2126200";"3296";"149048.4"
"20714387000";"2126200";"3296";"149056.7"
"20715467000";"2196900";"3296";"149064.6"
"20716547000";"2196900";"3296";"149072.6"
"20717891000";"2196900";"3296";"149080.9"
"20718971000";"2196900";"3296";"149088.9"
"20720051000";"2196900";"3297";"149096.8"
"20721131000";"2196900";"3297";"149104.8"
"20722210000";"2196900";"3297";"149112.7"
"20723558000";"2112400";"3297";"149121.0"
"20724638000";"2112400";"3297";"149129.0"
"20725717000";"2112400";"3297";"149136.9"
"20726798000";"2112400";"3297";"149144.9"
"20727877000";"2112400";"3297";"149153.2"
"20729219000";"2112400";"3297";"149161.5"
"20730299000";"2112400";"3297";"149169.5"
"20731378000";"2186100";"3297";"149177.5"
"20732458000";"2186100";"3297";"149185.8"
"20733545000";"2186100";"3297";"149193.7"
"20734887000";"2186100";"3297";"149202.1"
"20735968000";"2186100";"3297";"149210.0"
"20737047000";"2186100";"3297";"149218.0"
"20738128000";"2186100";"3297";"149225.9"
"20739208000";"2183400";"3297";"149233.9"
"20740552000";"2183400";"3296";"149242.2"
"20741632000";"2183400";"3296";"149250.1"
"20742712000";"2183400";"3296";"149258.1"
"20743797000";"2183400";"3296";"149266.4"
"20744877000";"2183400";"3297";"149274.4"
"20746220000";"2159700";"3297";"149283.8"
"20747301000";"2159700";"3297";"149291.8"
"20748381000";"2159700";"3297";"149300.1"
"20749461000";"2159700";"3297";"149308.1"
"20750541000";"2159700";"3297";"149316.0"
"20751884000";"2159700";"3297";"149324.4"
"20752969000";"2159700";"3297";"149332.7"
"20754053000";"2197000";"3297";"149340.6"
"20755133000";"2197000";"3297";"149348.6"
"20756213000";"2197000";"3297";"149356.5"
"20757557000";"2197000";"3297";"149366.4"
"20758636000";"2197000";"3297";"149374.3"
"20759716000";"2197000";"3297";"149382.3"
"20760796000";"2229500";"3296";"149390.2"
"20761876000";"2229500";"3296";"149398.6"
"20763225000";"2229500";"3296";"149406.9"
"20764304000";"2229500";"3297";"149414.8"
"20765383000";"2229500";"3297";"149422.8"
"20766463000";"2229500";"3297";"149430.8"
"20767543000";"2229500";"3297";"149438.7"
"20768885000";"2127000";"3297";"149447.0"
"20769966000";"2127000";"3297";"149455.0"
"20771045000";"2127000";"3297";"149463.3"
"20772126000";"2127000";"3297";"149471.3"
"20773211000";"2127000";"3296";"149479.2"
"20774554000";"2127000";"3296";"149487.5"
"20775635000";"2127000";"3296";"149495.5"
"20776715000";"2183400";"3296";"149503.4"
"20777795000";"2183400";"3296";"149511.8"
"20778876000";"2183400";"3297";"149519.7"
"20780218000";"2183400";"3296";"149529.2"
"20781299000";"2183400";"3297";"149537.1"
"20782378000";"2183400";"3297";"149545.5"
"20783465000";"2244300";"3297";"149553.4"
"20784544000";"2244300";"3297";"149561.4"
"20785886000";"2244300";"3297";"149569.7"
"20786965000";"2244300";"3297";"149577.7"
"20788046000";"2244300";"3297";"149585.6"
"20789126000";"2244300";"3297";"149593.6"
"20790206000";"2244300";"3297";"149601.5"
"20791548000";"2114400";"3296";"149609.8"
"20792629000";"2114400";"3296";"149618.2"
"20793713000";"2114400";"3297";"149626.1"
"20794793000";"2114400";"3297";"149634.1"
"20795934000";"2114400";"3297";"149642.4"
"20797276000";"2114400";"3297";"149651.9"
"20798357000";"2224500";"3297";"149659.8"
"20799437000";"2224500";"3297";"149667.8"
"20800516000";"2224500";"3297";"149676.1"
"20801595000";"2224500";"3297";"149684.1"
"20802944000";"2224500";"3297";"149692.4"
"20804023000";"2224500";"3297";"149700.3"
"20805104000";"2224500";"3296";"149708.3"
"20806184000";"2184100";"3296";"149716.2"
"20807264000";"2184100";"3296";"149724.6"
"20808607000";"2184100";"3296";"149734.0"
"20809686000";"2184100";"3296";"149742.0"
"20810767000";"2184100";"3296";"149750.3"
"20811846000";"2184100";"3296";"149758.3"
"20812931000";"2245100";"3297";"149766.2"
"20814273000";"2245100";"3297";"149776.1"
"20815353000";"2245100";"3297";"149784.0"
"20816433000";"2245100";"3297";"149792.0"
"20817513000";"2245100";"3297";"149799.9"
"20818593000";"2245100";"3297";"149807.9"
"20819936000";"2161900";"3297";"149816.2"
"20821016000";"2161900";"3297";"149824.1"
"20822095000";"2161900";"3297";"149832.5"
"20823180000";"2161900";"3297";"149840.4"
"20824260000";"2161900";"3297";"149848.4"
"20825603000";"2161900";"3297";"149856.7"
"20826682000";"2161900";"3297";"149864.7"
"20827762000";"2184300";"3297";"149872.6"
"20828842000";"2184300";"3297";"149880.6"
"20829922000";"2184300";"3297";"149888.5"
"20831266000";"2184300";"3297";"149898.4"
"20832346000";"2184300";"3297";"149906.3"
"20833431000";"2184300";"3297";"149914.3"
"20834512000";"2244300";"3297";"149922.6"
"20835592000";"2244300";"3297";"149930.5"
"20836934000";"2244300";"3297";"149938.9"
"20838019000";"2244300";"3297";"149946.8"
"20839099000";"2244300";"3297";"149954.8"
"20840179000";"2244300";"3297";"149963.1"
"20841260000";"2244300";"3297";"149971.1"
"20842603000";"2126500";"3297";"149979.4"
"20843689000";"2126500";"3297";"149987.3"
"20844769000";"2126500";"3297";"149995.3"
"20845849000";"2126500";"3297";"150003.2"
"20846929000";"2126500";"3297";"150011.2"
"20848271000";"2126500";"3297";"150019.5"
"20849351000";"2126500";"3297";"150027.5"
"20850431000";"2183900";"3297";"150035.8"
"20851511000";"2183900";"3297";"150043.7"
"20852590000";"2183900";"3297";"150051.7"
"20853939000";"2183900";"3297";"150060.0"
"20855020000";"2183900";"3297";"150068.0"
"20856099000";"2183900";"3297";"150076.3"
"20857178000";"2183900";"3297";"150084.3"
"20858257000";"2184300";"3297";"150092.2"
"20859600000";"2184300";"3297";"150101.7"
"20860681000";"2184300";"3297";"150109.6"
"20861760000";"2184300";"3297";"150118.0"
"20862841000";"2184300";"3297";"150125.9"
"20863925000";"2184300";"3297";"150133.9"
"20865268000";"2160100";"3297";"150142.2"
"20866348000";"2160100";"3297";"150150.1"
"20867429000";"2160100";"3297";"150158.1"
"20868509000";"2160100";"3297";"150166.0"
"20869589000";"2160100";"3297";"150174.0"
"20870931000";"2160100";"3297";"150182.3"
"20872012000";"2160100";"3297";"150190.6"
"20873097000";"2183700";"3297";"150198.6"
"20874176000";"2183700";"3297";"150206.5"
"20875257000";"2183700";"3297";"150214.9"
"20876600000";"2183700";"3297";"150224.3"
"20877681000";"2183700";"3297";"150232.3"
"20878761000";"2183700";"3297";"150240.6"
"20879846000";"2244300";"3297";"150248.6"
"20880926000";"2244300";"3297";"150256.5"
"20882270000";"2244300";"3297";"150266.0"
"20883355000";"2244300";"3297";"150274.3"
"20884435000";"2244300";"3297";"150282.3"
"20885514000";"2244300";"3297";"150290.2"
"20886594000";"2227600";"3297";"150298.2"
"20887937000";"2227600";"3297";"150306.5"
"20889018000";"2227600";"3297";"150314.5"
"20890098000";"2227600";"3297";"150322.8"
"20891178000";"2227600";"3297";"150330.7"
"20892259000";"2227600";"3297";"150338.7"
"20893607000";"2227600";"3297";"150347.0"
"20894687000";"2126200";"3297";"150355.0"
"20895767000";"2126200";"3296";"150363.3"
"20896847000";"2126200";"3296";"150371.3"
"20897927000";"2126200";"3296";"150379.2"
"20899269000";"2126200";"3296";"150389.0"
"20900350000";"2126200";"3296";"150397.0"
"20901429000";"2246600";"3296";"150405.0"
"20902508000";"2246600";"3297";"150412.9"
"20903594000";"2246600";"3297";"150420.9"
"20904937000";"2246600";"3297";"150429.2"
"20906017000";"2246600";"3297";"150437.1"
"20907096000";"2246600";"3297";"150445.1"
"20908176000";"2246600";"3297";"150453.0"
"20909255000";"2169700";"3297";"150461.0"
"20910598000";"2169700";"3297";"150469.3"
"20911677000";"2169700";"3297";"150477.6"
"20912757000";"2169700";"3297";"150485.6"
"20913843000";"2169700";"3297";"150493.5"
"20914923000";"2169700";"3297";"150501.5"
"20916266000";"2176600";"3297";"150511.3"
"20917346000";"2176600";"3297";"150519.3"
"20918426000";"2176600";"3297";"150527.2"
"20919507000";"2176600";"3297";"150535.6"
"20920587000";"2176600";"3297";"150543.5"
"20921935000";"2176600";"3297";"150551.9"
"20923020000";"2176600";"3297";"150559.8"
"20924100000";"2182100";"3297";"150567.8"
"20925180000";"2182100";"3297";"150576.1"
"20926260000";"2182100";"3297";"150584.0"
"20927601000";"2182100";"3297";"150592.4"
"20928681000";"2182100";"3297";"150600.3"
"20929761000";"2182100";"3297";"150608.3"
"20930841000";"2182100";"3297";"150616.2"
"20931921000";"2185900";"3297";"150624.2"
"20933269000";"2185900";"3297";"150632.9"
"20934349000";"2185900";"3297";"150640.8"
"20935429000";"2185900";"3297";"150648.8"
"20936508000";"2185900";"3297";"150656.7"
"20937588000";"2185900";"3297";"150664.7"
"20938930000";"2185900";"3297";"150673.0"
"20940010000";"2127000";"3297";"150681.0"
"20941091000";"2127000";"3297";"150688.9"
"20942171000";"2127000";"3297";"150696.9"
"20943257000";"2127000";"3297";"150704.8"
"20944601000";"2127000";"3297";"150713.1"
"20945680000";"2127000";"3297";"150721.1"
"20946760000";"2127000";"3297";"150729.4"
"20947840000";"2183400";"3297";"150737.4"
"20948919000";"2183400";"3297";"150745.3"
"20950262000";"2183400";"3297";"150753.6"
"20951342000";"2183400";"3297";"150761.6"
"20952421000";"2183400";"3297";"150769.9"
"20953507000";"2183400";"3297";"150777.9"
"20954586000";"2183400";"3297";"150785.8"
"20955929000";"2184300";"3297";"150795.7"
"20957009000";"2184300";"3297";"150803.6"
"20958090000";"2184300";"3297";"150811.6"
"20959170000";"2184300";"3296";"150819.5"
"20960251000";"2184300";"3296";"150827.9"
"20961594000";"2184300";"3296";"150837.3"
"20962673000";"2228900";"3296";"150845.3"
"20963763000";"2228900";"3296";"150853.2"
"20964843000";"2228900";"3296";"150861.6"
"20965923000";"2228900";"3296";"150869.5"
"20967265000";"2228900";"3297";"150877.8"
"20968345000";"2228900";"3297";"150885.8"
"20969425000";"2228900";"3297";"150893.7"
"20970505000";"2182800";"3297";"150901.7"
"20971584000";"2182800";"3297";"150909.6"
"20972933000";"2182800";"3297";"150918.0"
"20974012000";"2182800";"3297";"150926.3"
"20975092000";"2182800";"3297";"150934.3"
"20976172000";"2182800";"3297";"150942.2"
"20977252000";"2182800";"3296";"150950.2"
"20978595000";"2184200";"3296";"150960.0"
"20979674000";"2184200";"3296";"150968.0"
"20980755000";"2184200";"3296";"150975.9"
"20981835000";"2184200";"3296";"150983.9"
"20982920000";"2184200";"3296";"150991.8"
"20984262000";"2184200";"3296";"151000.1"
"20985342000";"2184200";"3296";"151008.1"
"20986422000";"2184100";"3296";"151016.4"
"20987502000";"2184100";"3296";"151024.4"
"20988583000";"2184100";"3296";"151032.3"
"20989925000";"2184100";"3296";"151040.6"
"20991004000";"2184100";"3296";"151048.6"
"20992085000";"2184100";"3296";"151056.5"
"20993170000";"2184100";"3296";"151064.9"
"20994250000";"2183700";"3296";"151072.8"
"20995593000";"2183700";"3296";"151081.2"
"20996672000";"2183700";"3296";"151089.1"
"20997752000";"2183700";"3296";"151097.1"
"20998832000";"2183700";"3296";"151105.4"
"20999913000";"2183700";"3296";"151113.3"
"21001255000";"2162100";"3296";"151122.8"
"21002335000";"2162100";"3296";"151130.8"
"21003420000";"2162100";"3296";"151139.1"
"21004501000";"2162100";"3296";"151147.0"
"21005647000";"2162100";"3296";"151155.0"
"21006990000";"2162100";"3296";"151163.3"
"21008069000";"2162100";"3296";"151171.3"
"21009148000";"2165500";"3296";"151179.2"
"21010229000";"2165500";"3296";"151187.2"
"21011309000";"2165500";"3296";"151195.5"
"21012651000";"2165500";"3296";"151203.8"
"21013737000";"2165500";"3296";"151211.8"
"21014816000";"2165500";"3296";"151219.7"
"21015897000";"2165500";"3296";"151227.7"
"21016977000";"2198500";"3296";"151236.0"
"21018320000";"2198500";"3296";"151244.3"
"21019400000";"2198500";"3296";"151252.3"
"21020480000";"2198500";"3296";"151260.2"
"21021561000";"2198500";"3296";"151268.2"
"21022640000";"2198500";"3296";"151276.1"
"21023989000";"2198500";"3296";"151284.5"
"21025068000";"2112200";"3296";"151292.4"
"21026149000";"2112200";"3296";"151300.4"
"21027229000";"2112200";"3296";"151308.3"
"21028309000";"2112200";"3296";"151316.7"
"21029652000";"2112200";"3297";"151326.1"
"21030732000";"2112200";"3297";"151334.5"
"21031813000";"2246000";"3297";"151342.4"
"21032897000";"2246000";"3297";"151350.4"
"21033978000";"2246000";"3297";"151358.3"
"21035321000";"2246000";"3297";"151368.2"
"21036401000";"2246000";"3297";"151376.1"
"21037481000";"2246000";"3297";"151384.4"
"21038561000";"2244500";"3297";"151392.4"
"21039642000";"2244500";"3297";"151400.3"
"21040985000";"2244500";"3297";"151408.7"
"21042064000";"2244500";"3297";"151416.6"
"21043150000";"2244500";"3297";"151424.6"
"21044230000";"2244500";"3297";"151432.5"
"21045310000";"2244500";"3297";"151440.5"
"21046654000";"2169000";"3297";"151450.3"
"21047739000";"2169000";"3297";"151458.3"
"21048819000";"2169000";"3297";"151466.6"
"21049898000";"2169000";"3297";"151474.6"
"21050977000";"2169000";"3297";"151482.5"
"21052320000";"2169000";"3297";"151492.4"
"21053406000";"2243400";"3297";"151500.3"
"21054486000";"2243400";"3297";"151508.3"
"21055567000";"2243400";"3297";"151516.6"
"21056646000";"2243400";"3297";"151524.5"
"21057989000";"2243400";"3297";"151534.4"
"21059069000";"2243400";"3297";"151542.3"
"21060149000";"2246400";"3297";"151550.3"
"21061230000";"2246400";"3297";"151558.2"
"21062309000";"2246400";"3297";"151566.2"
"21063657000";"2246400";"3297";"151576.0"
"21064737000";"2246400";"3297";"151584.0"
"21065822000";"2246400";"3297";"151591.9"
"21066901000";"2243400";"3297";"151600.3"
"21067982000";"2243400";"3297";"151608.2"
"21069325000";"2243400";"3297";"151616.5"
"21070404000";"2243400";"3297";"151624.5"
"21071483000";"2243400";"3297";"151632.5"
"21072564000";"2243400";"3297";"151640.4"
"21073649000";"2243400";"3297";"151648.7"
"21074992000";"2126900";"3297";"151657.1"
"21076073000";"2126900";"3297";"151665.0"
"21077153000";"2126900";"3297";"151673.3"
"21078232000";"2126900";"3297";"151681.3"
"21079312000";"2126900";"3297";"151689.2"
"21080655000";"2126900";"3297";"151698.7"
"21081735000";"2246200";"3297";"151707.0"
"21082816000";"2246200";"3297";"151715.0"
"21083901000";"2246200";"3297";"151723.0"
"21084981000";"2246200";"3297";"151730.9"
"21086323000";"2246200";"3297";"151739.2"
"21087402000";"2246200";"3297";"151747.2"
"21088482000";"2246200";"3297";"151755.1"
"21089567000";"2182800";"3297";"151763.5"
"21090646000";"2182800";"3297";"151771.4"
"21091989000";"2182800";"3297";"151779.7"
"21093073000";"2182800";"3297";"151788.1"
"21094153000";"2182800";"3297";"151796.0"
"21095233000";"2182800";"3297";"151804.0"
"21096313000";"2182800";"3297";"151811.9"
"21097656000";"2127200";"3297";"151820.2"
"21098736000";"2127200";"3297";"151828.6"
"21099816000";"2127200";"3297";"151836.5"
"21100896000";"2127200";"3297";"151844.5"
"21101975000";"2127200";"3297";"151852.4"
"21103324000";"2127200";"3297";"151860.8"
"21104403000";"2127200";"3297";"151868.7"
"21105483000";"2184100";"3297";"151876.7"
"21106563000";"2184100";"3297";"151884.6"
"21107643000";"2184100";"3297";"151892.9"
"21108986000";"2184100";"3297";"151901.3"
"21110065000";"2184100";"3297";"151909.2"
"21111146000";"2184100";"3297";"151917.2"
"21112225000";"2184100";"3297";"151925.1"
"21113310000";"2198800";"3297";"151933.5"
"21114654000";"2198800";"3297";"151941.8"
"21115734000";"2198800";"3297";"151949.7"
"21116814000";"2198800";"3297";"151957.7"
"21117893000";"2198800";"3297";"151966.0"
"21118974000";"2198800";"3297";"151974.0"
"21120316000";"2198800";"3297";"151982.3"
"21121396000";"2128100";"3297";"151990.2"
"21122476000";"2128100";"3297";"151998.2"
"21123561000";"2128100";"3297";"152006.1"
"21124641000";"2128100";"3297";"152014.1"
"21125985000";"2128100";"3297";"152023.9"
"21127064000";"2128100";"3297";"152031.9"
"21128144000";"2227600";"3297";"152039.8"
"21129225000";"2227600";"3297";"152048.2"
"21130305000";"2227600";"3297";"152056.1"
"21131651000";"2227600";"3297";"152066.0"
"21132731000";"2227600";"3297";"152073.9"
"21133816000";"2227600";"3297";"152082.3"
"21134896000";"2260500";"3297";"152090.2"
"21135977000";"2260500";"3297";"152098.2"
"21137320000";"2260500";"3297";"152106.5"
"21138400000";"2260500";"3296";"152114.4"
"21139480000";"2260500";"3296";"152122.4"
"21140560000";"2260500";"3296";"152130.7"
"21141639000";"2260500";"3296";"152138.7"
"21142988000";"2126500";"3296";"152147.0"
"21144067000";"2126500";"3296";"152154.9"
"21145147000";"2126500";"3296";"152162.9"
"21146228000";"2126500";"3296";"152170.9"
"21147308000";"2126500";"3296";"152179.2"
"21148651000";"2126500";"3296";"152188.6"
"21149731000";"2246400";"3296";"152197.0"
"21150811000";"2246400";"3296";"152204.9"
"21151891000";"2246400";"3296";"152212.9"
"21152976000";"2246400";"3296";"152221.2"
"21154318000";"2246400";"3296";"152229.5"
"21155398000";"2246400";"3296";"152237.5"
"21156478000";"2246400";"3296";"152245.4"
"21157559000";"2198700";"3296";"152253.8"
"21158639000";"2198700";"3296";"152261.7"
"21159982000";"2198700";"3296";"152271.2"
"21161062000";"2198700";"3296";"152279.5"
"21162142000";"2198700";"3296";"152287.5"
"21163228000";"2198700";"3296";"152295.4"
"21164307000";"2227400";"3296";"152303.4"
"21165650000";"2227400";"3296";"152311.7"
"21166730000";"2227400";"3296";"152319.7"
"21167811000";"2227400";"3296";"152327.6"
"21168890000";"2227400";"3296";"152335.9"
"21169971000";"2227400";"3296";"152343.9"
"21171314000";"2227400";"3296";"152352.2"
"21172394000";"2127900";"3296";"152360.2"
"21173484000";"2127900";"3296";"152368.1"
"21174565000";"2127900";"3296";"152376.5"
"21175645000";"2127900";"3296";"152384.4"
"21176987000";"2127900";"3296";"152392.7"
"21178067000";"2127900";"3296";"152400.7"
"21179147000";"2127900";"3296";"152408.6"
"21180227000";"2197000";"3296";"152417.0"
"21181308000";"2197000";"3296";"152424.9"
"21182651000";"2197000";"3296";"152434.4"
"21183737000";"2197000";"3296";"152442.7"
"21184816000";"2197000";"3296";"152450.7"
"21185896000";"2197000";"3296";"152458.6"
"21186976000";"2227400";"3296";"152466.6"
"21188318000";"2227400";"3296";"152474.9"
"21189397000";"2227400";"3296";"152482.8"
"21190478000";"2227400";"3296";"152490.8"
"21191558000";"2227400";"3296";"152499.1"
"21192638000";"2227400";"3296";"152507.1"
"21193987000";"2176600";"3296";"152516.9"
"21195066000";"2176600";"3296";"152524.9"
"21196147000";"2176600";"3296";"152532.8"
"21197226000";"2176600";"3296";"152541.2"
"21198305000";"2176600";"3296";"152549.1"
"21199648000";"2176600";"3296";"152559.0"
"21200727000";"2247300";"3296";"152566.9"
"21201808000";"2247300";"3297";"152574.9"
"21202893000";"2247300";"3297";"152582.8"
"21203973000";"2247300";"3297";"152590.8"
"21205315000";"2247300";"3297";"152599.1"
"21206396000";"2247300";"3296";"152607.0"
"21207475000";"2247300";"3296";"152615.0"
"21208555000";"2183900";"3296";"152623.3"
"21209635000";"2183900";"3296";"152631.3"
"21210977000";"2183900";"3296";"152639.6"
"21212057000";"2183900";"3296";"152647.5"
"21213143000";"2183900";"3297";"152655.5"
"21214222000";"2183900";"3297";"152663.8"
"21215363000";"2183900";"3296";"152671.8"
"21216707000";"2110700";"3296";"152680.1"
"21217786000";"2110700";"3297";"152688.1"
"21218866000";"2110700";"3297";"152696.4"
"21219946000";"2110700";"3297";"152704.3"
"21221025000";"2110700";"3297";"152712.3"
"21222368000";"2110700";"3297";"152720.6"
"21223453000";"2110700";"3297";"152728.6"
"21224532000";"2184600";"3297";"152736.5"
"21225612000";"2184600";"3297";"152744.5"
"21226693000";"2184600";"3297";"152752.8"
"21228035000";"2184600";"3297";"152760.7"
"21229116000";"2184600";"3297";"152769.1"
"21230196000";"2184600";"3297";"152777.0"
"21231276000";"2184600";"3297";"152785.0"
"21232357000";"2199600";"3297";"152793.3"
"21233705000";"2199600";"3297";"152803.2"
"21234785000";"2199600";"3297";"152811.1"
"21235865000";"2199600";"3297";"152819.1"
"21236945000";"2199600";"3297";"152827.0"
"21238026000";"2199600";"3297";"152835.3"
"21239368000";"2176400";"3297";"152843.7"
"21240448000";"2176400";"3297";"152851.6"
"21241528000";"2176400";"3297";"152859.6"
"21242608000";"2176400";"3297";"152867.5"
"21243693000";"2176400";"3297";"152875.5"
"21245036000";"2176400";"3297";"152885.3"
"21246116000";"2227600";"3297";"152893.3"
"21247196000";"2227600";"3297";"152901.2"
"21248276000";"2227600";"3297";"152909.2"
"21249356000";"2227600";"3297";"152917.5"
"21250698000";"2227600";"3297";"152927.0"
"21251779000";"2227600";"3298";"152935.3"
"21252865000";"2244500";"3298";"152943.3"
"21253944000";"2244500";"3298";"152951.2"
"21255025000";"2244500";"3298";"152959.5"
"21256367000";"2244500";"3298";"152967.9"
"21257452000";"2244500";"3297";"152975.8"
"21258532000";"2244500";"3297";"152983.8"
"21259612000";"2244500";"3297";"152992.1"
"21260693000";"2198700";"3297";"153000.1"
"21262035000";"2198700";"3298";"153008.4"
"21263120000";"2198700";"3298";"153016.3"
"21264200000";"2198700";"3298";"153024.3"
"21265280000";"2198700";"3298";"153032.2"
"21266360000";"2198700";"3298";"153040.2"
"21267703000";"2198700";"3298";"153048.5"
"21268784000";"2112400";"3298";"153056.5"
"21269864000";"2112400";"3297";"153064.8"
"21270944000";"2112400";"3297";"153072.7"
"21272025000";"2112400";"3297";"153080.7"
"21273373000";"2112400";"3297";"153089.0"
"21274453000";"2112400";"3297";"153097.4"
"21275533000";"2112400";"3297";"153105.3"
"21276613000";"2198100";"3297";"153113.3"
"21277694000";"2198100";"3297";"153121.2"
"21279036000";"2198100";"3297";"153129.5"
"21280115000";"2198100";"3297";"153137.9"
"21281195000";"2198100";"3297";"153145.8"
"21282275000";"2198100";"3297";"153153.8"
"21283361000";"2198100";"3297";"153161.7"
"21284704000";"2126700";"3297";"153170.0"
"21285785000";"2126700";"3297";"153178.0"
"21286864000";"2126700";"3297";"153185.9"
"21287944000";"2126700";"3297";"153193.9"
"21289024000";"2126700";"3297";"153202.2"
"21290366000";"2126700";"3297";"153210.5"
"21291445000";"2126700";"3297";"153218.5"
"21292526000";"2185700";"3297";"153226.5"
"21293612000";"2185700";"3297";"153234.8"
"21294691000";"2185700";"3297";"153242.7"
"21296034000";"2185700";"3297";"153252.6"
"21297114000";"2185700";"3296";"153260.5"
"21298194000";"2185700";"3296";"153268.5"
"21299279000";"2243000";"3296";"153276.4"
"21300359000";"2243000";"3296";"153284.4"
"21301701000";"2243000";"3296";"153292.7"
"21302782000";"2243000";"3296";"153301.0"
"21303868000";"2243000";"3296";"153309.0"
"21304948000";"2243000";"3296";"153316.9"
"21306028000";"2243000";"3296";"153324.9"
"21307372000";"2126200";"3296";"153333.2"
"21308451000";"2126200";"3296";"153341.2"
"21309530000";"2126200";"3296";"153349.1"
"21310611000";"2126200";"3296";"153357.5"
"21311690000";"2126200";"3296";"153365.4"
"21313038000";"2126200";"3296";"153373.7"
"21314119000";"2126200";"3296";"153382.1"
"21315200000";"2198700";"3296";"153390.0"
"21316279000";"2198700";"3296";"153398.0"
"21317359000";"2198700";"3296";"153405.9"
"21318703000";"2198700";"3296";"153415.8"
"21319783000";"2198700";"3296";"153423.7"
"21320864000";"2198700";"3296";"153431.7"
"21321943000";"2246200";"3296";"153440.0"
"21323029000";"2246200";"3296";"153448.0"
"21324371000";"2246200";"3296";"153456.3"
"21325450000";"2246200";"3296";"153464.2"
"21326530000";"2246200";"3296";"153472.2"
"21327610000";"2246200";"3296";"153480.1"
"21328690000";"2246200";"3296";"153488.5"
"21330033000";"2126900";"3296";"153496.8"
"21331113000";"2126900";"3296";"153504.7"
"21332192000";"2126900";"3296";"153512.7"
"21333278000";"2126900";"3296";"153521.0"
"21334357000";"2126900";"3296";"153529.0"
"21335700000";"2126900";"3297";"153537.3"
"21336780000";"2126900";"3296";"153545.2"
"21337860000";"2184300";"3297";"153553.2"
"21338940000";"2184300";"3297";"153561.5"
"21340019000";"2184300";"3297";"153569.5"
"21341366000";"2184300";"3296";"153577.8"
"21342446000";"2184300";"3296";"153585.8"
"21343532000";"2184300";"3296";"153593.7"
"21344611000";"2184300";"3296";"153602.0"
"21345690000";"2197900";"3296";"153610.0"
"21347033000";"2197900";"3296";"153619.5"
"21348112000";"2197900";"3296";"153627.8"
"21349193000";"2197900";"3296";"153635.7"
"21350273000";"2197900";"3296";"153643.7"
"21351352000";"2197900";"3296";"153651.7"
"21352695000";"2161900";"3296";"153660.0"
"21353780000";"2161900";"3296";"153668.3"
"21354860000";"2161900";"3296";"153676.3"
"21355940000";"2161900";"3296";"153684.2"
"21357021000";"2161900";"3296";"153692.5"
"21358364000";"2161900";"3296";"153700.9"
"21359443000";"2161900";"3296";"153708.8"
"21360523000";"2198700";"3296";"153716.8"
"21361603000";"2198700";"3296";"153724.7"
"21362683000";"2198700";"3296";"153732.7"
"21364032000";"2198700";"3296";"153742.5"
"21365112000";"2198700";"3296";"153750.5"
"21366192000";"2198700";"3296";"153758.4"
"21367271000";"2227800";"3296";"153766.4"
"21368351000";"2227800";"3296";"153774.7"
"21369693000";"2227800";"3297";"153783.0"
"21370773000";"2227800";"3297";"153791.0"
"21371852000";"2227800";"3297";"153798.9"
"21372938000";"2227800";"3297";"153807.3"
"21374017000";"2227800";"3297";"153815.2"
"21375360000";"2141500";"3297";"153823.5"
"21376439000";"2141500";"3297";"153831.5"
"21377520000";"2141500";"3297";"153839.8"
"21378600000";"2141500";"3297";"153847.8"
"21379680000";"2141500";"3297";"153855.7"
"21381022000";"2141500";"3297";"153865.6"
"21382102000";"2246600";"3297";"153873.5"
"21383191000";"2246600";"3297";"153881.5"
"21384271000";"2246600";"3297";"153889.4"
"21385351000";"2246600";"3297";"153897.4"
"21386695000";"2246600";"3297";"153905.7"
"21387774000";"2246600";"3297";"153913.7"
"21388855000";"2246600";"3297";"153921.6"
"21389936000";"2182300";"3297";"153929.9"
"21391015000";"2182300";"3297";"153937.9"
"21392357000";"2182300";"3297";"153947.7"
"21393442000";"2182300";"3297";"153955.7"
"21394522000";"2182300";"3297";"153963.6"
"21395602000";"2182300";"3297";"153972.0"
"21396682000";"2245300";"3297";"153979.9"
"21398025000";"2245300";"3297";"153989.8"
"21399105000";"2245300";"3297";"153997.7"
"21400185000";"2245300";"3297";"154005.7"
"21401265000";"2245300";"3297";"154013.6"
"21402345000";"2245300";"3297";"154021.6"
"21403694000";"2159700";"3297";"154029.9"
"21404774000";"2159700";"3297";"154037.9"
"21405855000";"2159700";"3297";"154045.8"
"21406934000";"2159700";"3297";"154054.1"
"21408014000";"2159700";"3297";"154062.1"
"21409358000";"2159700";"3298";"154070.4"
"21410437000";"2159700";"3298";"154078.4"
"21411516000";"2185300";"3298";"154086.3"
"21412597000";"2185300";"3298";"154094.6"
"21413682000";"2185300";"3298";"154102.6"
"21415025000";"2185300";"3297";"154110.9"
"21416105000";"2185300";"3297";"154119.3"
"21417185000";"2185300";"3297";"154127.2"
"21418266000";"2185300";"3297";"154135.2"
"21419345000";"2198300";"3297";"154143.1"
"21420689000";"2198300";"3297";"154151.4"
"21421768000";"2198300";"3297";"154159.4"
"21422853000";"2198300";"3297";"154167.3"
"21423934000";"2198300";"3297";"154175.7"
"21425078000";"2198300";"3297";"154183.6"
"21426421000";"2198300";"3297";"154191.9"
"21427500000";"2109900";"3297";"154199.9"
"21428580000";"2109900";"3297";"154207.8"
"21429661000";"2109900";"3297";"154215.8"
"21430741000";"2109900";"3297";"154224.1"
"21432084000";"2109900";"3297";"154232.4"
"21433169000";"2109900";"3297";"154240.4"
"21434250000";"2109900";"3297";"154248.4"
"21435329000";"2198300";"3297";"154256.7"
"21436409000";"2198300";"3297";"154264.6"
"21437752000";"2198300";"3296";"154273.0"
"21438831000";"2198300";"3296";"154280.9"
"21439911000";"2198300";"3296";"154288.9"
"21440992000";"2198300";"3296";"154296.8"
"21442072000";"2198300";"3297";"154305.1"
"21443421000";"2169400";"3297";"154314.6"
"21444501000";"2169400";"3297";"154322.6"
"21445581000";"2169400";"3296";"154330.9"
"21446661000";"2169400";"3296";"154338.8"
"21447741000";"2169400";"3296";"154346.8"
"21449082000";"2169400";"3296";"154355.1"
"21450163000";"2169400";"3296";"154363.1"
"21451242000";"2185900";"3296";"154371.0"
"21452321000";"2185900";"3296";"154379.4"
"21453407000";"2185900";"3296";"154387.3"
"21454749000";"2185900";"3296";"154395.6"
"21455829000";"2185900";"3296";"154403.6"
"21456910000";"2185900";"3296";"154411.9"
"21457990000";"2185900";"3296";"154419.9"
"21459069000";"2198800";"3296";"154427.8"
"21460412000";"2198800";"3297";"154437.7"
"21461491000";"2198800";"3297";"154445.6"
"21462571000";"2198800";"3296";"154453.6"
"21463656000";"2198800";"3296";"154461.5"
"21464737000";"2198800";"3296";"154469.5"
"21466080000";"2160100";"3296";"154477.8"
"21467164000";"2160100";"3296";"154486.1"
"21468244000";"2160100";"3296";"154494.1"
"21469324000";"2160100";"3296";"154502.0"
"21470403000";"2160100";"3296";"154510.0"
"21471746000";"2160100";"3296";"154518.3"
"21472825000";"2160100";"3296";"154526.6"
"21473911000";"2197800";"3296";"154534.6"
"21474990000";"2197800";"3296";"154542.5"
"21476070000";"2197800";"3296";"154550.9"
"21477413000";"2197800";"3296";"154560.3"
"21478492000";"2197800";"3296";"154568.3"
"21479572000";"2197800";"3296";"154576.6"
"21480652000";"2246800";"3296";"154584.6"
"21481732000";"2246800";"3296";"154592.5"
"21483080000";"2246800";"3296";"154600.9"
"21484160000";"2246800";"3296";"154608.8"
"21485239000";"2246800";"3296";"154616.8"
"21486319000";"2246800";"3296";"154624.7"
"21487399000";"2246800";"3296";"154633.0"
"21488741000";"2127200";"3296";"154641.4"
"21489822000";"2127200";"3296";"154649.3"
"21490902000";"2127200";"3297";"154657.3"
"21491982000";"2127200";"3296";"154665.2"
"21493068000";"2127200";"3297";"154673.6"
"21494410000";"2127200";"3297";"154681.9"
"21495491000";"2127200";"3297";"154689.8"
"21496570000";"2183500";"3297";"154697.8"
"21497651000";"2183500";"3297";"154706.1"
"21498731000";"2183500";"3296";"154714.1"
"21500075000";"2183500";"3297";"154722.4"
"21501154000";"2183500";"3297";"154730.3"
"21502234000";"2183500";"3297";"154738.3"
"21503319000";"2183500";"3297";"154746.2"
"21504399000";"2183700";"3297";"154754.2"
"21505742000";"2183700";"3296";"154764.0"
"21506823000";"2183700";"3296";"154772.0"
"21507903000";"2183700";"3296";"154779.9"
"21508988000";"2183700";"3296";"154788.3"
"21510069000";"2183700";"3296";"154796.2"
"21511412000";"2241700";"3297";"154806.1"
"21512491000";"2241700";"3296";"154814.0"
"21513576000";"2241700";"3296";"154822.0"
"21514656000";"2241700";"3296";"154829.9"
"21515736000";"2241700";"3297";"154838.3"
"21517079000";"2241700";"3297";"154846.6"
"21518160000";"2241700";"3296";"154854.5"
"21519239000";"2184100";"3296";"154862.5"
"21520320000";"2184100";"3296";"154870.4"
"21521399000";"2184100";"3296";"154878.4"
"21522742000";"2184100";"3296";"154886.7"
"21523828000";"2184100";"3296";"154895.0"
"21524908000";"2184100";"3297";"154903.0"
"21525989000";"2184100";"3297";"154910.9"
"21527068000";"2183500";"3297";"154918.9"
"21528410000";"2183500";"3297";"154928.7"
"21529491000";"2183500";"3297";"154936.7"
"21530571000";"2183500";"3297";"154944.6"
"21531650000";"2183500";"3297";"154952.6"
"21532731000";"2183500";"3297";"154960.9"
"21534080000";"2176400";"3297";"154969.3"
"21535159000";"2176400";"3297";"154977.2"
"21536240000";"2176400";"3297";"154985.5"
"21537321000";"2176400";"3297";"154993.5"
"21538400000";"2176400";"3297";"155001.4"
"21539742000";"2176400";"3297";"155009.8"
"21540821000";"2176400";"3297";"155017.7"
"21541902000";"2185500";"3297";"155025.7"
"21542988000";"2185500";"3297";"155034.0"
"21544068000";"2185500";"3297";"155042.0"
"21545411000";"2185500";"3297";"155050.3"
"21546490000";"2185500";"3297";"155058.2"
"21547570000";"2185500";"3297";"155066.2"
"21548649000";"2185500";"3297";"155074.1"
"21549729000";"2183900";"3297";"155082.1"
"21551077000";"2183900";"3297";"155090.4"
"21552157000";"2183900";"3297";"155098.7"
"21553242000";"2183900";"3297";"155106.7"
"21554321000";"2183900";"3297";"155114.6"
"21555402000";"2183900";"3297";"155123.0"
"21556745000";"2175200";"3297";"155132.4"
"21557825000";"2175200";"3297";"155140.8"
"21558904000";"2175200";"3297";"155148.7"
"21559984000";"2175200";"3297";"155156.7"
"21561064000";"2175200";"3297";"155164.6"
"21562406000";"2175200";"3297";"155174.5"
"21563491000";"2245300";"3297";"155182.4"
"21564570000";"2245300";"3297";"155190.4"
"21565650000";"2245300";"3297";"155198.3"
"21566730000";"2245300";"3297";"155206.3"
"21568073000";"2245300";"3297";"155216.1"
"21569153000";"2245300";"3297";"155224.1"
"21570232000";"2229900";"3297";"155232.0"
"21571312000";"2229900";"3297";"155240.0"
"21572392000";"2229900";"3297";"155248.3"
"21573740000";"2229900";"3297";"155256.6"
"21574820000";"2229900";"3297";"155264.6"
"21575900000";"2229900";"3297";"155272.9"
"21576980000";"2229900";"3297";"155280.9"
"21578060000";"2198500";"3297";"155288.8"
"21579403000";"2198500";"3297";"155297.1"
"21580483000";"2198500";"3297";"155305.1"
"21581563000";"2198500";"3297";"155313.1"
"21582643000";"2198500";"3297";"155321.0"
"21583728000";"2198500";"3297";"155329.0"
"21585071000";"2198500";"3297";"155337.3"
"21586151000";"2112400";"3297";"155345.2"
"21587232000";"2112400";"3297";"155353.2"
"21588311000";"2112400";"3297";"155361.5"
"21589392000";"2112400";"3297";"155369.5"
"21590734000";"2112400";"3297";"155377.8"
"21591813000";"2112400";"3297";"155385.7"
"21592903000";"2112400";"3297";"155393.7"
"21593983000";"2182800";"3296";"155401.6"
"21595063000";"2182800";"3297";"155410.0"
"21596405000";"2182800";"3297";"155418.3"
"21597484000";"2182800";"3297";"155426.2"
"21598564000";"2182800";"3297";"155434.2"
"21599644000";"2182800";"3297";"155442.2"
"21600724000";"2182800";"3297";"155450.1"
"21602067000";"2128400";"3296";"155458.4"
"21603153000";"2128400";"3296";"155466.4"
"21604233000";"2128400";"3296";"155474.3"
"21605313000";"2128400";"3296";"155482.3"
"21606394000";"2128400";"3297";"155490.6"
"21607737000";"2128400";"3297";"155498.6"
"21608816000";"2128400";"3297";"155506.9"
"21609895000";"2183900";"3297";"155514.8"
"21610976000";"2183900";"3297";"155522.8"
"21612055000";"2183900";"3297";"155530.7"
"21613404000";"2183900";"3297";"155539.1"
"21614484000";"2183900";"3297";"155547.4"
"21615564000";"2183900";"3297";"155555.3"
"21616645000";"2183900";"3297";"155563.3"
"21617724000";"2183500";"3297";"155571.3"
"21619067000";"2183500";"3296";"155579.6"
"21620147000";"2183500";"3297";"155587.5"
"21621228000";"2183500";"3297";"155595.9"
"21622308000";"2183500";"3297";"155603.8"
"21623393000";"2183500";"3297";"155611.8"
"21624735000";"2160100";"3297";"155621.2"
"21625815000";"2160100";"3297";"155629.6"
"21626894000";"2160100";"3297";"155637.5"
"21627974000";"2160100";"3297";"155645.5"
"21629054000";"2160100";"3297";"155653.4"
"21630396000";"2160100";"3297";"155661.7"
"21631476000";"2160100";"3297";"155669.7"
"21632556000";"2185900";"3297";"155677.6"
"21633642000";"2185900";"3297";"155686.0"
"21634721000";"2185900";"3297";"155693.9"
"21636069000";"2185900";"3297";"155702.2"
"21637148000";"2185900";"3296";"155710.2"
"21638228000";"2185900";"3296";"155718.2"
"21639308000";"2185900";"3296";"155726.5"
"21640387000";"2197800";"3297";"155734.4"
"21641729000";"2197800";"3297";"155743.9"
"21642809000";"2197800";"3297";"155751.9"
"21643895000";"2197800";"3297";"155760.2"
"21644975000";"2197800";"3297";"155768.1"
"21646055000";"2197800";"3297";"155776.1"
"21647399000";"2159700";"3297";"155784.4"
"21648478000";"2159700";"3297";"155792.4"
"21649557000";"2159700";"3297";"155800.3"
"21650638000";"2159700";"3297";"155808.3"
"21651718000";"2159700";"3297";"155816.2"
"21653066000";"2159700";"3297";"155826.1"
"21654147000";"2244700";"3297";"155834.4"
"21655226000";"2244700";"3297";"155842.4"
"21656306000";"2244700";"3297";"155850.3"
"21657385000";"2244700";"3297";"155858.3"
"21658729000";"2244700";"3297";"155866.6"
"21659808000";"2244700";"3297";"155874.5"
"21660888000";"2244700";"3297";"155882.5"
"21661967000";"2186100";"3297";"155890.8"
"21663052000";"2186100";"3297";"155898.8"
"21664394000";"2186100";"3296";"155908.2"
"21665474000";"2186100";"3296";"155916.6"
"21666553000";"2186100";"3297";"155924.5"
"21667633000";"2186100";"3297";"155932.5"
"21668713000";"2228400";"3297";"155940.4"
"21670055000";"2228400";"3297";"155949.9"
"21671136000";"2228400";"3297";"155958.2"
"21672215000";"2228400";"3297";"155966.2"
"21673300000";"2228400";"3297";"155974.1"
"21674380000";"2228400";"3297";"155982.5"
"21675722000";"2176800";"3297";"155990.8"
"21676808000";"2176800";"3297";"155998.7"
"21677887000";"2176800";"3297";"156006.7"
"21678967000";"2176800";"3297";"156014.6"
"21680047000";"2176800";"3297";"156022.6"
"21681390000";"2176800";"3297";"156030.9"
"21682470000";"2176800";"3297";"156038.9"
"21683555000";"2167900";"3296";"156046.8"
"21684635000";"2167900";"3296";"156055.1"
"21685715000";"2167900";"3296";"156063.1"
"21687057000";"2167900";"3297";"156071.4"
"21688138000";"2167900";"3297";"156079.4"
"21689217000";"2167900";"3297";"156087.3"
"21690298000";"2167900";"3297";"156095.3"
"21691377000";"2185300";"3297";"156103.2"
"21692720000";"2185300";"3297";"156111.5"
"21693806000";"2185300";"3297";"156119.9"
"21694886000";"2185300";"3297";"156127.8"
"21695966000";"2185300";"3297";"156135.8"
"21697046000";"2185300";"3297";"156144.1"
"21698389000";"2185300";"3297";"156152.4"
"21699468000";"2141000";"3297";"156160.4"
"21700548000";"2141000";"3297";"156168.3"
"21701628000";"2141000";"3297";"156176.3"
"21702707000";"2141000";"3297";"156184.2"
"21704055000";"2141000";"3297";"156192.6"
"21705136000";"2141000";"3297";"156200.5"
"21706216000";"2141000";"3297";"156208.5"
"21707296000";"2169300";"3297";"156216.4"
"21708377000";"2169300";"3297";"156224.8"
"21709719000";"2169300";"3297";"156233.1"
"21710800000";"2169300";"3297";"156241.0"
"21711879000";"2169300";"3297";"156249.0"
"21712965000";"2169300";"3297";"156257.3"
"21714045000";"2169300";"3297";"156265.3"
"21715388000";"2140500";"3297";"156273.6"
"21716469000";"2140500";"3297";"156281.5"
"21717550000";"2140500";"3297";"156289.9"
"21718679000";"2140500";"3297";"156297.8"
"21719759000";"2140500";"3297";"156305.8"
"21721102000";"2140500";"3297";"156314.1"
"21722182000";"2140500";"3297";"156322.0"
"21723268000";"2169400";"3296";"156330.0"
"21724348000";"2169400";"3296";"156337.9"
"21725428000";"2169400";"3296";"156346.3"
"21726771000";"2169400";"3296";"156354.2"
"21727852000";"2169400";"3296";"156362.6"
"21728932000";"2169400";"3297";"156370.5"
"21730012000";"2169400";"3297";"156378.5"
"21731091000";"2185200";"3296";"156386.4"
"21732434000";"2185200";"3296";"156394.7"
"21733520000";"2185200";"3296";"156403.1"
"21734599000";"2185200";"3296";"156411.0"
"21735680000";"2185200";"3296";"156419.0"
"21736759000";"2185200";"3296";"156426.9"
"21738102000";"2185200";"3296";"156435.2"
"21739182000";"2141000";"3297";"156443.6"
"21740262000";"2141000";"3297";"156451.5"
"21741342000";"2141000";"3297";"156459.5"
"21742421000";"2141000";"3297";"156467.4"
"21743769000";"2141000";"3297";"156475.8"
"21744849000";"2141000";"3296";"156483.7"
"21745929000";"2141000";"3296";"156491.7"
"21747008000";"2169700";"3296";"156499.6"
"21748089000";"2169700";"3296";"156507.6"
"21749433000";"2169700";"3296";"156515.9"
"21750513000";"2169700";"3296";"156524.2"
"21751593000";"2169700";"3296";"156532.2"
"21752672000";"2169700";"3296";"156540.1"
"21753758000";"2169700";"3296";"156548.1"
"21755101000";"2126200";"3296";"156556.4"
"21756181000";"2126200";"3296";"156564.7"
"21757260000";"2126200";"3296";"156572.7"
"21758341000";"2126200";"3296";"156580.6"
"21759421000";"2126200";"3296";"156588.6"
"21760769000";"2126200";"3296";"156597.3"
"21761849000";"2126200";"3296";"156605.2"
"21762935000";"2197000";"3297";"156613.2"
"21764014000";"2197000";"3296";"156621.1"
"21765094000";"2197000";"3296";"156629.1"
"21766437000";"2197000";"3296";"156637.4"
"21767517000";"2197000";"3296";"156645.4"
"21768597000";"2197000";"3296";"156653.7"
"21769676000";"2197000";"3296";"156661.6"
"21770757000";"2185500";"3296";"156669.6"
"21772099000";"2185500";"3296";"156677.9"
"21773185000";"2185500";"3296";"156685.9"
"21774265000";"2185500";"3296";"156694.2"
"21775345000";"2185500";"3296";"156702.2"
"21776425000";"2185500";"3296";"156710.1"
"21777767000";"2185500";"3296";"156718.4"
"21778848000";"2126700";"3296";"156726.4"
"21779928000";"2126700";"3296";"156734.3"
"21781008000";"2126700";"3296";"156742.7"
"21782088000";"2126700";"3296";"156750.6"
"21783437000";"2126700";"3296";"156760.1"
"21784517000";"2126700";"3296";"156768.4"
"21785597000";"2244300";"3296";"156776.4"
"21786677000";"2244300";"3296";"156784.3"
"21787757000";"2244300";"3296";"156792.3"
"21789099000";"2244300";"3296";"156800.6"
"21790179000";"2244300";"3296";"156808.5"
"21791258000";"2244300";"3296";"156816.5"
"21792337000";"2244300";"3296";"156824.8"
"21793423000";"2184400";"3296";"156832.8"
"21794767000";"2184400";"3296";"156841.1"
"21795847000";"2184400";"3296";"156849.1"
"21796926000";"2184400";"3296";"156857.0"
"21798006000";"2184400";"3296";"156865.3"
"21799086000";"2184400";"3296";"156873.3"
"21800428000";"2184400";"3296";"156881.6"
"21801507000";"2128400";"3296";"156889.6"
"21802592000";"2128400";"3296";"156897.5"
"21803677000";"2128400";"3296";"156905.5"
"21804758000";"2128400";"3296";"156913.4"
"21806101000";"2128400";"3296";"156921.7"
"21807182000";"2128400";"3296";"156929.7"
"21808262000";"2128400";"3296";"156937.6"
"21809342000";"2182100";"3296";"156946.0"
"21810421000";"2182100";"3296";"156953.9"
"21811763000";"2182100";"3296";"156962.3"
"21812842000";"2182100";"3296";"156970.2"
"21813927000";"2182100";"3296";"156978.2"
"21815007000";"2182100";"3296";"156986.5"
"21816087000";"2182100";"3296";"156994.4"
"21817431000";"2169900";"3296";"157003.9"
"21818511000";"2169900";"3296";"157012.2"
"21819590000";"2169900";"3296";"157020.2"
"21820670000";"2169900";"3296";"157028.1"
"21821749000";"2169900";"3296";"157036.1"
"21823033000";"2169900";"3297";"157044.4"
"21824177000";"2169900";"3297";"157052.4"
"21825256000";"2184800";"3297";"157060.3"
"21826337000";"2184800";"3297";"157068.3"
"21827416000";"2184800";"3297";"157076.6"
"21828759000";"2184800";"3297";"157086.1"
"21829839000";"2184800";"3297";"157094.0"
"21830918000";"2184800";"3297";"157102.4"
"21831998000";"2246600";"3297";"157110.3"
"21833084000";"2246600";"3297";"157118.3"
"21834426000";"2246600";"3297";"157126.6"
"21835507000";"2246600";"3297";"157134.9"
"21836586000";"2246600";"3297";"157142.9"
"21837666000";"2246600";"3297";"157150.8"
"21838746000";"2246600";"3297";"157158.8"
"21840089000";"2184000";"3297";"157168.6"
"21841169000";"2184000";"3297";"157176.6"
"21842249000";"2184000";"3297";"157184.5"
"21843334000";"2184000";"3297";"157192.5"
"21844413000";"2184000";"3297";"157200.4"
"21845761000";"2184000";"3297";"157208.7"
"21846841000";"2184000";"3297";"157216.7"
"21847921000";"2167700";"3297";"157224.6"
"21849002000";"2167700";"3297";"157232.6"
"21850082000";"2167700";"3297";"157240.9"
"21851424000";"2167700";"3297";"157248.9"
"21852505000";"2167700";"3297";"157257.2"
"21853591000";"2167700";"3297";"157265.2"
"21854670000";"2167700";"3297";"157273.1"
"21855751000";"2198300";"3297";"157281.4"
"21857093000";"2198300";"3297";"157289.4"
"21858173000";"2198300";"3297";"157297.7"
"21859253000";"2198300";"3297";"157305.7"
"21860332000";"2198300";"3297";"157313.6"
"21861413000";"2198300";"3297";"157321.6"
"21862755000";"2198300";"3297";"157329.9"
"21863840000";"2112800";"3297";"157337.8"
"21864921000";"2112800";"3297";"157345.8"
"21866000000";"2112800";"3297";"157353.8"
"21867081000";"2112800";"3297";"157362.1"
"21868423000";"2112800";"3297";"157371.5"
"21869502000";"2112800";"3297";"157379.5"
"21870581000";"2247100";"3297";"157387.8"
"21871662000";"2247100";"3297";"157395.8"
"21872741000";"2247100";"3297";"157403.7"
"21874089000";"2247100";"3297";"157412.1"
"21875169000";"2247100";"3297";"157420.0"
"21876249000";"2247100";"3297";"157428.3"
"21877329000";"2247100";"3297";"157436.3"
"21878408000";"2184300";"3297";"157444.2"
"21879750000";"2184300";"3297";"157454.1"
"21880830000";"2184300";"3297";"157462.0"
"21881911000";"2184300";"3297";"157470.0"
"21882996000";"2184300";"3297";"157478.0"
"21884076000";"2184300";"3297";"157485.9"
"21885419000";"2159900";"3297";"157494.2"
"21886505000";"2159900";"3297";"157502.2"
"21887585000";"2159900";"3296";"157510.1"
"21888665000";"2159900";"3296";"157518.5"
"21889744000";"2159900";"3296";"157526.4"
"21891086000";"2159900";"3297";"157534.7"
"21892167000";"2159900";"3297";"157542.7"
"21893251000";"2182600";"3297";"157550.6"
"21894330000";"2182600";"3297";"157558.6"
"21895410000";"2182600";"3297";"157566.9"
"21896753000";"2182600";"3296";"157576.4"
"21897834000";"2182600";"3296";"157584.7"
"21898913000";"2182600";"3296";"157592.7"
"21899993000";"2246800";"3296";"157600.6"
"21901073000";"2246800";"3296";"157608.6"
"21902416000";"2246800";"3296";"157618.4"
"21903501000";"2246800";"3297";"157626.4"
"21904581000";"2246800";"3297";"157634.3"
"21905660000";"2246800";"3297";"157642.3"
"21906739000";"2228200";"3297";"157650.2"
"21908083000";"2228200";"3296";"157658.6"
"21909163000";"2228200";"3296";"157666.5"
"21910243000";"2228200";"3296";"157674.5"
"21911323000";"2228200";"3296";"157682.4"
"21912403000";"2228200";"3296";"157690.7"
"21913751000";"2228200";"3296";"157699.1"
"21914830000";"2126700";"3296";"157707.0"
"21915911000";"2126700";"3296";"157715.3"
"21916991000";"2126700";"3296";"157723.3"
"21918071000";"2126700";"3296";"157731.3"
"21919414000";"2126700";"3296";"157741.1"
"21920494000";"2126700";"3296";"157749.0"
"21921573000";"2246400";"3296";"157757.0"
"21922654000";"2246400";"3297";"157765.0"
"21923739000";"2246400";"3296";"157772.9"
"21925082000";"2246400";"3296";"157781.2"
"21926163000";"2246400";"3296";"157789.2"
"21927243000";"2246400";"3296";"157797.1"
"21928322000";"2246400";"3296";"157805.1"
"21929408000";"2167400";"3296";"157813.0"
"21930750000";"2167400";"3296";"157821.4"
"21931831000";"2167400";"3296";"157829.3"
"21932917000";"2167400";"3296";"157837.6"
"21933996000";"2167400";"3296";"157845.6"
"21935075000";"2167400";"3296";"157853.5"
"21936419000";"2167400";"3296";"157861.9"
"21937499000";"2140800";"3296";"157870.2"
"21938579000";"2140800";"3296";"157878.1"
"21939659000";"2140800";"3296";"157886.1"
"21940739000";"2140800";"3296";"157894.1"
"21942082000";"2140800";"3296";"157902.4"
"21943167000";"2140800";"3296";"157910.3"
"21944247000";"2140800";"3296";"157918.3"
"21945328000";"2169000";"3296";"157926.2"
"21946407000";"2169000";"3296";"157934.6"
"21947750000";"2169000";"3296";"157942.5"
"21948831000";"2169000";"3296";"157950.8"
"21949911000";"2169000";"3296";"157958.8"
"21950991000";"2169000";"3296";"157966.7"
"21952071000";"2169000";"3296";"157974.7"
"21953419000";"2183600";"3296";"157984.5"
"21954499000";"2183600";"3296";"157992.5"
"21955578000";"2183600";"3296";"158000.4"
"21956658000";"2183600";"3296";"158008.8"
"21957738000";"2183600";"3296";"158016.7"
"21959080000";"2183600";"3296";"158025.0"
"21960160000";"2183600";"3296";"158033.0"
"21961239000";"2186100";"3296";"158041.0"
"21962320000";"2186100";"3296";"158048.9"
"21963406000";"2186100";"3296";"158056.9"
"21964749000";"2186100";"3296";"158065.2"
"21965829000";"2186100";"3296";"158073.1"
"21966909000";"2186100";"3296";"158081.1"
"21967989000";"2186100";"3296";"158089.0"
"21969068000";"2183500";"3296";"158097.4"
"21970416000";"2183500";"3296";"158105.3"
"21971495000";"2183500";"3296";"158113.6"
"21972574000";"2183500";"3296";"158121.6"
"21973659000";"2183500";"3296";"158129.5"
"21974739000";"2183500";"3296";"158137.5"
"21976082000";"2183500";"3296";"158145.8"
"21977162000";"2125800";"3296";"158154.1"
"21978243000";"2125800";"3296";"158162.1"
"21979322000";"2125800";"3296";"158170.1"
"21980403000";"2125800";"3296";"158178.0"
"21981745000";"2125800";"3296";"158186.3"
"21982826000";"2125800";"3296";"158194.3"
"21983912000";"2125800";"3296";"158202.2"
"21984992000";"2183500";"3296";"158210.6"
"21986071000";"2183500";"3296";"158218.5"
"21987415000";"2183500";"3296";"158228.0"
"21988494000";"2183500";"3296";"158235.9"
"21989574000";"2183500";"3296";"158244.3"
"21990653000";"2183500";"3296";"158252.2"
"21991733000";"2229700";"3296";"158260.2"
"21993081000";"2229700";"3296";"158268.5"
"21994160000";"2229700";"3296";"158276.4"
"21995240000";"2229700";"3296";"158284.4"
"21996320000";"2229700";"3296";"158292.7"
"21997401000";"2229700";"3296";"158300.7"
"21998743000";"2229700";"3296";"158309.0"
"21999823000";"2127000";"3296";"158317.0"
"22000903000";"2127000";"3296";"158324.9"
"22001983000";"2127000";"3296";"158332.9"
"22003068000";"2127000";"3296";"158341.2"
"22004412000";"2127000";"3296";"158349.1"
"22005492000";"2127000";"3296";"158357.1"
"22006572000";"2127000";"3296";"158365.4"
"22007653000";"2183400";"3296";"158373.4"
"22008733000";"2183400";"3297";"158381.3"
"22010075000";"2183400";"3297";"158389.6"
"22011155000";"2183400";"3297";"158397.6"
"22012282000";"2183400";"3297";"158405.5"
"22013368000";"2183400";"3297";"158413.9"
"22014448000";"2183400";"3297";"158421.8"
"22015791000";"2114200";"3297";"158430.1"
"22016871000";"2114200";"3297";"158438.1"
"22017952000";"2114200";"3297";"158446.1"
"22019032000";"2114200";"3297";"158454.4"
"22020111000";"2114200";"3297";"158462.3"
"22021454000";"2114200";"3297";"158470.7"
"22022533000";"2114200";"3297";"158478.6"
"22023618000";"2184100";"3297";"158486.6"
"22024698000";"2184100";"3297";"158494.5"
"22025777000";"2184100";"3297";"158502.5"
"22027121000";"2184100";"3297";"158510.8"
"22028201000";"2184100";"3297";"158518.7"
"22029281000";"2184100";"3297";"158526.7"
"22030361000";"2184100";"3297";"158534.6"
"22031441000";"2170600";"3297";"158542.6"
"22032784000";"2170600";"3297";"158552.4"
"22033869000";"2170600";"3297";"158560.4"
"22034948000";"2170600";"3297";"158568.7"
"22036028000";"2170600";"3297";"158576.7"
"22037107000";"2170600";"3297";"158584.6"
"22038451000";"2176800";"3297";"158593.0"
"22039530000";"2176800";"3297";"158600.9"
"22040610000";"2176800";"3297";"158608.9"
"22041690000";"2176800";"3297";"158617.2"
"22042771000";"2176800";"3297";"158625.1"
"22044120000";"2176800";"3297";"158633.5"
"22045200000";"2176800";"3297";"158641.4"
"22046279000";"2183700";"3297";"158649.4"
"22047359000";"2183700";"3297";"158657.3"
"22048439000";"2183700";"3297";"158665.3"
"22049781000";"2183700";"3297";"158673.6"
"22050860000";"2183700";"3297";"158681.5"
"22051941000";"2183700";"3297";"158689.5"
"22053027000";"2183700";"3297";"158697.8"
"22054106000";"2184100";"3297";"158705.8"
"22055454000";"2184100";"3297";"158714.1"
"22056534000";"2184100";"3297";"158722.1"
"22057614000";"2184100";"3297";"158730.4"
"22058694000";"2184100";"3297";"158738.3"
"22059774000";"2184100";"3297";"158746.3"
"22061117000";"2184100";"3297";"158754.6"
"22062196000";"2127000";"3297";"158762.6"
"22063281000";"2127000";"3296";"158770.5"
"22064361000";"2127000";"3296";"158778.5"
"22065440000";"2127000";"3296";"158786.4"
"22066783000";"2127000";"3296";"158796.3"
"22067863000";"2127000";"3296";"158804.2"
"22068943000";"2228000";"3296";"158812.2"
"22070024000";"2228000";"3296";"158820.1"
"22071104000";"2228000";"3296";"158828.5"
"22072446000";"2228000";"3296";"158836.8"
"22073532000";"2228000";"3296";"158844.7"
"22074611000";"2228000";"3296";"158852.7"
"22075692000";"2228000";"3296";"158860.6"
"22076771000";"2198700";"3296";"158869.0"
"22078113000";"2198700";"3296";"158877.3"
"22079194000";"2198700";"3296";"158885.2"
"22080273000";"2198700";"3296";"158893.2"
"22081353000";"2198700";"3296";"158901.1"
"22082433000";"2198700";"3296";"158909.1"
"22083781000";"2198700";"3296";"158917.4"
"22084860000";"2112800";"3296";"158925.4"
"22085940000";"2112800";"3296";"158933.3"
"22087020000";"2112800";"3296";"158941.3"
"22088101000";"2112800";"3296";"158949.2"
"22089444000";"2112800";"3296";"158957.5"
"22090524000";"2112800";"3296";"158965.5"
"22091604000";"2112800";"3296";"158973.8"
"22092684000";"2185000";"3296";"158981.8"
"22093770000";"2185000";"3296";"158989.7"
"22095112000";"2185000";"3296";"158998.1"
"22096196000";"2185000";"3296";"159006.4"
"22097276000";"2185000";"3296";"159014.3"
"22098355000";"2185000";"3296";"159022.3"
"22099434000";"2185000";"3296";"159030.2"
"22100777000";"2183500";"3296";"159040.1"
"22101856000";"2183500";"3296";"159048.0"
"22102942000";"2183500";"3296";"159056.4"
"22104023000";"2183500";"3296";"159064.3"
"22105102000";"2183500";"3296";"159072.3"
"22106445000";"2183500";"3296";"159081.7"
"22107525000";"2244500";"3296";"159090.1"
"22108605000";"2244500";"3296";"159098.0"
"22109685000";"2244500";"3296";"159106.0"
"22110766000";"2244500";"3296";"159113.9"
"22112108000";"2244500";"3296";"159122.3"
"22113193000";"2244500";"3296";"159130.2"
"22114273000";"2244500";"3296";"159138.2"
"22115353000";"2183900";"3296";"159146.5"
"22116432000";"2183900";"3296";"159154.4"
"22117774000";"2183900";"3296";"159162.8"
"22118853000";"2183900";"3296";"159170.7"
"22119933000";"2183900";"3296";"159179.0"
"22121013000";"2183900";"3297";"159187.0"
"22122094000";"2183900";"3297";"159195.0"
"22123443000";"2127000";"3297";"159203.3"
"22124522000";"2127000";"3297";"159211.2"
"22125601000";"2127000";"3297";"159219.2"
"22126681000";"2127000";"3297";"159227.1"
"22127761000";"2127000";"3297";"159235.1"
"22129104000";"2127000";"3297";"159243.4"
"22130184000";"2127000";"3297";"159251.4"
"22131264000";"2185900";"3297";"159259.7"
"22132343000";"2185900";"3297";"159267.6"
"22133429000";"2185900";"3297";"159275.6"
"22134772000";"2185900";"3297";"159283.9"
"22135852000";"2185900";"3296";"159291.9"
"22136932000";"2185900";"3296";"159300.2"
"22138012000";"2185900";"3296";"159308.1"
"22139097000";"2182300";"3296";"159316.1"
"22140439000";"2182300";"3296";"159324.4"
"22141518000";"2182300";"3296";"159332.4"
"22142598000";"2182300";"3296";"159340.3"
"22143684000";"2182300";"3296";"159348.7"
"22144764000";"2182300";"3297";"159356.6"
"22146107000";"2182300";"3297";"159364.9"
"22147187000";"2127000";"3296";"159372.9"
"22148266000";"2127000";"3296";"159380.8"
"22149346000";"2127000";"3296";"159388.8"
"22150427000";"2127000";"3296";"159396.7"
"22151769000";"2127000";"3297";"159405.1"
"22152855000";"2127000";"3296";"159413.4"
"22153935000";"2127000";"3296";"159421.3"
"22155015000";"2183900";"3296";"159429.3"
"22156095000";"2183900";"3297";"159437.6"
"22157438000";"2183900";"3297";"159446.0"
"22158517000";"2183900";"3297";"159453.9"
"22159596000";"2183900";"3297";"159461.9"
"22160675000";"2183900";"3297";"159469.8"
"22161755000";"2183900";"3296";"159477.8"
"22163104000";"2127200";"3297";"159486.1"
"22164183000";"2127200";"3297";"159494.4"
"22165264000";"2127200";"3297";"159502.4"
"22166343000";"2127200";"3297";"159510.3"
"22167423000";"2127200";"3297";"159518.3"
"22168766000";"2127200";"3297";"159526.6"
"22169845000";"2127200";"3297";"159534.5"
"22170925000";"2185700";"3296";"159542.5"
"22172005000";"2185700";"3297";"159550.4"
"22173090000";"2185700";"3297";"159558.8"
"22174432000";"2185700";"3297";"159568.6"
"22175511000";"2185700";"3297";"159576.6"
"22176592000";"2185700";"3296";"159584.5"
"22177671000";"2262500";"3296";"159592.9"
"22178751000";"2262500";"3296";"159600.8"
"22180099000";"2262500";"3296";"159610.7"
"22181179000";"2262500";"3296";"159618.6"
"22182259000";"2262500";"3296";"159626.6"
"22183345000";"2262500";"3296";"159634.5"
"22184425000";"2225700";"3296";"159642.5"
"22185769000";"2225700";"3297";"159650.8"
"22186848000";"2225700";"3297";"159658.7"
"22187928000";"2225700";"3296";"159666.7"
"22189008000";"2225700";"3297";"159674.6"
"22190089000";"2225700";"3297";"159683.0"
"22191431000";"2225700";"3297";"159691.3"
"22192511000";"2128100";"3297";"159699.3"
"22193596000";"2128100";"3297";"159707.2"
"22194676000";"2128100";"3297";"159715.2"
"22195755000";"2128100";"3297";"159723.5"
"22197098000";"2128100";"3297";"159733.0"
"22198177000";"2128100";"3297";"159741.3"
"22199257000";"2245600";"3297";"159749.2"
"22200336000";"2245600";"3297";"159757.2"
"22201417000";"2245600";"3297";"159765.1"
"22202759000";"2245600";"3297";"159773.5"
"22203844000";"2245600";"3297";"159781.4"
"22204923000";"2245600";"3297";"159789.4"
"22206004000";"2245600";"3297";"159797.3"
"22207084000";"2169300";"3297";"159805.3"
"22208426000";"2169300";"3297";"159813.6"
"22209507000";"2169300";"3297";"159821.5"
"22210586000";"2169300";"3297";"159829.9"
"22211667000";"2169300";"3297";"159837.8"
"22212747000";"2169300";"3297";"159845.8"
"22214095000";"2169300";"3297";"159854.1"
"22215175000";"2141000";"3297";"159862.4"
"22216255000";"2141000";"3297";"159870.4"
"22217335000";"2141000";"3297";"159878.3"
"22218414000";"2141000";"3297";"159886.3"
"22219758000";"2141000";"3297";"159894.6"
"22220837000";"2141000";"3297";"159902.6"
"22221917000";"2141000";"3297";"159910.5"
"22223008000";"2182500";"3297";"159918.8"
"22224087000";"2182500";"3297";"159926.8"
"22225430000";"2182500";"3297";"159935.1"
"22226510000";"2182500";"3297";"159943.1"
"22227589000";"2182500";"3297";"159951.0"
"22228670000";"2182500";"3296";"159959.0"
"22229750000";"2182500";"3296";"159967.3"
"22231093000";"2128100";"3296";"159975.6"
"22232173000";"2128100";"3297";"159983.6"
"22233258000";"2128100";"3297";"159991.5"
"22234339000";"2128100";"3297";"159999.5"
"22235419000";"2128100";"3297";"160007.8"
"22236762000";"2128100";"3297";"160016.1"
"22237843000";"2128100";"3297";"160024.1"
"22238922000";"2183500";"3297";"160032.0"
"22240001000";"2183500";"3297";"160040.0"
"22241082000";"2183500";"3297";"160048.3"
"22242425000";"2183500";"3297";"160056.3"
"22243511000";"2183500";"3297";"160064.6"
"22244590000";"2183500";"3297";"160072.6"
"22245671000";"2183500";"3297";"160080.5"
"22246750000";"2183900";"3297";"160088.5"
"22248092000";"2183900";"3297";"160096.8"
"22249173000";"2183900";"3297";"160104.7"
"22250252000";"2183900";"3297";"160112.7"
"22251332000";"2183900";"3297";"160120.6"
"22252412000";"2183900";"3297";"160129.0"
"22253760000";"2183900";"3297";"160137.3"
"22254841000";"2126900";"3297";"160145.2"
"22255921000";"2126900";"3297";"160153.6"
"22257000000";"2126900";"3297";"160161.5"
"22258080000";"2126900";"3297";"160169.5"
"22259422000";"2126900";"3297";"160177.8"
"22260501000";"2126900";"3297";"160185.8"
"22261581000";"2126900";"3297";"160193.7"
"22262662000";"2185700";"3297";"160201.7"
"22263748000";"2185700";"3297";"160210.0"
"22265095000";"2185700";"3297";"160219.5"
"22266174000";"2185700";"3297";"160227.4"
"22267254000";"2185700";"3297";"160235.7"
"22268334000";"2185700";"3297";"160243.7"
"22269414000";"2243400";"3297";"160251.6"
"22270757000";"2243400";"3297";"160261.5"
"22271836000";"2243400";"3297";"160269.4"
"22272922000";"2243400";"3297";"160277.4"
"22274001000";"2243400";"3297";"160285.3"
"22275082000";"2243400";"3297";"160293.7"
"22276424000";"2176800";"3297";"160302.0"
"22277503000";"2176800";"3297";"160310.0"
"22278583000";"2176800";"3297";"160317.9"
"22279662000";"2176800";"3297";"160325.9"
"22280742000";"2176800";"3297";"160334.2"
"22282085000";"2176800";"3297";"160343.7"
"22283171000";"2228000";"3297";"160351.6"
"22284250000";"2228000";"3297";"160359.9"
"22285331000";"2228000";"3297";"160367.9"
"22286411000";"2228000";"3297";"160375.8"
"22287754000";"2228000";"3297";"160384.2"
"22288833000";"2228000";"3297";"160392.1"
"22289913000";"2228000";"3297";"160400.1"
"22290992000";"2185700";"3297";"160408.0"
"22292073000";"2185700";"3297";"160416.4"
"22293422000";"2185700";"3297";"160424.7"
"22294503000";"2185700";"3297";"160432.6"
"22295582000";"2185700";"3297";"160440.6"
"22296663000";"2185700";"3297";"160448.9"
"22297742000";"2185700";"3297";"160456.9"
"22299084000";"2140600";"3297";"160465.2"
"22300164000";"2140600";"3297";"160473.1"
"22301243000";"2140600";"3297";"160481.1"
"22302323000";"2140600";"3297";"160489.0"
"22303408000";"2140600";"3297";"160497.4"
"22304752000";"2140600";"3297";"160505.7"
"22305882000";"2140600";"3297";"160513.6"
"22306962000";"2170000";"3297";"160521.6"
"22308042000";"2170000";"3297";"160529.5"
"22309122000";"2170000";"3297";"160537.5"
"22310465000";"2170000";"3297";"160547.3"
"22311545000";"2170000";"3297";"160555.3"
"22312625000";"2170000";"3296";"160563.3"
"22313711000";"2244500";"3296";"160571.6"
"22314791000";"2244500";"3296";"160579.5"
"22316134000";"2244500";"3296";"160589.4"
"22317213000";"2244500";"3296";"160597.3"
"22318293000";"2244500";"3296";"160605.3"
"22319374000";"2244500";"3296";"160613.6"
"22320453000";"2246600";"3296";"160621.6"
"22321795000";"2246600";"3296";"160629.9"
"22322881000";"2246600";"3296";"160637.8"
"22323961000";"2246600";"3296";"160645.8"
"22325040000";"2246600";"3296";"160653.7"
"22326121000";"2246600";"3296";"160661.7"
"22327463000";"2246600";"3296";"160670.0"
"22328543000";"2127000";"3296";"160678.4"
"22329623000";"2127000";"3296";"160686.3"
"22330702000";"2127000";"3296";"160694.3"
"22331783000";"2127000";"3296";"160702.2"
"22333132000";"2127000";"3296";"160710.5"
"22334212000";"2127000";"3296";"160718.5"
"22335291000";"2127000";"3296";"160726.8"
"22336371000";"2183900";"3296";"160734.8"
"22337450000";"2183900";"3296";"160742.7"
"22338793000";"2183900";"3296";"160752.6"
"22339873000";"2183900";"3296";"160760.5"
"22340952000";"2183900";"3297";"160768.9"
"22342032000";"2183900";"3297";"160776.8"
"22343116000";"2245600";"3297";"160784.8"
"22344458000";"2245600";"3297";"160794.6"
"22345537000";"2245600";"3297";"160802.6"
"22346618000";"2245600";"3297";"160810.5"
"22347697000";"2245600";"3297";"160818.5"
"22348782000";"2245600";"3297";"160826.4"
"22350126000";"2160500";"3296";"160834.7"
"22351206000";"2160500";"3296";"160842.7"
"22352286000";"2160500";"3296";"160851.0"
"22353371000";"2160500";"3296";"160859.0"
"22354451000";"2160500";"3296";"160866.9"
"22355794000";"2160500";"3296";"160875.2"
"22356874000";"2160500";"3296";"160883.6"
"22357953000";"2198700";"3296";"160891.5"
"22359033000";"2198700";"3296";"160899.5"
"22360113000";"2198700";"3296";"160907.4"
"22361456000";"2198700";"3296";"160917.3"
"22362535000";"2198700";"3296";"160925.2"
"22363622000";"2198700";"3296";"160933.2"
"22364702000";"2244700";"3296";"160941.5"
"22365782000";"2244700";"3296";"160949.5"
"22367124000";"2244700";"3296";"160957.8"
"22368204000";"2244700";"3296";"160965.7"
"22369283000";"2244700";"3296";"160973.7"
"22370363000";"2244700";"3296";"160981.6"
"22371443000";"2244700";"3296";"160989.6"
"22372787000";"2113900";"3296";"160997.9"
"22373873000";"2113900";"3296";"161006.2"
"22374953000";"2113900";"3296";"161014.2"
"22376033000";"2113900";"3296";"161022.2"
"22377114000";"2113900";"3296";"161030.5"
"22378455000";"2113900";"3296";"161038.8"
"22379536000";"2113900";"3296";"161046.8"
"22380615000";"2198500";"3296";"161054.7"
"22381695000";"2198500";"3296";"161062.7"
"22382775000";"2198500";"3296";"161070.6"
"22384123000";"2198500";"3296";"161078.9"
"22385203000";"2198500";"3296";"161086.9"
"22386283000";"2198500";"3296";"161095.2"
"22387363000";"2198500";"3297";"161103.2"
"22388444000";"2183700";"3297";"161111.1"
"22389790000";"2183700";"3297";"161119.4"
"22390869000";"2183700";"3297";"161127.4"
"22391950000";"2183700";"3296";"161135.3"
"22393035000";"2183700";"3296";"161143.7"
"22394114000";"2183700";"3296";"161151.6"
"22395457000";"2183700";"3296";"161160.0"
"22396537000";"2140500";"3296";"161168.3"
"22397616000";"2140500";"3296";"161176.2"
"22398696000";"2140500";"3296";"161184.2"
"22399776000";"2140500";"3296";"161192.1"
"22401118000";"2140500";"3296";"161200.5"
"22402198000";"2140500";"3296";"161208.8"
"22403284000";"2140500";"3296";"161216.7"
"22404364000";"2183900";"3296";"161224.7"
"22405445000";"2183900";"3296";"161232.7"
"22406787000";"2183900";"3296";"161241.0"
"22407866000";"2183900";"3296";"161248.9"
"22408945000";"2183900";"3296";"161256.9"
"22410025000";"2183900";"3296";"161264.8"
"22411105000";"2183900";"3296";"161273.2"
"22412447000";"2128900";"3296";"161281.5"
"22413533000";"2128900";"3296";"161289.4"
"22414613000";"2128900";"3296";"161297.4"
"22415693000";"2128900";"3296";"161305.7"
"22416773000";"2128900";"3296";"161313.7"
"22418115000";"2128900";"3296";"161322.0"
"22419196000";"2128900";"3296";"161329.9"
"22420275000";"2183700";"3296";"161337.9"
"22421356000";"2183700";"3296";"161346.2"
"22422436000";"2183700";"3296";"161354.2"
"22423783000";"2183700";"3296";"161362.5"
"22424863000";"2183700";"3296";"161370.5"
"22425942000";"2183700";"3296";"161378.4"
"22427022000";"2183700";"3296";"161386.4"
"22428103000";"2184100";"3296";"161394.3"
"22429446000";"2184100";"3296";"161402.6"
"22430527000";"2184100";"3296";"161410.6"
"22431607000";"2184100";"3296";"161418.9"
"22432692000";"2184100";"3296";"161426.9"
"22433778000";"2184100";"3296";"161434.8"
"22435120000";"2184100";"3296";"161443.1"
"22436201000";"2139100";"3296";"161451.5"
"22437280000";"2139100";"3296";"161459.4"
"22438359000";"2139100";"3296";"161467.4"
"22439440000";"2139100";"3296";"161475.3"
"22440782000";"2139100";"3296";"161483.7"
"22441863000";"2139100";"3296";"161492.0"
"22442949000";"2139100";"3296";"161499.9"
"22444028000";"2184100";"3296";"161507.9"
"22445107000";"2184100";"3296";"161515.8"
"22446449000";"2184100";"3296";"161524.2"
"22447530000";"2184100";"3296";"161532.1"
"22448609000";"2184100";"3296";"161540.1"
"22449690000";"2184100";"3296";"161548.4"
"22450769000";"2184100";"3296";"161556.4"
"22452113000";"2128200";"3296";"161564.7"
"22453199000";"2128200";"3296";"161572.6"
"22454279000";"2128200";"3296";"161580.6"
"22455359000";"2128200";"3296";"161588.9"
"22456439000";"2128200";"3296";"161596.9"
"22457782000";"2128200";"3296";"161605.2"
"22458861000";"2128200";"3296";"161613.1"
"22459941000";"2198500";"3296";"161621.5"
"22461022000";"2198500";"3296";"161629.4"
"22462102000";"2198500";"3296";"161637.4"
"22463450000";"2198500";"3296";"161645.7"
"22464530000";"2198500";"3296";"161653.6"
"22465610000";"2198500";"3296";"161661.6"
"22466690000";"2198500";"3296";"161669.6"
"22467770000";"2183500";"3296";"161677.9"
"22469113000";"2183500";"3296";"161685.8"
"22470193000";"2183500";"3296";"161694.2"
"22471273000";"2183500";"3296";"161702.1"
"22472353000";"2183500";"3296";"161710.1"
"22473439000";"2183500";"3296";"161718.0"
"22474787000";"2183500";"3296";"161726.3"
"22475867000";"2125200";"3296";"161734.7"
"22476946000";"2125200";"3296";"161742.6"
"22478026000";"2125200";"3296";"161750.6"
"22479106000";"2125200";"3296";"161758.9"
"22480449000";"2125200";"3296";"161767.2"
"22481529000";"2125200";"3296";"161775.2"
"22482609000";"2125200";"3296";"161783.1"
"22483694000";"2184100";"3296";"161791.1"
"22484774000";"2184100";"3296";"161799.0"
"22486117000";"2184100";"3296";"161807.4"
"22487197000";"2184100";"3296";"161815.3"
"22488277000";"2184100";"3296";"161823.6"
"22489356000";"2184100";"3296";"161831.6"
"22490437000";"2184100";"3296";"161839.5"
"22491779000";"2128200";"3296";"161847.9"
"22492865000";"2128200";"3296";"161855.8"
"22493944000";"2128200";"3296";"161863.8"
"22495024000";"2128200";"3296";"161872.1"
"22496104000";"2128200";"3296";"161880.1"
"22497447000";"2128200";"3296";"161888.4"
"22498526000";"2128200";"3296";"161896.3"
"22499607000";"2198700";"3296";"161904.7"
"22500688000";"2198700";"3296";"161912.6"
"22501768000";"2198700";"3296";"161920.6"
"22503115000";"2198700";"3296";"161930.4"
"22504195000";"2198700";"3296";"161938.4"
"22505274000";"2198700";"3297";"161946.3"
"22506353000";"2228200";"3297";"161954.3"
"22507433000";"2228200";"3296";"161962.2"
"22508777000";"2228200";"3296";"161970.5"
"22509857000";"2228200";"3296";"161978.5"
"22510938000";"2228200";"3296";"161986.8"
"22512017000";"2228200";"3296";"161994.8"
"22513102000";"2228200";"3296";"162002.7"
"22514445000";"2126500";"3296";"162011.0"
"22515525000";"2126500";"3296";"162019.4"
"22516610000";"2126500";"3296";"162027.3"
"22517689000";"2126500";"3296";"162035.3"
"22518769000";"2126500";"3296";"162043.6"
"22520112000";"2126500";"3296";"162051.9"
"22521193000";"2126500";"3296";"162059.9"
"22522273000";"2198700";"3296";"162067.8"
"22523359000";"2198700";"3296";"162075.8"
"22524438000";"2198700";"3296";"162083.7"
"22525781000";"2198700";"3296";"162092.1"
"22526861000";"2198700";"3296";"162100.0"
"22527941000";"2198700";"3296";"162108.4"
"22529022000";"2198700";"3296";"162116.3"
"22530102000";"2183500";"3296";"162124.3"
"22531445000";"2183500";"3296";"162132.6"
"22532526000";"2183500";"3296";"162140.5"
"22533611000";"2183500";"3296";"162148.5"
"22534691000";"2183500";"3296";"162156.8"
"22535771000";"2183500";"3296";"162164.8"
"22537114000";"2183500";"3296";"162173.1"
"22538194000";"2126400";"3296";"162181.0"
"22539274000";"2126400";"3296";"162189.4"
"22540354000";"2126400";"3296";"162197.3"
"22541433000";"2126400";"3296";"162205.3"
"22542777000";"2126400";"3296";"162213.6"
"22543862000";"2126400";"3296";"162221.6"
"22544943000";"2126400";"3296";"162229.5"
"22546023000";"2198500";"3296";"162237.8"
"22547103000";"2198500";"3296";"162245.8"
"22548446000";"2198500";"3296";"162254.1"
"22549526000";"2198500";"3296";"162262.1"
"22550606000";"2198500";"3296";"162270.0"
"22551685000";"2198500";"3296";"162278.0"
"22552765000";"2198500";"3296";"162285.9"
"22554114000";"2126500";"3296";"162294.6"
"22555194000";"2126500";"3296";"162302.6"
"22556275000";"2126500";"3296";"162310.5"
"22557354000";"2126500";"3296";"162318.5"
"22558439000";"2126500";"3296";"162326.8"
"22559781000";"2126500";"3296";"162335.1"
"22560862000";"2126500";"3296";"162343.1"
"22561941000";"2184100";"3296";"162351.0"
"22563027000";"2184100";"3296";"162359.4"
"22564106000";"2184100";"3297";"162367.3"
"22565449000";"2184100";"3297";"162375.6"
"22566529000";"2184100";"3297";"162383.6"
"22567610000";"2184100";"3297";"162391.5"
"22568689000";"2184100";"3297";"162399.5"
"22569769000";"2184100";"3297";"162407.4"
"22571112000";"2184100";"3297";"162415.8"
"22572191000";"2184100";"3297";"162424.1"
"22573277000";"2184100";"3297";"162432.1"
"22574357000";"2184100";"3297";"162440.0"
"22575437000";"2184100";"3297";"162448.0"
"22576780000";"2184100";"3297";"162456.7"
"22577859000";"2141000";"3297";"162464.6"
"22578940000";"2141000";"3297";"162472.6"
"22580019000";"2141000";"3297";"162480.5"
"22581100000";"2141000";"3298";"162488.8"
"22582442000";"2141000";"3298";"162497.2"
"22583528000";"2141000";"3298";"162505.1"
"22584607000";"2141000";"3298";"162513.1"
"22585687000";"2184100";"3298";"162521.0"
"22586767000";"2184100";"3298";"162529.0"
"22588110000";"2184100";"3298";"162538.8"
"22589190000";"2184100";"3298";"162546.8"
"22590270000";"2184100";"3298";"162554.7"
"22591350000";"2184100";"3298";"162562.7"
"22592430000";"2246200";"3298";"162571.0"
"22593779000";"2246200";"3298";"162579.3"
"22594858000";"2246200";"3298";"162587.3"
"22595938000";"2246200";"3298";"162595.2"
"22597018000";"2246200";"3298";"162603.6"
"22598098000";"2246200";"3298";"162611.5"
"22599482000";"2246200";"3298";"162619.8"
"22600561000";"2116100";"3298";"162627.8"
"22601642000";"2116100";"3298";"162635.7"
"22602722000";"2116100";"3298";"162644.1"
"22603807000";"2116100";"3298";"162652.0"
"22605150000";"2116100";"3298";"162661.5"
"22606229000";"2116100";"3298";"162669.8"
"22607310000";"2244700";"3298";"162677.8"
"22608390000";"2244700";"3298";"162685.7"
"22609470000";"2244700";"3298";"162693.7"
"22610814000";"2244700";"3298";"162702.0"
"22611893000";"2244700";"3297";"162710.0"
"22612979000";"2244700";"3298";"162718.3"
"22614058000";"2244700";"3297";"162726.2"
"22615139000";"2183500";"3297";"162734.2"
"22616481000";"2183500";"3297";"162742.9"
"22617561000";"2183500";"3297";"162750.8"
"22618641000";"2183500";"3297";"162758.8"
"22619721000";"2183500";"3297";"162766.8"
"22620801000";"2183500";"3297";"162775.1"
"22622144000";"2183500";"3297";"162783.4"
"22623230000";"2141000";"3297";"162791.4"
"22624310000";"2141000";"3297";"162799.3"
"22625390000";"2141000";"3297";"162807.3"
"22626470000";"2141000";"3297";"162815.2"
"22627813000";"2141000";"3297";"162823.5"
"22628893000";"2141000";"3297";"162831.5"
"22629973000";"2141000";"3297";"162839.8"
"22631052000";"2185300";"3297";"162847.8"
"22632132000";"2185300";"3297";"162855.7"
"22633481000";"2185300";"3296";"162864.0"
"22634561000";"2185300";"3296";"162872.0"
"22635641000";"2185300";"3296";"162880.3"
"22636720000";"2185300";"3296";"162888.3"
"22637801000";"2185300";"3296";"162896.2"
"22639143000";"2126900";"3296";"162904.6"
"22640223000";"2126900";"3296";"162912.9"
"22641303000";"2126900";"3296";"162920.8"
"22642387000";"2126900";"3296";"162928.8"
"22643473000";"2126900";"3296";"162936.7"
"22644816000";"2126900";"3296";"162945.1"
"22645897000";"2126900";"3296";"162953.0"
"22646977000";"2182100";"3296";"162961.0"
"22648058000";"2182100";"3296";"162969.3"
"22649137000";"2182100";"3296";"162977.3"
"22650480000";"2182100";"3296";"162985.6"
"22651561000";"2182100";"3296";"162993.5"
"22652640000";"2182100";"3296";"163001.5"
"22653724000";"2182100";"3296";"163009.4"
"22654804000";"2198800";"3296";"163017.8"
"22656147000";"2198800";"3296";"163026.1"
"22657226000";"2198800";"3296";"163034.0"
"22658307000";"2198800";"3296";"163042.0"
"22659386000";"2198800";"3296";"163050.3"
"22660465000";"2198800";"3296";"163058.3"
"22661808000";"2198800";"3296";"163066.6"
"22662893000";"2127200";"3296";"163074.5"
"22663973000";"2127200";"3296";"163082.5"
"22665053000";"2127200";"3296";"163090.5"
"22666133000";"2127200";"3296";"163098.4"
"22667476000";"2127200";"3296";"163108.3"
"22668555000";"2127200";"3296";"163116.2"
"22669636000";"2229300";"3296";"163124.2"
"22670716000";"2229300";"3296";"163132.5"
"22671797000";"2229300";"3296";"163140.4"
"22673145000";"2229300";"3296";"163150.3"
"22674224000";"2229300";"3296";"163158.2"
"22675304000";"2229300";"3296";"163166.2"
"22676384000";"2244900";"3297";"163174.1"
"22677464000";"2244900";"3297";"163182.5"
"22678807000";"2244900";"3296";"163190.8"
"22679888000";"2244900";"3296";"163198.7"
"22680967000";"2244900";"3296";"163206.7"
"22682047000";"2244900";"3297";"163214.7"
"22683132000";"2244900";"3297";"163223.0"
"22684479000";"2139800";"3297";"163231.3"
"22685559000";"2139800";"3297";"163239.3"
"22686640000";"2139800";"3297";"163247.2"
"22687719000";"2139800";"3297";"163255.2"
"22688799000";"2139800";"3297";"163263.1"
"22690143000";"2139800";"3297";"163273.0"
"22691223000";"2229100";"3297";"163280.9"
"22692302000";"2229100";"3297";"163288.9"
"22693388000";"2229100";"3297";"163297.2"
"22694468000";"2229100";"3297";"163305.1"
"22695810000";"2229100";"3297";"163313.5"
"22696890000";"2229100";"3297";"163321.4"
"22697969000";"2229100";"3297";"163329.8"
"22699050000";"2198800";"3297";"163337.7"
"22700130000";"2198800";"3297";"163345.7"
"22701473000";"2198800";"3297";"163355.5"
"22702553000";"2198800";"3297";"163363.5"
"22703639000";"2198800";"3298";"163371.4"
"22704718000";"2198800";"3297";"163379.4"
"22705798000";"2227600";"3297";"163387.3"
"22707141000";"2227600";"3297";"163395.6"
"22708220000";"2227600";"3297";"163403.6"
"22709300000";"2227600";"3297";"163411.9"
"22710379000";"2227600";"3297";"163419.9"
"22711459000";"2227600";"3297";"163427.8"
"22712802000";"2178600";"3297";"163437.7"
"22713887000";"2178600";"3297";"163445.6"
"22714967000";"2178600";"3297";"163453.6"
"22716046000";"2178600";"3297";"163461.9"
"22717125000";"2178600";"3297";"163469.9"
"22718467000";"2178600";"3297";"163478.2"
"22719546000";"2178600";"3297";"163486.1"
"22720627000";"2184800";"3297";"163494.1"
"22721707000";"2184800";"3297";"163502.4"
"22722787000";"2184800";"3297";"163510.4"
"22724135000";"2184800";"3297";"163518.7"
"22725216000";"2184800";"3297";"163526.6"
"22726300000";"2184800";"3297";"163534.6"
"22727379000";"2184800";"3297";"163542.5"
"22728458000";"2182800";"3297";"163550.5"
"22729802000";"2182800";"3297";"163558.8"
"22730882000";"2182800";"3297";"163566.8"
"22731962000";"2182800";"3297";"163575.1"
"22733047000";"2182800";"3297";"163583.1"
"22734128000";"2182800";"3297";"163591.0"
"22735470000";"2182800";"3297";"163599.3"
"22736551000";"2140600";"3297";"163607.7"
"22737630000";"2140600";"3297";"163615.6"
"22738711000";"2140600";"3297";"163623.6"
"22739790000";"2140600";"3297";"163631.5"
"22741132000";"2140600";"3296";"163639.8"
"22742212000";"2140600";"3296";"163648.2"
"22743297000";"2140600";"3296";"163656.1"
"22744378000";"2184100";"3296";"163664.1"
"22745457000";"2184100";"3296";"163672.0"
"22746800000";"2184100";"3296";"163680.3"
"22747881000";"2184100";"3296";"163688.3"
"22748961000";"2184100";"3296";"163696.3"
"22750042000";"2184100";"3296";"163704.2"
"22751121000";"2184100";"3296";"163712.5"
"22752463000";"2128200";"3296";"163720.9"
"22753549000";"2128200";"3296";"163728.8"
"22754628000";"2128200";"3296";"163736.8"
"22755708000";"2128200";"3296";"163744.7"
"22756787000";"2128200";"3296";"163753.0"
"22758130000";"2128200";"3296";"163761.4"
"22759210000";"2128200";"3296";"163769.3"
"22760290000";"2184100";"3296";"163777.3"
"22761370000";"2184100";"3296";"163785.6"
"22762450000";"2184100";"3296";"163793.6"
"22763798000";"2184100";"3296";"163801.9"
"22764878000";"2184100";"3296";"163809.8"
"22765957000";"2184100";"3296";"163817.8"
"22767036000";"2184100";"3296";"163825.7"
"22768121000";"2183000";"3296";"163833.7"
"22769465000";"2183000";"3296";"163842.0"
"22770544000";"2183000";"3296";"163850.0"
"22771625000";"2183000";"3296";"163858.3"
"22772705000";"2183000";"3296";"163866.2"
"22773790000";"2183000";"3296";"163874.2"
"22775132000";"2183000";"3296";"163882.5"
"22776211000";"2126900";"3296";"163890.5"
"22777291000";"2126900";"3296";"163898.8"
"22778371000";"2126900";"3296";"163906.8"
"22779450000";"2126900";"3296";"163914.7"
"22780794000";"2126900";"3296";"163923.0"
"22781873000";"2126900";"3296";"163931.0"
"22782958000";"2126900";"3296";"163939.3"
"22784037000";"2199200";"3296";"163947.3"
"22785118000";"2199200";"3296";"163955.2"
"22786460000";"2199200";"3296";"163963.5"
"22787541000";"2199200";"3296";"163971.5"
"22788621000";"2199200";"3296";"163979.4"
"22789702000";"2199200";"3296";"163987.8"
"22790782000";"2199200";"3296";"163995.7"
"22792125000";"2127500";"3296";"164004.0"
"22793211000";"2127500";"3296";"164012.0"
"22794291000";"2127500";"3296";"164020.0"
"22795372000";"2127500";"3296";"164028.3"
"22796451000";"2127500";"3296";"164036.2"
"22797793000";"2127500";"3296";"164044.6"
"22798873000";"2127500";"3296";"164052.5"
"22799953000";"2198700";"3296";"164060.8"
"22801033000";"2198700";"3296";"164068.8"
"22802113000";"2198700";"3296";"164076.7"
"22803463000";"2198700";"3296";"164086.6"
"22804543000";"2198700";"3297";"164094.5"
"22805623000";"2198700";"3297";"164102.5"
"22806703000";"2226900";"3297";"164110.4"
"22807783000";"2226900";"3297";"164118.4"
"22809125000";"2226900";"3296";"164126.7"
"22810210000";"2226900";"3296";"164134.7"
"22811290000";"2226900";"3296";"164143.0"
"22812369000";"2226900";"3296";"164151.0"
"22813456000";"2226900";"3296";"164158.9"
"22814798000";"2125700";"3296";"164167.2"
"22815878000";"2125700";"3296";"164175.2"
"22816958000";"2125700";"3296";"164183.5"
"22818037000";"2125700";"3296";"164191.5"
"22819118000";"2125700";"3296";"164199.4"
"22820461000";"2125700";"3296";"164209.3"
"22821541000";"2246400";"3296";"164217.2"
"22822620000";"2246400";"3296";"164225.2"
"22823706000";"2246400";"3296";"164233.1"
"22824786000";"2246400";"3296";"164241.5"
"22826129000";"2246400";"3296";"164249.8"
"22827210000";"2246400";"3297";"164257.7"
"22828290000";"2246400";"3297";"164265.7"
"22829370000";"2183400";"3297";"164273.6"
"22830449000";"2183400";"3296";"164281.6"
"22831793000";"2183400";"3296";"164289.9"
"22832879000";"2183400";"3296";"164297.9"
"22833959000";"2183400";"3296";"164306.2"
"22835039000";"2183400";"3296";"164314.1"
"22836119000";"2183400";"3296";"164322.1"
"22837463000";"2183500";"3296";"164331.9"
"22838542000";"2183500";"3296";"164339.9"
"22839623000";"2183500";"3296";"164348.2"
"22840702000";"2183500";"3296";"164356.2"
"22841782000";"2183500";"3297";"164364.1"
"22843129000";"2183500";"3297";"164372.5"
"22844209000";"2183500";"3297";"164380.4"
"22845289000";"2184400";"3296";"164388.4"
"22846369000";"2184400";"3296";"164396.3"
"22847449000";"2184400";"3296";"164404.6"
"22848791000";"2184400";"3296";"164412.6"
"22849871000";"2184400";"3296";"164420.9"
"22850951000";"2184400";"3296";"164428.9"
"22852035000";"2184400";"3296";"164436.8"
"22853121000";"2182600";"3296";"164444.8"
"22854464000";"2182600";"3296";"164453.1"
"22855543000";"2182600";"3296";"164461.0"
"22856624000";"2182600";"3296";"164469.4"
"22857703000";"2182600";"3296";"164477.3"
"22858782000";"2182600";"3296";"164485.3"
"22860125000";"2182600";"3296";"164493.6"
"22861205000";"2142700";"3296";"164501.9"
"22862285000";"2142700";"3296";"164509.9"
"22863370000";"2142700";"3296";"164517.8"
"22864450000";"2142700";"3296";"164525.8"
"22865792000";"2142700";"3296";"164534.1"
"22866871000";"2142700";"3296";"164542.1"
"22867952000";"2142700";"3296";"164550.0"
"22869032000";"2169500";"3296";"164558.0"
"22870111000";"2169500";"3296";"164566.3"
"22871454000";"2169500";"3296";"164574.6"
"22872535000";"2169500";"3296";"164582.6"
"22873619000";"2169500";"3296";"164590.5"
"22874700000";"2169500";"3296";"164598.5"
"22875780000";"2169500";"3296";"164606.8"
"22877123000";"2183800";"3296";"164616.3"
"22878204000";"2183800";"3296";"164624.6"
"22879283000";"2183800";"3296";"164632.6"
"22880362000";"2183800";"3296";"164640.5"
"22881443000";"2183800";"3296";"164648.8"
"22882785000";"2183800";"3296";"164656.8"
"22883870000";"2183800";"3296";"164665.1"
"22884951000";"2198700";"3296";"164673.1"
"22886031000";"2198700";"3296";"164681.0"
"22887111000";"2198700";"3296";"164689.0"
"22888453000";"2198700";"3296";"164697.3"
"22889532000";"2198700";"3296";"164705.2"
"22890612000";"2198700";"3296";"164713.2"
"22891692000";"2198700";"3296";"164721.5"
"22892771000";"2186100";"3296";"164729.5"
"22894124000";"2186100";"3296";"164737.8"
"22895204000";"2186100";"3297";"164745.8"
"22896283000";"2186100";"3296";"164753.7"
"22897363000";"2186100";"3296";"164762.0"
"22898442000";"2186100";"3296";"164770.0"
"22899785000";"2175600";"3296";"164779.8"
"22900865000";"2175600";"3296";"164787.8"
"22901944000";"2175600";"3296";"164795.7"
"22903031000";"2175600";"3297";"164804.1"
"22904110000";"2175600";"3297";"164812.0"
"22905454000";"2175600";"3297";"164820.4"
"22906534000";"2175600";"3297";"164828.3"
"22907614000";"2183500";"3297";"164836.3"
"22908693000";"2183500";"3297";"164844.2"
"22909773000";"2183500";"3297";"164852.2"
"22911116000";"2183500";"3297";"164860.5"
"22912197000";"2183500";"3296";"164868.4"
"22913283000";"2183500";"3296";"164876.8"
"22914362000";"2183500";"3296";"164884.7"
"22915441000";"2183900";"3296";"164892.7"
"22916785000";"2183900";"3297";"164901.0"
"22917865000";"2183900";"3296";"164908.9"
"22918945000";"2183900";"3296";"164917.3"
"22920026000";"2183900";"3296";"164925.2"
"22921105000";"2183900";"3296";"164933.2"
"22922448000";"2177800";"3296";"164943.0"
"22923534000";"2177800";"3297";"164951.0"
"22924614000";"2177800";"3297";"164958.9"
"22925693000";"2177800";"3297";"164966.9"
"22926773000";"2177800";"3297";"164974.8"
"22928116000";"2177800";"3296";"164983.2"
"22929196000";"2177800";"3296";"164991.1"
"22930277000";"2168800";"3296";"164999.1"
"22931358000";"2168800";"3296";"165007.4"
"22932437000";"2168800";"3296";"165015.3"
"22933785000";"2168800";"3296";"165024.8"
"22934865000";"2168800";"3296";"165033.1"
"22935950000";"2168800";"3296";"165041.1"
"22937030000";"2243200";"3296";"165049.0"
"22938110000";"2243200";"3296";"165057.4"
"22939452000";"2243200";"3296";"165066.8"
"22940533000";"2243200";"3296";"165075.2"
"22941612000";"2243200";"3296";"165083.1"
"22942692000";"2243200";"3296";"165091.1"
"22943777000";"2244900";"3296";"165099.0"
"22945120000";"2244900";"3296";"165107.4"
"22946200000";"2244900";"3296";"165115.3"
"22947279000";"2244900";"3296";"165123.3"
"22948359000";"2244900";"3296";"165131.2"
"22949439000";"2244900";"3296";"165139.2"
"22950782000";"2162100";"3296";"165149.0"
"22951861000";"2162100";"3296";"165157.0"
"22952947000";"2162100";"3296";"165164.9"
"22954028000";"2162100";"3296";"165173.2"
"22955107000";"2162100";"3296";"165181.2"
"22956449000";"2162100";"3296";"165189.5"
"22957529000";"2162100";"3296";"165197.5"
"22958609000";"2198800";"3296";"165205.8"
"22959688000";"2198800";"3296";"165213.8"
"22960768000";"2198800";"3296";"165221.7"
"22962111000";"2198800";"3296";"165230.0"
"22963196000";"2198800";"3296";"165238.0"
"22964277000";"2198800";"3296";"165245.9"
"22965356000";"2198800";"3296";"165254.3"
"22966436000";"2184100";"3296";"165262.2"
"22967779000";"2184100";"3296";"165271.7"
"22968858000";"2184100";"3296";"165279.6"
"22969939000";"2184100";"3296";"165287.6"
"22971019000";"2184100";"3296";"165295.9"
"22972099000";"2184100";"3297";"165303.9"
"22973448000";"2225600";"3297";"165313.7"
"22974527000";"2225600";"3297";"165321.7"
"22975607000";"2225600";"3297";"165329.6"
"22976686000";"2225600";"3297";"165337.6"
"22977770000";"2225600";"3297";"165345.9"
"22979113000";"2225600";"3297";"165354.2"
"22980192000";"2225600";"3297";"165362.2"
"22981273000";"2184600";"3297";"165370.1"
"22982353000";"2184600";"3297";"165378.5"
"22983438000";"2184600";"3297";"165386.4"
"22984780000";"2184600";"3297";"165394.7"
"22985859000";"2184600";"3297";"165402.7"
"22986940000";"2184600";"3297";"165410.6"
"22988019000";"2184600";"3297";"165418.6"
"22989099000";"2184400";"3297";"165426.5"
"22990441000";"2184400";"3297";"165436.4"
"22991521000";"2184400";"3297";"165444.3"
"22992602000";"2184400";"3297";"165452.3"
"22993687000";"2184400";"3297";"165460.2"
"22994766000";"2184400";"3297";"165468.6"
"22996108000";"2177000";"3298";"165476.9"
"22997189000";"2177000";"3298";"165484.9"
"22998269000";"2177000";"3297";"165492.8"
"22999349000";"2177000";"3298";"165500.8"
"23000429000";"2177000";"3298";"165509.1"
"23001772000";"2177000";"3298";"165517.4"
"23002858000";"2177000";"3298";"165525.4"
"23003938000";"2183400";"3298";"165533.3"
"23005018000";"2183400";"3298";"165541.3"
"23006098000";"2183400";"3298";"165549.2"
"23007441000";"2183400";"3298";"165557.5"
"23008521000";"2183400";"3298";"165565.5"
"23009600000";"2183400";"3298";"165573.4"
"23010681000";"2183400";"3297";"165581.4"
"23011761000";"2185300";"3297";"165589.7"
"23013109000";"2185300";"3298";"165598.0"
"23014189000";"2185300";"3298";"165606.0"
"23015269000";"2185300";"3298";"165614.0"
"23016348000";"2185300";"3298";"165621.9"
"23017428000";"2185300";"3298";"165630.2"
"23018771000";"2185300";"3298";"165638.6"
"23019856000";"2125700";"3298";"165646.5"
"23020935000";"2125700";"3298";"165654.5"
"23022016000";"2125700";"3298";"165662.4"
"23023102000";"2125700";"3298";"165670.7"
"23024444000";"2125700";"3298";"165679.1"
"23025525000";"2125700";"3298";"165687.0"
"23026604000";"2125700";"3298";"165695.0"
"23027683000";"2183900";"3297";"165702.9"
"23028764000";"2183900";"3297";"165710.9"
"23030106000";"2183900";"3297";"165719.2"
"23031187000";"2183900";"3297";"165727.2"
"23032266000";"2183900";"3297";"165735.1"
"23033353000";"2183900";"3297";"165743.1"
"23034433000";"2183900";"3297";"165751.4"
"23035775000";"2169400";"3297";"165760.9"
"23036855000";"2169400";"3297";"165769.2"
"23037936000";"2169400";"3297";"165777.1"
"23039016000";"2169400";"3297";"165785.1"
"23040096000";"2169400";"3297";"165793.0"
"23041439000";"2169400";"3297";"165801.4"
"23042518000";"2169400";"3297";"165809.7"
"23043604000";"2198300";"3297";"165817.6"
"23044683000";"2198300";"3297";"165825.6"
"23045763000";"2198300";"3297";"165833.6"
"23047106000";"2198300";"3297";"165841.9"
"23048186000";"2198300";"3297";"165849.8"
"23049266000";"2198300";"3297";"165857.8"
"23050346000";"2198300";"3297";"165865.7"
"23051427000";"2170600";"3297";"165873.7"
"23052771000";"2170600";"3297";"165882.0"
"23053856000";"2170600";"3297";"165890.3"
"23054935000";"2170600";"3297";"165898.3"
"23056014000";"2170600";"3297";"165906.2"
"23057095000";"2170600";"3296";"165914.2"
"23058437000";"2170600";"3296";"165922.9"
"23059518000";"2141000";"3296";"165930.8"
"23060598000";"2141000";"3296";"165938.8"
"23061683000";"2141000";"3296";"165946.7"
"23062762000";"2141000";"3297";"165955.1"
"23064111000";"2141000";"3297";"165964.5"
"23065191000";"2141000";"3297";"165972.5"
"23066271000";"2243000";"3297";"165980.8"
"23067351000";"2243000";"3297";"165988.8"
"23068430000";"2243000";"3297";"165996.7"
"23069772000";"2243000";"3297";"166005.1"
"23070852000";"2243000";"3297";"166013.0"
"23071932000";"2243000";"3297";"166021.0"
"23073018000";"2243000";"3297";"166029.3"
"23074097000";"2184400";"3297";"166037.2"
"23075440000";"2184400";"3297";"166045.6"
"23076521000";"2184400";"3297";"166053.5"
"23077600000";"2184400";"3297";"166061.5"
"23078681000";"2184400";"3297";"166069.8"
"23079760000";"2184400";"3297";"166077.8"
"23081103000";"2178000";"3297";"166087.6"
"23082182000";"2178000";"3297";"166095.6"
"23083267000";"2178000";"3297";"166103.5"
"23084348000";"2178000";"3297";"166111.5"
"23085428000";"2178000";"3297";"166119.4"
"23086771000";"2178000";"3297";"166127.7"
"23087851000";"2178000";"3297";"166135.7"
"23088932000";"2168800";"3297";"166143.6"
"23090012000";"2168800";"3297";"166152.0"
"23091091000";"2168800";"3297";"166159.9"
"23092435000";"2168800";"3297";"166168.2"
"23093521000";"2168800";"3297";"166176.2"
"23094601000";"2168800";"3297";"166184.1"
"23095681000";"2168800";"3297";"166192.1"
"23096761000";"2198500";"3297";"166200.4"
"23098103000";"2198500";"3297";"166208.8"
"23099184000";"2198500";"3297";"166216.7"
"23100263000";"2198500";"3297";"166224.7"
"23101344000";"2198500";"3297";"166233.0"
"23102424000";"2198500";"3297";"166240.9"
"23103776000";"2198500";"3297";"166249.3"
"23104856000";"2125500";"3297";"166257.2"
"23105936000";"2125500";"3297";"166265.2"
"23107017000";"2125500";"3297";"166273.1"
"23108096000";"2125500";"3297";"166281.1"
"23109440000";"2125500";"3297";"166289.4"
"23110519000";"2125500";"3297";"166297.3"
"23111599000";"2125500";"3297";"166305.3"
"23112679000";"2185300";"3297";"166313.6"
"23113764000";"2185300";"3297";"166321.6"
"23115107000";"2185300";"3297";"166329.9"
"23116186000";"2185300";"3297";"166337.9"
"23117266000";"2185300";"3297";"166345.8"
"23118346000";"2185300";"3297";"166353.8"
"23119427000";"2185300";"3297";"166362.1"
"23120770000";"2169400";"3297";"166371.6"
"23121850000";"2169400";"3297";"166379.9"
"23122936000";"2169400";"3297";"166387.8"
"23124016000";"2169400";"3297";"166395.8"
"23125096000";"2169400";"3297";"166403.7"
"23126438000";"2169400";"3297";"166412.1"
"23127518000";"2169400";"3297";"166420.0"
"23128598000";"2183900";"3297";"166428.0"
"23129678000";"2183900";"3296";"166435.9"
"23130758000";"2183900";"3296";"166443.9"
"23132101000";"2183900";"3296";"166452.2"
"23133187000";"2183900";"3296";"166460.5"
"23134267000";"2183900";"3296";"166468.5"
"23135346000";"2183900";"3296";"166476.4"
"23136426000";"2183900";"3296";"166484.4"
"23137769000";"2183900";"3296";"166492.7"
"23138849000";"2183900";"3296";"166500.7"
"23139929000";"2183900";"3296";"166509.0"
"23141009000";"2183900";"3296";"166516.9"
"23142089000";"2183900";"3297";"166524.9"
"23143438000";"2183900";"3297";"166533.2"
"23144518000";"2126400";"3297";"166541.2"
"23145603000";"2126400";"3297";"166549.1"
"23146684000";"2126400";"3296";"166557.1"
"23147764000";"2126400";"3296";"166565.0"
"23149106000";"2126400";"3296";"166574.9"
"23150186000";"2126400";"3296";"166582.8"
"23151266000";"2227600";"3296";"166590.8"
"23152347000";"2227600";"3296";"166598.7"
"23153433000";"2227600";"3296";"166607.1"
"23154775000";"2227600";"3296";"166615.4"
"23155856000";"2227600";"3296";"166623.3"
"23156936000";"2227600";"3296";"166631.3"
"23158016000";"2227600";"3296";"166639.2"
"23159097000";"2197900";"3296";"166647.6"
"23160439000";"2197900";"3296";"166655.9"
"23161520000";"2197900";"3296";"166663.8"
"23162600000";"2197900";"3296";"166671.8"
"23163685000";"2197900";"3296";"166679.7"
"23164764000";"2197900";"3296";"166688.1"
"23166107000";"2197900";"3296";"166696.0"
"23167187000";"2112400";"3296";"166704.0"
"23168266000";"2112400";"3296";"166712.3"
"23169347000";"2112400";"3297";"166720.3"
"23170426000";"2112400";"3297";"166728.2"
"23171769000";"2112400";"3297";"166736.5"
"23172855000";"2112400";"3297";"166744.5"
"23173935000";"2112400";"3297";"166752.4"
"23175015000";"2184100";"3296";"166760.4"
"23176094000";"2184100";"3296";"166768.3"
"23177438000";"2184100";"3296";"166776.7"
"23178517000";"2184100";"3296";"166785.0"
"23179597000";"2184100";"3296";"166792.9"
"23180676000";"2184100";"3296";"166800.9"
"23181757000";"2184100";"3296";"166808.8"
"23183105000";"2141100";"3296";"166817.5"
"23184185000";"2141100";"3297";"166825.5"
"23185265000";"2141100";"3297";"166833.4"
"23186345000";"2141100";"3297";"166841.4"
"23187429000";"2141100";"3297";"166849.4"
"23188771000";"2141100";"3297";"166857.7"
"23189851000";"2141100";"3297";"166865.6"
"23190931000";"2169700";"3297";"166873.6"
"23192011000";"2169700";"3297";"166881.5"
"23193097000";"2169700";"3297";"166889.9"
"23194439000";"2169700";"3297";"166898.2"
"23195520000";"2169700";"3297";"166906.1"
"23196600000";"2169700";"3297";"166914.1"
"23197680000";"2169700";"3297";"166922.0"
"23198759000";"2198500";"3297";"166930.4"
"23200101000";"2198500";"3297";"166938.7"
"23201182000";"2198500";"3297";"166946.6"
"23202262000";"2198500";"3297";"166954.6"
"23203347000";"2198500";"3297";"166962.6"
"23204426000";"2198500";"3297";"166970.5"
"23205770000";"2160100";"3297";"166980.3"
"23206849000";"2160100";"3297";"166988.3"
"23207929000";"2160100";"3297";"166996.3"
"23209009000";"2160100";"3297";"167004.2"
"23210088000";"2160100";"3297";"167012.2"
"23211431000";"2160100";"3297";"167020.5"
"23212510000";"2160100";"3297";"167028.4"
"23213595000";"2169900";"3296";"167036.4"
"23214675000";"2169900";"3296";"167044.3"
"23215756000";"2169900";"3296";"167052.7"
"23217098000";"2169900";"3296";"167061.0"
"23218179000";"2169900";"3296";"167068.9"
"23219258000";"2169900";"3296";"167076.9"
"23220338000";"2169900";"3296";"167085.2"
"23221418000";"2199900";"3296";"167093.2"
"23222761000";"2199900";"3296";"167101.5"
"23223847000";"2199900";"3296";"167109.4"
"23224926000";"2199900";"3296";"167117.4"
"23226005000";"2199900";"3296";"167125.4"
"23227086000";"2199900";"3296";"167133.3"
"23228429000";"2199900";"3296";"167141.6"
"23229513000";"2111400";"3296";"167149.6"
"23230593000";"2111400";"3296";"167157.5"
"23231673000";"2111400";"3296";"167165.5"
"23232753000";"2111400";"3296";"167173.4"
"23234102000";"2111400";"3296";"167181.8"
"23235182000";"2111400";"3296";"167190.1"
"23236261000";"2111400";"3296";"167198.0"
"23237341000";"2183900";"3296";"167206.0"
"23238420000";"2183900";"3296";"167213.9"
"23239763000";"2183900";"3296";"167222.3"
"23240842000";"2183900";"3296";"167230.2"
"23241923000";"2183900";"3296";"167238.6"
"23243009000";"2183900";"3296";"167246.5"
"23244089000";"2183900";"3296";"167254.5"
"23245432000";"2126700";"3296";"167262.8"
"23246512000";"2126700";"3296";"167270.7"
"23247593000";"2126700";"3296";"167278.7"
"23248673000";"2126700";"3296";"167286.6"
"23249753000";"2126700";"3296";"167294.6"
"23251096000";"2126700";"3296";"167302.9"
"23252176000";"2126700";"3296";"167311.2"
"23253262000";"2183200";"3296";"167319.2"
"23254343000";"2183200";"3296";"167327.1"
"23255422000";"2183200";"3296";"167335.1"
"23256765000";"2183200";"3296";"167343.4"
"23257845000";"2183200";"3296";"167351.7"
"23258924000";"2183200";"3296";"167359.7"
"23260003000";"2183200";"3296";"167367.7"
"23261084000";"2185700";"3296";"167375.6"
"23262426000";"2185700";"3296";"167383.9"
"23263512000";"2185700";"3296";"167391.9"
"23264592000";"2185700";"3296";"167399.8"
"23265672000";"2185700";"3296";"167407.8"
"23266752000";"2185700";"3296";"167415.7"
"23268095000";"2159900";"3296";"167425.6"
"23269175000";"2159900";"3296";"167433.5"
"23270255000";"2159900";"3296";"167441.5"
"23271340000";"2159900";"3296";"167449.4"
"23272421000";"2159900";"3296";"167457.8"
"23273770000";"2159900";"3296";"167465.7"
"23274849000";"2159900";"3296";"167474.0"
"23275929000";"2182100";"3296";"167482.0"
"23277009000";"2182100";"3296";"167489.9"
"23278090000";"2182100";"3296";"167497.9"
"23279433000";"2182100";"3296";"167506.2"
"23280513000";"2182100";"3296";"167514.2"
"23281593000";"2182100";"3296";"167522.5"
"23282672000";"2182100";"3296";"167530.5"
"23283758000";"2183500";"3296";"167538.4"
"23285100000";"2183500";"3296";"167546.7"
"23286181000";"2183500";"3296";"167554.7"
"23287260000";"2183500";"3296";"167562.6"
"23288340000";"2183500";"3296";"167570.6"
"23289420000";"2183500";"3296";"167578.5"
"23290762000";"2183500";"3296";"167586.9"
"23291843000";"2114100";"3296";"167594.8"
"23292928000";"2114100";"3296";"167602.8"
"23294008000";"2114100";"3296";"167611.1"
"23295088000";"2114100";"3296";"167619.0"
"23296430000";"2114100";"3296";"167627.4"
"23297509000";"2114100";"3296";"167635.3"
"23298589000";"2114100";"3296";"167643.3"
"23299669000";"2199000";"3296";"167651.6"
"23300749000";"2199000";"3296";"167659.6"
"23302091000";"2199000";"3296";"167669.4"
"23303177000";"2199000";"3296";"167677.4"
"23304257000";"2199000";"3296";"167685.3"
"23305337000";"2199000";"3296";"167693.3"
"23306416000";"2228000";"3296";"167701.2"
"23307759000";"2228000";"3296";"167709.5"
"23308839000";"2228000";"3296";"167717.5"
"23309918000";"2228000";"3296";"167725.4"
"23310998000";"2228000";"3296";"167733.4"
"23312078000";"2228000";"3296";"167741.7"
"23313430000";"2228000";"3296";"167750.0"
"23314510000";"2125800";"3296";"167758.0"
"23315591000";"2125800";"3296";"167765.9"
"23316670000";"2125800";"3296";"167773.9"
"23317749000";"2125800";"3296";"167782.2"
"23319091000";"2125800";"3296";"167791.7"
"23320171000";"2125800";"3297";"167800.0"
"23321251000";"2247300";"3297";"167808.0"
"23322330000";"2247300";"3297";"167815.9"
"23323415000";"2247300";"3297";"167823.9"
"23324759000";"2247300";"3297";"167833.7"
"23325838000";"2247300";"3297";"167841.7"
"23326918000";"2247300";"3297";"167849.6"
"23327998000";"2228000";"3297";"167857.6"
"23329077000";"2228000";"3297";"167865.5"
"23330420000";"2228000";"3296";"167875.4"
"23331499000";"2228000";"3296";"167883.3"
"23332579000";"2228000";"3296";"167891.3"
"23333664000";"2228000";"3296";"167899.6"
"23334745000";"2245100";"3296";"167907.6"
"23336088000";"2245100";"3297";"167917.0"
"23337168000";"2245100";"3297";"167925.4"
"23338249000";"2245100";"3297";"167933.3"
"23339329000";"2245100";"3297";"167941.3"
"23340409000";"2245100";"3297";"167949.6"
"23341753000";"2177400";"3297";"167957.9"
"23342832000";"2177400";"3297";"167965.9"
"23343918000";"2177400";"3297";"167973.8"
"23344998000";"2177400";"3297";"167981.8"
"23346078000";"2177400";"3297";"167989.7"
"23347420000";"2177400";"3297";"167998.1"
"23348500000";"2177400";"3297";"168006.0"
"23349579000";"2169500";"3297";"168014.0"
"23350659000";"2169500";"3297";"168021.9"
"23351739000";"2169500";"3297";"168030.2"
"23353088000";"2169500";"3297";"168039.7"
"23354167000";"2169500";"3297";"168047.7"
"23355252000";"2169500";"3297";"168056.0"
"23356332000";"2243000";"3297";"168063.9"
"23357412000";"2243000";"3297";"168071.9"
"23358755000";"2243000";"3297";"168080.2"
"23359835000";"2243000";"3297";"168088.2"
"23360915000";"2243000";"3297";"168096.5"
"23361996000";"2243000";"3297";"168104.5"
"23363082000";"2243000";"3297";"168112.4"
"23364423000";"2183800";"3297";"168122.3"
"23365504000";"2183800";"3297";"168130.2"
"23366584000";"2183800";"3297";"168138.2"
"23367664000";"2183800";"3297";"168146.1"
"23368744000";"2183800";"3297";"168154.1"
"23370087000";"2183800";"3297";"168162.4"
"23371167000";"2183800";"3297";"168170.3"
"23372247000";"2185000";"3297";"168178.7"
"23373333000";"2185000";"3297";"168186.6"
"23374413000";"2185000";"3297";"168194.6"
"23375756000";"2185000";"3297";"168202.9"
"23376837000";"2185000";"3297";"168210.8"
"23377916000";"2185000";"3297";"168218.8"
"23378996000";"2185000";"3297";"168227.1"
"23380076000";"2183500";"3297";"168235.1"
"23381419000";"2183500";"3297";"168243.4"
"23382498000";"2183500";"3297";"168251.4"
"23383584000";"2183500";"3297";"168259.3"
"23384664000";"2183500";"3297";"168267.6"
"23385744000";"2183500";"3297";"168275.6"
"23387087000";"2160100";"3297";"168285.1"
"23388167000";"2160100";"3297";"168293.0"
"23389248000";"2160100";"3297";"168301.3"
"23390327000";"2160100";"3297";"168309.3"
"23391406000";"2160100";"3297";"168317.2"
"23392749000";"2160100";"3297";"168325.6"
"23393834000";"2160100";"3297";"168333.5"
"23394913000";"2184300";"3297";"168341.5"
"23395994000";"2184300";"3297";"168349.4"
"23397079000";"2184300";"3297";"168357.8"
"23398423000";"2184300";"3297";"168367.6"
"23399502000";"2184300";"3297";"168375.6"
"23400583000";"2184300";"3297";"168383.5"
"23401662000";"2244500";"3297";"168391.5"
"23402743000";"2244500";"3296";"168399.4"
"23404092000";"2244500";"3296";"168409.3"
"23405173000";"2244500";"3296";"168417.2"
"23406252000";"2244500";"3296";"168425.2"
"23407333000";"2244500";"3296";"168433.5"
"23408413000";"2243800";"3296";"168441.4"
"23409755000";"2243800";"3297";"168449.4"
"23410835000";"2243800";"3297";"168457.7"
"23411915000";"2243800";"3297";"168465.7"
"23413001000";"2243800";"3297";"168473.6"
"23414081000";"2243800";"3297";"168481.6"
"23415425000";"2159500";"3297";"168491.4"
"23416505000";"2159500";"3297";"168499.4"
"23417585000";"2159500";"3297";"168507.7"
"23418665000";"2159500";"3297";"168515.7"
"23419745000";"2159500";"3297";"168523.6"
"23421088000";"2159500";"3297";"168533.5"
"23422167000";"2247100";"3296";"168541.4"
"23423251000";"2247100";"3296";"168549.4"
"23424332000";"2247100";"3296";"168557.3"
"23425411000";"2247100";"3296";"168565.3"
"23426755000";"2247100";"3297";"168573.6"
"23427834000";"2247100";"3297";"168581.5"
"23428914000";"2247100";"3297";"168589.9"
"23429994000";"2183900";"3297";"168597.8"
"23431075000";"2183900";"3297";"168605.8"
"23432418000";"2183900";"3297";"168614.1"
"23433504000";"2183900";"3297";"168622.0"
"23434583000";"2183900";"3297";"168630.0"
"23435664000";"2183900";"3296";"168638.0"
"23436743000";"2183900";"3297";"168646.3"
"23438087000";"2126400";"3297";"168654.6"
"23439172000";"2126400";"3297";"168662.6"
"23440252000";"2126400";"3297";"168670.9"
"23441331000";"2126400";"3297";"168678.8"
"23442412000";"2126400";"3297";"168686.8"
"23443760000";"2126400";"3297";"168695.1"
"23444839000";"2126400";"3297";"168703.1"
"23445919000";"2182600";"3297";"168711.0"
"23446999000";"2182600";"3297";"168719.0"
"23448080000";"2182600";"3297";"168727.3"
"23449422000";"2182600";"3297";"168735.2"
"23450503000";"2182600";"3297";"168743.6"
"23451583000";"2182600";"3297";"168751.5"
"23452663000";"2182600";"3297";"168759.5"
"23453747000";"2183700";"3297";"168767.4"
"23455089000";"2183700";"3297";"168775.8"
"23456169000";"2183700";"3297";"168783.7"
"23457249000";"2183700";"3297";"168792.0"
"23458329000";"2183700";"3297";"168800.0"
"23459409000";"2183700";"3297";"168807.9"
"23460753000";"2183700";"3297";"168816.3"
"23461832000";"2128400";"3297";"168824.2"
"23462918000";"2128400";"3297";"168832.6"
"23463998000";"2128400";"3297";"168840.5"
"23465077000";"2128400";"3297";"168848.5"
"23466421000";"2128400";"3297";"168856.8"
"23467500000";"2128400";"3297";"168864.7"
"23468579000";"2128400";"3297";"168872.7"
"23469659000";"2184100";"3297";"168880.6"
"23470739000";"2184100";"3297";"168888.6"
"23472083000";"2184100";"3297";"168896.9"
"23473168000";"2184100";"3297";"168905.2"
"23474248000";"2184100";"3297";"168913.2"
"23475328000";"2184100";"3297";"168921.1"
"23476409000";"2184100";"3297";"168929.1"
"23477751000";"2126400";"3297";"168937.4"
"23478832000";"2126400";"3297";"168945.7"
"23479913000";"2126400";"3297";"168953.7"
"23480997000";"2126400";"3297";"168961.7"
"23482076000";"2126400";"3297";"168969.6"
"23483426000";"2126400";"3297";"168977.9"
"23484506000";"2126400";"3297";"168985.9"
"23485587000";"2196300";"3297";"168994.2"
"23486668000";"2196300";"3297";"169002.2"
"23487748000";"2196300";"3297";"169010.1"
"23489090000";"2196300";"3297";"169018.4"
"23490170000";"2196300";"3297";"169026.4"
"23491250000";"2196300";"3297";"169034.3"
"23492329000";"2196300";"3297";"169042.3"
"23493414000";"2169500";"3297";"169050.2"
"23494757000";"2169500";"3297";"169058.6"
"23495838000";"2169500";"3297";"169066.9"
"23496917000";"2169500";"3297";"169074.8"
"23497997000";"2169500";"3297";"169082.8"
"23499076000";"2169500";"3297";"169090.8"
"23500419000";"2178200";"3297";"169100.6"
"23501498000";"2178200";"3297";"169108.9"
"23502579000";"2178200";"3297";"169116.9"
"23503664000";"2178200";"3297";"169124.8"
"23504743000";"2178200";"3297";"169132.8"
"23506086000";"2178200";"3297";"169141.1"
"23507166000";"2178200";"3297";"169149.1"
"23508247000";"2184100";"3297";"169157.0"
"23509326000";"2184100";"3297";"169165.0"
"23510406000";"2184100";"3297";"169173.3"
"23511747000";"2184100";"3297";"169181.6"
"23512828000";"2184100";"3297";"169189.6"
"23513914000";"2184100";"3297";"169197.5"
"23514994000";"2184100";"3297";"169205.5"
"23516074000";"2184100";"3297";"169213.4"
"23517417000";"2184100";"3297";"169221.7"
"23518497000";"2184100";"3297";"169230.1"
"23519578000";"2184100";"3297";"169238.0"
"23520658000";"2184100";"3297";"169246.0"
"23521738000";"2184100";"3297";"169254.3"
"23523091000";"2184100";"3297";"169262.6"
"23524170000";"2139400";"3297";"169270.6"
"23525251000";"2139400";"3297";"169278.5"
"23526331000";"2139400";"3297";"169286.9"
"23527411000";"2139400";"3297";"169294.8"
"23528754000";"2139400";"3297";"169303.1"
"23529834000";"2139400";"3297";"169311.1"
"23530915000";"2139400";"3297";"169319.1"
"23531995000";"2184800";"3297";"169327.0"
"23533081000";"2184800";"3297";"169335.0"
"23534423000";"2184800";"3297";"169343.3"
"23535504000";"2184800";"3297";"169351.2"
"23536585000";"2184800";"3297";"169359.6"
"23537664000";"2184800";"3297";"169367.5"
"23538744000";"2184800";"3297";"169375.5"
"23540087000";"2126500";"3297";"169383.8"
"23541167000";"2126500";"3297";"169392.1"
"23542247000";"2126500";"3297";"169400.1"
"23543333000";"2126500";"3297";"169408.0"
"23544412000";"2126500";"3297";"169416.0"
"23545755000";"2126500";"3297";"169424.3"
"23546835000";"2126500";"3297";"169432.3"
"23547916000";"2198300";"3297";"169440.6"
"23548995000";"2198300";"3297";"169448.5"
"23550075000";"2198300";"3297";"169456.5"
"23551418000";"2198300";"3297";"169464.8"
"23552497000";"2198300";"3297";"169472.8"
"23553582000";"2198300";"3297";"169480.7"
"23554663000";"2198300";"3297";"169488.7"
"23555742000";"2184300";"3296";"169497.0"
"23557085000";"2184300";"3296";"169505.3"
"23558165000";"2184300";"3296";"169513.3"
"23559244000";"2184300";"3296";"169521.2"
"23560324000";"2184300";"3296";"169529.6"
"23561404000";"2184300";"3296";"169537.5"
"23562746000";"2184300";"3296";"169545.8"
"23563831000";"2127200";"3296";"169553.8"
"23564917000";"2127200";"3296";"169561.7"
"23565998000";"2127200";"3296";"169570.1"
"23567077000";"2127200";"3296";"169578.0"
"23568420000";"2127200";"3296";"169587.5"
"23569500000";"2127200";"3296";"169595.4"
"23570579000";"2244700";"3296";"169603.8"
"23571660000";"2244700";"3297";"169611.7"
"23572739000";"2244700";"3297";"169619.7"
"23574088000";"2244700";"3297";"169629.5"
"23575168000";"2244700";"3296";"169637.5"
"23576247000";"2244700";"3296";"169645.4"
"23577327000";"2244900";"3297";"169653.8"
"23578407000";"2244900";"3297";"169661.7"
"23579749000";"2244900";"3297";"169671.6"
"23580830000";"2244900";"3297";"169679.5"
"23581909000";"2244900";"3297";"169687.5"
"23582995000";"2244900";"3297";"169695.8"
"23584075000";"2244700";"3297";"169703.7"
"23585418000";"2244700";"3297";"169712.1"
"23586498000";"2244700";"3297";"169720.0"
"23587578000";"2244700";"3296";"169728.0"
"23588658000";"2244700";"3296";"169735.9"
"23589738000";"2244700";"3297";"169744.3"
"23591081000";"2244700";"3297";"169752.2"
"23592161000";"2127900";"3296";"169760.5"
"23593247000";"2127900";"3296";"169768.5"
"23594327000";"2127900";"3296";"169776.4"
"23595406000";"2127900";"3296";"169784.4"
"23596750000";"2127900";"3296";"169792.7"
"23597829000";"2127900";"3296";"169801.0"
"23598910000";"2127900";"3296";"169809.0"
"23599990000";"2183700";"3296";"169816.9"
"23601071000";"2183700";"3297";"169825.3"
"23602414000";"2183700";"3297";"169833.6"
"23603499000";"2183700";"3297";"169841.5"
"23604579000";"2183700";"3297";"169849.5"
"23605658000";"2183700";"3297";"169857.4"
"23606743000";"2183700";"3297";"169865.4"
"23608086000";"2125300";"3297";"169873.7"
"23609166000";"2125300";"3297";"169881.7"
"23610247000";"2125300";"3297";"169890.0"
"23611327000";"2125300";"3297";"169898.0"
"23612406000";"2125300";"3297";"169905.9"
"23613754000";"2125300";"3297";"169915.8"
"23614833000";"2245100";"3297";"169923.7"
"23615913000";"2245100";"3297";"169931.7"
"23616992000";"2245100";"3297";"169939.6"
"23618073000";"2245100";"3297";"169947.9"
"23619416000";"2245100";"3297";"169956.3"
"23620496000";"2245100";"3297";"169964.2"
"23621577000";"2245100";"3297";"169972.2"
"23622657000";"2199800";"3297";"169980.5"
"23623742000";"2199800";"3297";"169988.5"
"23625084000";"2199800";"3297";"169997.9"
"23626163000";"2199800";"3297";"170006.3"
"23627244000";"2199800";"3297";"170014.2"
"23628323000";"2199800";"3297";"170022.2"
"23629403000";"2228200";"3297";"170030.1"
"23630746000";"2228200";"3297";"170038.4"
"23631825000";"2228200";"3297";"170046.4"
"23632910000";"2228200";"3297";"170054.3"
"23633990000";"2228200";"3297";"170062.7"
"23635070000";"2228200";"3297";"170070.6"
"23636412000";"2160700";"3297";"170080.1"
"23637493000";"2160700";"3297";"170088.4"
"23638573000";"2160700";"3297";"170096.4"
"23639653000";"2160700";"3297";"170104.3"
"23640733000";"2160700";"3297";"170112.7"
"23642075000";"2160700";"3297";"170122.5"
"23643161000";"2261400";"3297";"170130.5"
"23644241000";"2261400";"3297";"170138.4"
"23645321000";"2261400";"3297";"170146.4"
"23646401000";"2261400";"3297";"170154.3"
"23647744000";"2261400";"3297";"170162.6"
"23648828000";"2261400";"3297";"170170.6"
"23649908000";"2261400";"3297";"170178.5"
"23650988000";"2184100";"3297";"170186.9"
"23652069000";"2184100";"3297";"170194.8"
"23653417000";"2184100";"3297";"170203.1"
"23654497000";"2184100";"3297";"170211.1"
"23655577000";"2184100";"3297";"170219.0"
"23656657000";"2184100";"3297";"170227.0"
"23657737000";"2184100";"3297";"170235.3"
"23659080000";"2126500";"3297";"170243.7"
"23660160000";"2126500";"3297";"170251.6"
"23661239000";"2126500";"3297";"170259.6"
"23662318000";"2126500";"3297";"170267.9"
"23663404000";"2126500";"3297";"170275.8"
"23664747000";"2126500";"3297";"170284.2"
"23665827000";"2126500";"3297";"170292.1"
"23666906000";"2184400";"3297";"170300.1"
"23667986000";"2184400";"3297";"170308.0"
"23669066000";"2184400";"3297";"170316.0"
"23670409000";"2184400";"3297";"170324.3"
"23671489000";"2184400";"3297";"170332.6"
"23672569000";"2184400";"3297";"170340.6"
"23673653000";"2184400";"3297";"170348.5"
"23674733000";"2184100";"3297";"170356.5"
"23676076000";"2184100";"3297";"170364.8"
"23677156000";"2184100";"3297";"170373.1"
"23678236000";"2184100";"3297";"170381.1"
"23679316000";"2184100";"3297";"170389.0"
"23680396000";"2184100";"3297";"170397.4"
"23681740000";"2184100";"3297";"170405.7"
"23682820000";"2142000";"3296";"170413.6"
"23683905000";"2142000";"3296";"170421.6"
"23684985000";"2142000";"3296";"170429.5"
"23686065000";"2142000";"3296";"170437.5"
"23687409000";"2142000";"3296";"170445.8"
"23688489000";"2142000";"3296";"170454.2"
"23689569000";"2142000";"3297";"170462.1"
"23690654000";"2182300";"3297";"170470.1"
"23691734000";"2182300";"3297";"170478.0"
"23693082000";"2182300";"3296";"170486.3"
"23694161000";"2182300";"3296";"170494.3"
"23695241000";"2182300";"3296";"170502.2"
"23696321000";"2182300";"3296";"170510.6"
"23697401000";"2182300";"3296";"170518.5"
"23698744000";"2126900";"3296";"170526.8"
"23699824000";"2126900";"3296";"170534.8"
"23700905000";"2126900";"3296";"170543.1"
"23701985000";"2126900";"3296";"170551.1"
"23703070000";"2126900";"3296";"170559.0"
"23704414000";"2126900";"3297";"170567.4"
"23705493000";"2126900";"3297";"170575.7"
"23706574000";"2198100";"3297";"170583.6"
"23707653000";"2198100";"3297";"170591.6"
"23708732000";"2198100";"3297";"170599.5"
"23710075000";"2198100";"3297";"170607.9"
"23711154000";"2198100";"3297";"170615.8"
"23712234000";"2198100";"3297";"170623.8"
"23713320000";"2198100";"3297";"170632.1"
"23714400000";"2184400";"3297";"170640.1"
"23715742000";"2184400";"3297";"170648.4"
"23716822000";"2184400";"3297";"170656.3"
"23717902000";"2184400";"3297";"170664.3"
"23718983000";"2184400";"3297";"170672.6"
"23720063000";"2184400";"3297";"170680.6"
"23721406000";"2184400";"3297";"170688.9"
"23722486000";"2127900";"3297";"170696.8"
"23723571000";"2127900";"3297";"170704.8"
"23724652000";"2127900";"3297";"170713.1"
"23725733000";"2127900";"3297";"170721.1"
"23727075000";"2127900";"3297";"170729.4"
"23728155000";"2127900";"3297";"170737.3"
"23729235000";"2127900";"3297";"170745.3"
"23730314000";"2183700";"3297";"170753.2"
"23731395000";"2183700";"3297";"170761.2"
"23732743000";"2183700";"3297";"170769.5"
"23733829000";"2183700";"3297";"170777.9"
"23734909000";"2183700";"3297";"170785.8"
"23735989000";"2183700";"3297";"170793.8"
"23737068000";"2183700";"3297";"170801.7"
"23738412000";"2182100";"3297";"170811.6"
"23739491000";"2182100";"3297";"170819.5"
"23740571000";"2182100";"3297";"170827.8"
"23741651000";"2182100";"3297";"170835.8"
"23742731000";"2182100";"3297";"170843.7"
"23744080000";"2182100";"3297";"170853.6"
"23745159000";"2245100";"3297";"170861.5"
"23746238000";"2245100";"3297";"170869.5"
"23747317000";"2245100";"3297";"170877.4"
"23748398000";"2245100";"3297";"170885.8"
"23749740000";"2245100";"3297";"170893.7"
"23750821000";"2245100";"3297";"170902.1"
"23751901000";"2245100";"3297";"170910.0"
"23752987000";"2183700";"3297";"170918.0"
"23754067000";"2183700";"3297";"170926.3"
"23755411000";"2183700";"3297";"170934.6"
"23756490000";"2183700";"3297";"170942.6"
"23757570000";"2183700";"3297";"170950.5"
"23758649000";"2183700";"3297";"170958.5"
"23759729000";"2183700";"3297";"170966.8"
"23761072000";"2142500";"3297";"170975.1"
"23762151000";"2142500";"3297";"170983.1"
"23763237000";"2142500";"3297";"170991.0"
"23764317000";"2142500";"3297";"170999.4"
"23765397000";"2142500";"3297";"171007.3"
"23766739000";"2142500";"3297";"171015.6"
"23767820000";"2142500";"3297";"171023.6"
"23768899000";"2184100";"3297";"171031.5"
"23769978000";"2184100";"3297";"171039.5"
"23771059000";"2184100";"3297";"171047.4"
"23772402000";"2184100";"3297";"171055.8"
"23773487000";"2184100";"3296";"171063.7"
"23774572000";"2184100";"3297";"171072.0"
"23775652000";"2184100";"3297";"171080.0"
"23776732000";"2182600";"3296";"171087.9"
"23778075000";"2182600";"3296";"171096.3"
"23779155000";"2182600";"3297";"171104.2"
"23780236000";"2182600";"3296";"171112.6"
"23781315000";"2182600";"3296";"171120.5"
"23782395000";"2182600";"3296";"171128.5"
"23783744000";"2182600";"3296";"171137.2"
"23784824000";"2140600";"3296";"171145.1"
"23785904000";"2140600";"3296";"171153.1"
"23786985000";"2140600";"3296";"171161.0"
"23788065000";"2140600";"3296";"171169.0"
"23789408000";"2140600";"3296";"171178.8"
"23790487000";"2140600";"3296";"171186.8"
"23791568000";"2229100";"3296";"171194.7"
"23792647000";"2229100";"3296";"171202.7"
"23793733000";"2229100";"3296";"171211.0"
"23795075000";"2229100";"3296";"171219.3"
"23796156000";"2229100";"3296";"171227.3"
"23797235000";"2229100";"3296";"171235.2"
"23798316000";"2229100";"3296";"171243.2"
"23799395000";"2198800";"3296";"171251.5"
"23800738000";"2198800";"3296";"171261.4"
"23801818000";"2198800";"3296";"171269.3"
"23802904000";"2198800";"3296";"171277.3"
"23803984000";"2198800";"3296";"171285.2"
"23805064000";"2198800";"3297";"171293.5"
"23806407000";"2225400";"3296";"171303.0"
"23807487000";"2225400";"3296";"171311.0"
"23808567000";"2225400";"3296";"171318.9"
"23809648000";"2225400";"3296";"171327.3"
"23810728000";"2225400";"3296";"171335.2"
"23812070000";"2225400";"3296";"171344.7"
"23813155000";"2244700";"3296";"171353.0"
"23814236000";"2244700";"3296";"171361.0"
"23815316000";"2244700";"3296";"171368.9"
"23816401000";"2244700";"3296";"171376.9"
"23817744000";"2244700";"3296";"171386.7"
"23818823000";"2244700";"3296";"171394.7"
"23819904000";"2244700";"3296";"171403.0"
"23820983000";"2244700";"3296";"171410.9"
"23822063000";"2244700";"3296";"171418.9"
"23823412000";"2244700";"3296";"171428.7"
"23824492000";"2244700";"3296";"171436.7"
"23825573000";"2244700";"3296";"171444.6"
"23826653000";"2244300";"3296";"171453.0"
"23827733000";"2244300";"3296";"171460.9"
"23829075000";"2244300";"3296";"171469.2"
"23830155000";"2244300";"3296";"171477.2"
"23831235000";"2244300";"3296";"171485.2"
"23832316000";"2244300";"3296";"171493.1"
"23833401000";"2244300";"3296";"171501.1"
"23834745000";"2169200";"3296";"171510.9"
"23835825000";"2169200";"3296";"171518.9"
"23836904000";"2169200";"3296";"171526.8"
"23837984000";"2169200";"3297";"171535.1"
"23839063000";"2169200";"3297";"171543.1"
"23840405000";"2169200";"3297";"171552.9"
"23841485000";"2247500";"3297";"171560.9"
"23842566000";"2247500";"3296";"171568.8"
"23843651000";"2247500";"3296";"171577.2"
"23844732000";"2247500";"3297";"171585.1"
"23846076000";"2247500";"3297";"171593.4"
"23847156000";"2247500";"3296";"171601.4"
"23848236000";"2247500";"3296";"171609.4"
"23849317000";"2197600";"3297";"171617.7"
"23850396000";"2197600";"3297";"171625.6"
"23851738000";"2197600";"3297";"171634.0"
"23852818000";"2197600";"3297";"171641.9"
"23853904000";"2197600";"3297";"171649.9"
"23854984000";"2197600";"3297";"171657.8"
"23856065000";"2197600";"3297";"171666.1"
"23857408000";"2126500";"3297";"171674.5"
"23858493000";"2126500";"3297";"171682.4"
"23859573000";"2126500";"3297";"171690.4"
"23860652000";"2126500";"3297";"171698.3"
"23861732000";"2126500";"3297";"171706.7"
"23863081000";"2126500";"3297";"171715.0"
"23864161000";"2126500";"3297";"171722.9"
"23865241000";"2182500";"3297";"171730.9"
"23866321000";"2182500";"3297";"171738.8"
"23867401000";"2182500";"3297";"171746.8"
"23868744000";"2182500";"3297";"171756.6"
"23869824000";"2182500";"3297";"171764.6"
"23870904000";"2182500";"3297";"171772.5"
"23871984000";"2246400";"3297";"171780.9"
"23873070000";"2246400";"3297";"171788.8"
"23874412000";"2246400";"3297";"171798.7"
"23875492000";"2246400";"3297";"171806.6"
"23876571000";"2246400";"3297";"171814.6"
"23877651000";"2246400";"3297";"171822.9"
"23878731000";"2245100";"3297";"171830.9"
"23880074000";"2245100";"3297";"171839.2"
"23881155000";"2245100";"3297";"171847.1"
"23882235000";"2245100";"3297";"171855.5"
"23883321000";"2245100";"3297";"171863.4"
"23884401000";"2245100";"3297";"171871.4"
"23885744000";"2245100";"3297";"171879.7"
"23886824000";"2126200";"3297";"171887.6"
"23887904000";"2126200";"3297";"171895.6"
"23888983000";"2126200";"3297";"171903.5"
"23890064000";"2126200";"3297";"171911.9"
"23891407000";"2126200";"3297";"171921.3"
"23892486000";"2126200";"3297";"171929.3"
"23893572000";"2244700";"3297";"171937.6"
"23894652000";"2244700";"3297";"171945.6"
"23895733000";"2244700";"3297";"171953.5"
"23897075000";"2244700";"3297";"171961.8"
"23898154000";"2244700";"3297";"171969.8"
"23899234000";"2244700";"3297";"171978.1"
"23900318000";"2244700";"3297";"171986.1"
"23901397000";"2184600";"3297";"171994.0"
"23902741000";"2184600";"3297";"172003.9"
"23903826000";"2184600";"3297";"172011.8"
"23904906000";"2184600";"3297";"172019.8"
"23905986000";"2184600";"3297";"172028.1"
"23907065000";"2184600";"3297";"172036.1"
"23908409000";"2176400";"3297";"172044.4"
"23909488000";"2176400";"3297";"172052.3"
"23910568000";"2176400";"3297";"172060.3"
"23911647000";"2176400";"3297";"172068.3"
"23912727000";"2176400";"3297";"172076.2"
"23914076000";"2176400";"3297";"172084.5"
"23915156000";"2176400";"3297";"172092.5"
"23916236000";"2183900";"3297";"172100.8"
"23917317000";"2183900";"3297";"172108.8"
"23918396000";"2183900";"3297";"172116.7"
"23919739000";"2183900";"3297";"172125.0"
"23920819000";"2183900";"3297";"172133.4"
"23921900000";"2183900";"3297";"172141.3"
"23922985000";"2183900";"3297";"172149.7"
"23924065000";"2198300";"3297";"172157.6"
"23925408000";"2198300";"3297";"172165.9"
"23926487000";"2198300";"3297";"172173.9"
"23927567000";"2198300";"3297";"172181.8"
"23928647000";"2198300";"3297";"172189.8"
"23929726000";"2198300";"3297";"172197.7"
"23931068000";"2198300";"3297";"172206.1"
"23932147000";"2114800";"3297";"172214.0"
"23933233000";"2114800";"3297";"172222.0"
"23934314000";"2114800";"3297";"172230.3"
"23935393000";"2114800";"3297";"172238.2"
"23936736000";"2114800";"3297";"172248.1"
"23937815000";"2114800";"3297";"172256.0"
"23938896000";"2244700";"3297";"172264.0"
"23939975000";"2244700";"3297";"172272.3"
"23941056000";"2244700";"3297";"172280.3"
"23942403000";"2244700";"3297";"172288.6"
"23943488000";"2244700";"3297";"172296.6"
"23944569000";"2244700";"3297";"172304.5"
"23945649000";"2244700";"3297";"172312.8"
"23946728000";"2197400";"3297";"172320.8"
"23948071000";"2197400";"3297";"172329.1"
"23949151000";"2197400";"3297";"172337.1"
"23950231000";"2197400";"3297";"172345.0"
"23951311000";"2197400";"3297";"172353.0"
"23952391000";"2197400";"3297";"172360.9"
"23953740000";"2197400";"3297";"172369.2"
"23954821000";"2126200";"3297";"172377.6"
"23955901000";"2126200";"3297";"172385.5"
"23956981000";"2126200";"3297";"172393.5"
"23958060000";"2126200";"3297";"172401.4"
"23959404000";"2126200";"3297";"172411.3"
"23960484000";"2126200";"3297";"172419.6"
"23961564000";"2246400";"3297";"172427.6"
"23962644000";"2246400";"3297";"172435.5"
"23963729000";"2246400";"3297";"172443.5"
"23965072000";"2246400";"3297";"172451.8"
"23966152000";"2246400";"3297";"172460.1"
"23967232000";"2246400";"3297";"172468.1"
"23968312000";"2246400";"3297";"172476.0"
"23969392000";"2183700";"3297";"172484.0"
"23970736000";"2183700";"3297";"172492.3"
"23971815000";"2183700";"3297";"172500.2"
"23972901000";"2183700";"3297";"172508.2"
"23973980000";"2183700";"3297";"172516.1"
"23975061000";"2183700";"3297";"172524.1"
"23976404000";"2183700";"3297";"172532.4"
"23977484000";"2126400";"3297";"172540.8"
"23978565000";"2126400";"3297";"172548.7"
"23979644000";"2126400";"3297";"172556.7"
"23980724000";"2126400";"3297";"172565.0"
"23982066000";"2126400";"3297";"172573.3"
"23983152000";"2126400";"3297";"172581.3"
"23984237000";"2126400";"3297";"172589.2"
"23985316000";"2182800";"3297";"172597.2"
"23986396000";"2182800";"3297";"172605.1"
"23987740000";"2182800";"3297";"172613.4"
"23988820000";"2182800";"3297";"172621.4"
"23989900000";"2182800";"3297";"172629.3"
"23990981000";"2182800";"3297";"172637.7"
"23992062000";"2182800";"3297";"172645.6"
"23993409000";"2126000";"3297";"172654.0"
"23994489000";"2126000";"3297";"172661.9"
"23995569000";"2126000";"3297";"172669.9"
"23996648000";"2126000";"3297";"172677.8"
"23997729000";"2126000";"3297";"172686.1"
"23999070000";"2126000";"3297";"172694.5"
"24000150000";"2126000";"3297";"172702.4"
"24001229000";"2186200";"3297";"172710.4"
"24002310000";"2186200";"3297";"172718.7"
"24003395000";"2186200";"3297";"172726.7"
"24004738000";"2186200";"3297";"172736.1"
"24005818000";"2186200";"3297";"172744.4"
"24006898000";"2186200";"3297";"172752.4"
"24007978000";"2244300";"3297";"172760.4"
"24009059000";"2244300";"3297";"172768.3"
"24010401000";"2244300";"3297";"172776.6"
"24011481000";"2244300";"3297";"172784.6"
"24012561000";"2244300";"3297";"172792.5"
"24013647000";"2244300";"3297";"172800.5"
"24014726000";"2244300";"3297";"172808.8"
"24016069000";"2126700";"3297";"172817.1"
"24017150000";"2126700";"3297";"172825.1"
"24018230000";"2126700";"3297";"172833.0"
"24019310000";"2126700";"3297";"172841.0"
"24020390000";"2126700";"3297";"172849.3"
"24021733000";"2126700";"3298";"172858.8"
"24022813000";"2246200";"3298";"172867.1"
"24023899000";"2246200";"3298";"172875.1"
"24024978000";"2246200";"3297";"172883.0"
"24026062000";"2246200";"3297";"172891.0"
"24027405000";"2246200";"3297";"172899.3"
"24028485000";"2246200";"3297";"172907.3"
"24029566000";"2246200";"3297";"172915.2"
"24030645000";"2167900";"3297";"172923.2"
"24031726000";"2167900";"3298";"172931.5"
"24033074000";"2167900";"3298";"172939.8"
"24034154000";"2167900";"3298";"172947.8"
"24035233000";"2167900";"3298";"172955.7"
"24036314000";"2167900";"3297";"172963.7"
"24037395000";"2167900";"3297";"172972.0"
"24038738000";"2183300";"3297";"172981.5"
"24039818000";"2183300";"3297";"172989.8"
"24040898000";"2183300";"3297";"172997.7"
"24041978000";"2183300";"3297";"173005.7"
"24043064000";"2183300";"3297";"173014.0"
"24044407000";"2183300";"3298";"173022.4"
"24045487000";"2183300";"3298";"173030.3"
"24046566000";"2198700";"3298";"173038.3"
"24047646000";"2198700";"3297";"173046.2"
"24048726000";"2198700";"3297";"173054.2"
"24050069000";"2198700";"3297";"173064.0"
"24051150000";"2198700";"3297";"173072.0"
"24052229000";"2198700";"3297";"173079.9"
"24053315000";"2227400";"3297";"173087.9"
"24054395000";"2227400";"3297";"173095.8"
"24055738000";"2227400";"3297";"173104.1"
"24056817000";"2227400";"3297";"173112.5"
"24057898000";"2227400";"3297";"173120.4"
"24058977000";"2227400";"3297";"173128.4"
"24060057000";"2227400";"3297";"173136.3"
"24061401000";"2142200";"3297";"173145.0"
"24062481000";"2142200";"3297";"173153.0"
"24063567000";"2142200";"3297";"173160.9"
"24064647000";"2142200";"3297";"173168.9"
"24065727000";"2142200";"3297";"173176.8"
"24067070000";"2142200";"3296";"173185.2"
"24068154000";"2142200";"3297";"173193.5"
"24069234000";"2182500";"3297";"173201.4"
"24070314000";"2182500";"3297";"173209.4"
"24071395000";"2182500";"3297";"173217.3"
"24072737000";"2182500";"3297";"173225.7"
"24073824000";"2182500";"3297";"173233.6"
"24074903000";"2182500";"3297";"173241.6"
"24075983000";"2182500";"3297";"173249.5"
"24077063000";"2183700";"3297";"173257.9"
"24078405000";"2183700";"3297";"173266.2"
"24079486000";"2183700";"3297";"173274.1"
"24080565000";"2183700";"3297";"173282.1"
"24081646000";"2183700";"3297";"173290.4"
"24082726000";"2183700";"3297";"173298.4"
"24084074000";"2183700";"3297";"173306.7"
"24085153000";"2126700";"3297";"173314.6"
"24086234000";"2126700";"3297";"173322.6"
"24087314000";"2126700";"3297";"173330.5"
"24088394000";"2126700";"3297";"173338.5"
"24089737000";"2126700";"3296";"173346.8"
"24090817000";"2126700";"3297";"173355.2"
"24091897000";"2126700";"3297";"173363.1"
"24092982000";"2183700";"3297";"173371.1"
"24094063000";"2183700";"3297";"173379.0"
"24095406000";"2183700";"3296";"173387.3"
"24096485000";"2183700";"3296";"173395.3"
"24097564000";"2183700";"3296";"173403.6"
"24098645000";"2183700";"3297";"173411.6"
"24099725000";"2183700";"3296";"173419.5"
"24101068000";"2128100";"3296";"173427.8"
"24102148000";"2128100";"3296";"173436.2"
"24103234000";"2128100";"3296";"173444.1"
"24104314000";"2128100";"3296";"173452.1"
"24105393000";"2128100";"3296";"173460.0"
"24106737000";"2128100";"3296";"173468.3"
"24107817000";"2128100";"3296";"173476.3"
"24108896000";"2183700";"3296";"173484.3"
"24109982000";"2183700";"3296";"173492.2"
"24111062000";"2183700";"3296";"173500.2"
"24112404000";"2183700";"3296";"173508.5"
"24113490000";"2183700";"3296";"173516.4"
"24114570000";"2183700";"3296";"173524.4"
"24115649000";"2183700";"3296";"173532.7"
"24116729000";"2182500";"3296";"173540.7"
"24118073000";"2182500";"3296";"173549.0"
"24119153000";"2182500";"3296";"173556.9"
"24120233000";"2182500";"3296";"173564.9"
"24121313000";"2182500";"3296";"173573.2"
"24122393000";"2182500";"3296";"173581.2"
"24123740000";"2182500";"3296";"173589.5"
"24124821000";"2140800";"3296";"173597.8"
"24125901000";"2140800";"3296";"173605.8"
"24126980000";"2140800";"3296";"173613.7"
"24128060000";"2140800";"3296";"173621.7"
"24129404000";"2140800";"3296";"173630.0"
"24130484000";"2140800";"3296";"173638.0"
"24131563000";"2140800";"3296";"173645.9"
"24132643000";"2170800";"3296";"173653.9"
"24133728000";"2170800";"3296";"173661.8"
"24135072000";"2170800";"3296";"173670.1"
"24136151000";"2170800";"3296";"173678.5"
"24137231000";"2170800";"3296";"173686.4"
"24138311000";"2170800";"3296";"173694.4"
"24139392000";"2170800";"3296";"173702.3"
"24140734000";"2126500";"3296";"173710.6"
"24141814000";"2126500";"3296";"173719.0"
"24142899000";"2126500";"3296";"173726.9"
"24143980000";"2126500";"3296";"173734.9"
"24145060000";"2126500";"3296";"173742.8"
"24146403000";"2126500";"3296";"173751.2"
"24147482000";"2126500";"3296";"173759.1"
"24148563000";"2198500";"3296";"173767.4"
"24149643000";"2198500";"3296";"173775.4"
"24150722000";"2198500";"3297";"173783.3"
"24152069000";"2198500";"3297";"173791.7"
"24153155000";"2198500";"3297";"173799.6"
"24154236000";"2198500";"3297";"173807.6"
"24155316000";"2198500";"3297";"173815.5"
"24156395000";"2167900";"3297";"173823.5"
"24157738000";"2167900";"3297";"173831.8"
"24158819000";"2167900";"3297";"173840.1"
"24159899000";"2167900";"3297";"173848.1"
"24160979000";"2167900";"3297";"173856.0"
"24162058000";"2167900";"3297";"173864.0"
"24163407000";"2167900";"3296";"173872.3"
"24164487000";"2140600";"3297";"173880.6"
"24165568000";"2140600";"3297";"173888.6"
"24166647000";"2140600";"3297";"173896.5"
"24167728000";"2140600";"3297";"173904.5"
"24169070000";"2140600";"3297";"173912.8"
"24170150000";"2140600";"3297";"173920.8"
"24171230000";"2140600";"3297";"173928.7"
"24172310000";"2170600";"3297";"173936.7"
"24173396000";"2170600";"3297";"173944.6"
"24174739000";"2170600";"3297";"173952.9"
"24175820000";"2170600";"3297";"173960.9"
"24176900000";"2170600";"3297";"173969.2"
"24177980000";"2170600";"3297";"173977.2"
"24179060000";"2170600";"3297";"173985.1"
"24180403000";"2183300";"3297";"173995.0"
"24181482000";"2183300";"3297";"174002.9"
"24182562000";"2183300";"3297";"174010.9"
"24183648000";"2183300";"3297";"174019.2"
"24184727000";"2183300";"3297";"174027.2"
"24186069000";"2183300";"3297";"174035.5"
"24187149000";"2183300";"3297";"174043.4"
"24188228000";"2184600";"3297";"174051.4"
"24189308000";"2184600";"3297";"174059.3"
"24190387000";"2184600";"3296";"174067.3"
"24191729000";"2184600";"3297";"174077.1"
"24192810000";"2184600";"3297";"174085.1"
"24193900000";"2184600";"3296";"174093.0"
"24194979000";"2226500";"3296";"174101.0"
"24196060000";"2226500";"3297";"174109.0"
"24197403000";"2226500";"3297";"174117.3"
"24198483000";"2226500";"3297";"174125.6"
"24199562000";"2226500";"3297";"174133.6"
"24200643000";"2226500";"3297";"174141.5"
"24201723000";"2226500";"3297";"174149.8"
"24203071000";"2140800";"3297";"174158.2"
"24204151000";"2140800";"3297";"174166.1"
"24205230000";"2140800";"3297";"174174.1"
"24206311000";"2140800";"3297";"174182.0"
"24207390000";"2140800";"3297";"174190.4"
"24208734000";"2140800";"3297";"174199.8"
"24209814000";"2229300";"3296";"174207.8"
"24210894000";"2229300";"3297";"174215.7"
"24211974000";"2229300";"3297";"174224.1"
"24213059000";"2229300";"3297";"174232.0"
"24214401000";"2229300";"3297";"174240.3"
"24215482000";"2229300";"3297";"174248.3"
"24216562000";"2229300";"3297";"174256.2"
"24217642000";"2183900";"3297";"174264.2"
"24218722000";"2183900";"3297";"174272.5"
"24220065000";"2183900";"3297";"174280.8"
"24221145000";"2183900";"3297";"174288.8"
"24222225000";"2183900";"3297";"174296.7"
"24223311000";"2183900";"3297";"174304.7"
"24224390000";"2183900";"3297";"174313.0"
"24225733000";"2140800";"3297";"174321.3"
"24226812000";"2140800";"3297";"174329.3"
"24227893000";"2140800";"3297";"174337.3"
"24228973000";"2140800";"3297";"174345.2"
"24230053000";"2140800";"3297";"174353.2"
"24231397000";"2140800";"3297";"174361.5"
"24232476000";"2140800";"3297";"174369.4"
"24233562000";"2169000";"3297";"174377.4"
"24234642000";"2169000";"3297";"174385.7"
"24235727000";"2169000";"3297";"174393.7"
"24237068000";"2169000";"3297";"174403.1"
"24238149000";"2169000";"3297";"174411.5"
"24239230000";"2169000";"3297";"174419.4"
"24240310000";"2244700";"3297";"174427.4"
"24241390000";"2244700";"3297";"174435.7"
"24242733000";"2244700";"3297";"174444.0"
"24243819000";"2244700";"3297";"174452.0"
"24244899000";"2244700";"3297";"174459.9"
"24245978000";"2244700";"3297";"174467.9"
"24247059000";"2244700";"3297";"174475.8"
"24248401000";"2126500";"3297";"174484.2"
"24249482000";"2126500";"3297";"174492.1"
"24250563000";"2126500";"3297";"174500.1"
"24251643000";"2126500";"3297";"174508.4"
"24252723000";"2126500";"3297";"174516.3"
"24254072000";"2126500";"3297";"174524.7"
"24255152000";"2126500";"3297";"174532.6"
"24256233000";"2183000";"3297";"174540.6"
"24257313000";"2183000";"3297";"174548.5"
"24258393000";"2183000";"3297";"174556.9"
"24259735000";"2183000";"3297";"174565.2"
"24260815000";"2183000";"3297";"174573.1"
"24261895000";"2183000";"3297";"174581.1"
"24262980000";"2183000";"3298";"174589.4"
"24264060000";"2198800";"3297";"174597.4"
"24265403000";"2198800";"3297";"174605.7"
"24266483000";"2198800";"3297";"174613.6"
"24267562000";"2198800";"3297";"174621.6"
"24268642000";"2198800";"3297";"174629.5"
"24269722000";"2198800";"3297";"174637.5"
"24271064000";"2162100";"3297";"174647.3"
"24272144000";"2162100";"3297";"174655.3"
"24273230000";"2162100";"3297";"174663.2"
"24274311000";"2162100";"3297";"174671.2"
"24275390000";"2162100";"3297";"174679.5"
"24276733000";"2162100";"3297";"174689.0"
"24277818000";"2225700";"3297";"174696.9"
"24278899000";"2225700";"3297";"174705.3"
"24279978000";"2225700";"3297";"174713.2"
"24281057000";"2225700";"3296";"174721.2"
"24282400000";"2225700";"3296";"174729.5"
"24283485000";"2225700";"3296";"174737.8"
"24284565000";"2225700";"3296";"174745.8"
"24285646000";"2198700";"3296";"174753.7"
"24286725000";"2198700";"3296";"174761.7"
"24288069000";"2198700";"3296";"174770.0"
"24289148000";"2198700";"3296";"174778.0"
"24290229000";"2198700";"3296";"174785.9"
"24291308000";"2198700";"3296";"174793.9"
"24292389000";"2198700";"3296";"174801.8"
"24293738000";"2126400";"3296";"174810.5"
"24294817000";"2126400";"3296";"174818.5"
"24295897000";"2126400";"3296";"174826.4"
"24296977000";"2126400";"3296";"174834.4"
"24298057000";"2126400";"3296";"174842.3"
"24299401000";"2126400";"3296";"174850.6"
"24300481000";"2126400";"3296";"174859.0"
"24301561000";"2185200";"3296";"174866.9"
"24302641000";"2185200";"3296";"174874.9"
"24303727000";"2185200";"3296";"174882.8"
"24305070000";"2185200";"3296";"174891.2"
"24306149000";"2185200";"3296";"174899.1"
"24307229000";"2185200";"3296";"174907.4"
"24308309000";"2185200";"3296";"174915.4"
"24309388000";"2184100";"3296";"174923.3"
"24310732000";"2184100";"3296";"174932.8"
"24311811000";"2184100";"3296";"174941.1"
"24312896000";"2184100";"3296";"174949.1"
"24313977000";"2184100";"3296";"174957.0"
"24315057000";"2184100";"3296";"174965.0"
"24316400000";"2159900";"3296";"174973.3"
"24317479000";"2159900";"3296";"174981.3"
"24318559000";"2159900";"3295";"174989.2"
"24319644000";"2159900";"3295";"174997.6"
"24320724000";"2159900";"3296";"175005.5"
"24322067000";"2159900";"3296";"175013.8"
"24323153000";"2159900";"3296";"175021.8"
"24324233000";"2182500";"3296";"175029.7"
"24325312000";"2182500";"3296";"175037.7"
"24326393000";"2182500";"3296";"175046.0"
"24327735000";"2182500";"3296";"175054.3"
"24328816000";"2182500";"3296";"175062.3"
"24329895000";"2182500";"3296";"175070.2"
"24330975000";"2182500";"3297";"175078.2"
"24332055000";"2185500";"3297";"175086.2"
"24333403000";"2185500";"3297";"175094.5"
"24334483000";"2185500";"3296";"175102.4"
"24335563000";"2185500";"3296";"175110.4"
"24336643000";"2185500";"3296";"175118.7"
"24337723000";"2185500";"3296";"175126.7"
"24339065000";"2185500";"3297";"175135.0"
"24340145000";"2126700";"3297";"175142.9"
"24341226000";"2126700";"3297";"175150.9"
"24342306000";"2126700";"3297";"175159.2"
"24343392000";"2126700";"3297";"175167.2"
"24344735000";"2126700";"3297";"175175.5"
"24345815000";"2126700";"3297";"175183.4"
"24346896000";"2126700";"3297";"175191.4"
"24347976000";"2183200";"3297";"175199.3"
"24349056000";"2183200";"3297";"175207.7"
"24350398000";"2183200";"3297";"175215.6"
"24351479000";"2183200";"3297";"175223.6"
"24352558000";"2183200";"3297";"175231.9"
"24353643000";"2183200";"3297";"175239.9"
"24354723000";"2183200";"3297";"175247.8"
"24356065000";"2184200";"3297";"175257.7"
"24357145000";"2184200";"3297";"175265.6"
"24358225000";"2184200";"3297";"175273.6"
"24359305000";"2184200";"3297";"175281.5"
"24360384000";"2184200";"3297";"175289.8"
"24361731000";"2184200";"3297";"175298.2"
"24362811000";"2184200";"3297";"175306.1"
"24363897000";"2182800";"3297";"175314.1"
"24364977000";"2182800";"3297";"175322.4"
"24366057000";"2182800";"3297";"175330.4"
"24367399000";"2182800";"3297";"175339.8"
"24368479000";"2182800";"3298";"175347.8"
"24369559000";"2182800";"3298";"175356.1"
"24370640000";"2246600";"3298";"175364.1"
"24371720000";"2246600";"3298";"175372.0"
"24373068000";"2246600";"3298";"175380.3"
"24374147000";"2246600";"3298";"175388.3"
"24375228000";"2246600";"3298";"175396.2"
"24376307000";"2246600";"3298";"175404.6"
"24377388000";"2246600";"3298";"175412.5"
"24378730000";"2126700";"3298";"175420.8"
"24379811000";"2126700";"3298";"175428.8"
"24380891000";"2126700";"3298";"175436.7"
"24381971000";"2126700";"3298";"175445.1"
"24383057000";"2126700";"3298";"175453.0"
"24384400000";"2126700";"3298";"175461.3"
"24385481000";"2126700";"3297";"175469.3"
"24386560000";"2183400";"3297";"175477.3"
"24387639000";"2183400";"3297";"175485.2"
"24388719000";"2183400";"3297";"175493.2"
"24390062000";"2183400";"3297";"175501.5"
"24391143000";"2183400";"3297";"175509.4"
"24392223000";"2183400";"3297";"175517.4"
"24393308000";"2183400";"3297";"175525.3"
"24394388000";"2183900";"3297";"175533.7"
"24395731000";"2183900";"3297";"175541.6"
"24396811000";"2183900";"3297";"175549.9"
"24397891000";"2183900";"3297";"175557.9"
"24398972000";"2183900";"3297";"175565.8"
"24400051000";"2183900";"3297";"175573.8"
"24401395000";"2161300";"3297";"175583.6"
"24402475000";"2161300";"3297";"175591.6"
"24403566000";"2161300";"3297";"175599.5"
"24404647000";"2161300";"3297";"175607.9"
"24405727000";"2161300";"3297";"175615.8"
"24407070000";"2161300";"3297";"175624.2"
"24408150000";"2161300";"3297";"175632.1"
"24409229000";"2182100";"3297";"175640.1"
"24410309000";"2182100";"3297";"175648.0"
"24411388000";"2182100";"3297";"175656.0"
"24412732000";"2182100";"3297";"175664.3"
"24413818000";"2182100";"3297";"175672.2"
"24414897000";"2182100";"3297";"175680.6"
"24415978000";"2182100";"3297";"175688.5"
"24417058000";"2183500";"3297";"175696.5"
"24418401000";"2183500";"3297";"175705.9"
"24419481000";"2183500";"3297";"175714.3"
"24420561000";"2183500";"3297";"175722.2"
"24421640000";"2183500";"3297";"175730.2"
"24422720000";"2183500";"3297";"175738.1"
"24424069000";"2159900";"3298";"175746.4"
"24425149000";"2159900";"3297";"175754.8"
"24426229000";"2159900";"3297";"175762.7"
"24427308000";"2159900";"3297";"175770.7"
"24428388000";"2159900";"3297";"175778.6"
"24429731000";"2159900";"3297";"175787.0"
"24430810000";"2159900";"3297";"175794.9"
"24431890000";"2185900";"3297";"175802.9"
"24432976000";"2185900";"3297";"175810.8"
"24434056000";"2185900";"3297";"175819.1"
"24435399000";"2185900";"3297";"175828.6"
"24436478000";"2185900";"3297";"175836.6"
"24437558000";"2185900";"3297";"175844.5"
"24438638000";"2244900";"3297";"175852.8"
"24439717000";"2244900";"3297";"175860.8"
"24441059000";"2244900";"3297";"175870.6"
"24442138000";"2244900";"3297";"175878.6"
"24443225000";"2244900";"3297";"175886.5"
"24444305000";"2244900";"3297";"175894.9"
"24445389000";"2243600";"3297";"175902.8"
"24446732000";"2243600";"3297";"175911.2"
"24447811000";"2243600";"3297";"175919.1"
"24448890000";"2243600";"3297";"175927.1"
"24449971000";"2243600";"3297";"175935.0"
"24451050000";"2243600";"3297";"175943.0"
"24452393000";"2243600";"3297";"175951.3"
"24453478000";"2112900";"3297";"175959.2"
"24454558000";"2112900";"3297";"175967.2"
"24455638000";"2112900";"3297";"175975.1"
"24456718000";"2112900";"3297";"175983.1"
"24458061000";"2112900";"3297";"175991.4"
"24459141000";"2112900";"3297";"175999.7"
"24460221000";"2112900";"3297";"176007.7"
"24461301000";"2185300";"3297";"176015.6"
"24462381000";"2185300";"3296";"176023.6"
"24463729000";"2185300";"3296";"176031.9"
"24464809000";"2185300";"3296";"176040.3"
"24465889000";"2185300";"3296";"176048.2"
"24466969000";"2185300";"3296";"176056.2"
"24468048000";"2185300";"3297";"176064.1"
"24469391000";"2126900";"3297";"176072.4"
"24470471000";"2126900";"3297";"176080.4"
"24471550000";"2126900";"3297";"176088.3"
"24472629000";"2126900";"3296";"176096.3"
"24473715000";"2126900";"3296";"176104.2"
"24475056000";"2126900";"3296";"176112.6"
"24476137000";"2126900";"3296";"176120.5"
"24477216000";"2169900";"3296";"176128.5"
"24478296000";"2169900";"3296";"176136.4"
"24479376000";"2169900";"3296";"176144.8"
"24480719000";"2169900";"3296";"176154.2"
"24481799000";"2169900";"3296";"176162.5"
"24482884000";"2169900";"3296";"176170.5"
"24483964000";"2244900";"3296";"176178.5"
"24485044000";"2244900";"3296";"176186.8"
"24486386000";"2244900";"3296";"176194.7"
"24487472000";"2244900";"3296";"176203.1"
"24488551000";"2244900";"3296";"176211.0"
"24489630000";"2244900";"3296";"176219.0"
"24490711000";"2244900";"3296";"176226.9"
"24492053000";"2127200";"3296";"176235.2"
"24493138000";"2127200";"3296";"176243.2"
"24494218000";"2127200";"3296";"176251.1"
"24495299000";"2127200";"3296";"176259.1"
"24496379000";"2127200";"3296";"176267.4"
"24497721000";"2127200";"3297";"176275.4"
"24498801000";"2127200";"3297";"176283.7"
"24499881000";"2183900";"3297";"176291.6"
"24500961000";"2183900";"3297";"176299.6"
"24502041000";"2183900";"3297";"176307.9"
"24503388000";"2183900";"3297";"176317.4"
"24504468000";"2183900";"3297";"176325.7"
"24505548000";"2183900";"3297";"176333.7"
"24506627000";"2245100";"3297";"176341.6"
"24507707000";"2245100";"3297";"176349.6"
"24509050000";"2245100";"3297";"176359.4"
"24510129000";"2245100";"3297";"176367.4"
"24511209000";"2245100";"3297";"176375.3"
"24512289000";"2245100";"3297";"176383.3"
"24513374000";"2228200";"3297";"176391.2"
"24514717000";"2228200";"3297";"176399.6"
"24515802000";"2228200";"3297";"176407.5"
"24516883000";"2228200";"3297";"176415.5"
"24517962000";"2228200";"3297";"176423.8"
"24519043000";"2228200";"3297";"176431.8"
"24520385000";"2228200";"3297";"176440.1"
"24521465000";"2126700";"3297";"176448.0"
"24522545000";"2126700";"3297";"176456.0"
"24523630000";"2126700";"3297";"176464.3"
"24524709000";"2126700";"3297";"176472.3"
"24526052000";"2126700";"3297";"176480.6"
"24527131000";"2126700";"3297";"176488.5"
"24528211000";"2126700";"3297";"176496.5"
"24529295000";"2183200";"3297";"176504.4"
"24530376000";"2183200";"3297";"176512.4"
"24531718000";"2183200";"3297";"176520.7"
"24532798000";"2183200";"3297";"176528.7"
"24533884000";"2183200";"3297";"176537.0"
"24534964000";"2183200";"3297";"176544.9"
"24536043000";"2183200";"3297";"176552.9"
"24537386000";"2126700";"3297";"176561.2"
"24538466000";"2126700";"3297";"176569.2"
"24539546000";"2126700";"3297";"176577.1"
"24540626000";"2126700";"3297";"176585.5"
"24541706000";"2126700";"3297";"176593.4"
"24543054000";"2126700";"3297";"176603.3"
"24544135000";"2244500";"3297";"176611.2"
"24545215000";"2244500";"3297";"176619.2"
"24546294000";"2244500";"3297";"176627.1"
"24547374000";"2244500";"3297";"176635.1"
"24548717000";"2244500";"3296";"176643.4"
"24549798000";"2244500";"3296";"176651.3"
"24550878000";"2244500";"3296";"176659.7"
"24551957000";"2185300";"3297";"176667.6"
"24553042000";"2185300";"3297";"176675.6"
"24554384000";"2185300";"3296";"176683.9"
"24555465000";"2185300";"3296";"176691.8"
"24556545000";"2185300";"3296";"176699.8"
"24557625000";"2185300";"3296";"176707.8"
"24558705000";"2185300";"3296";"176715.7"
"24560049000";"2126500";"3296";"176724.4"
"24561129000";"2126500";"3296";"176732.4"
"24562209000";"2126500";"3296";"176740.3"
"24563294000";"2126500";"3296";"176748.3"
"24564374000";"2126500";"3296";"176756.6"
"24565716000";"2126500";"3296";"176764.9"
"24566796000";"2126500";"3296";"176772.9"
"24567876000";"2184100";"3296";"176780.8"
"24568955000";"2184100";"3296";"176788.8"
"24570035000";"2184100";"3296";"176796.7"
"24571383000";"2184100";"3296";"176805.0"
"24572464000";"2184100";"3296";"176813.0"
"24573550000";"2184100";"3296";"176820.9"
"24574630000";"2184100";"3296";"176829.3"
"24575710000";"2182300";"3296";"176837.2"
"24577052000";"2182300";"3296";"176845.6"
"24578131000";"2182300";"3296";"176853.5"
"24579211000";"2182300";"3296";"176861.5"
"24580291000";"2182300";"3296";"176869.4"
"24581372000";"2182300";"3296";"176877.7"
"24582714000";"2182300";"3296";"176886.1"
"24583800000";"2126900";"3296";"176894.0"
"24584880000";"2126900";"3296";"176902.0"
"24585960000";"2126900";"3296";"176909.9"
"24587041000";"2126900";"3297";"176918.3"
"24588384000";"2126900";"3297";"176926.2"
"24589463000";"2126900";"3297";"176934.5"
"24590544000";"2126900";"3297";"176942.5"
"24591624000";"2185000";"3297";"176950.4"
"24592704000";"2185000";"3297";"176958.4"
"24594053000";"2185000";"3297";"176966.7"
"24595133000";"2185000";"3297";"176974.7"
"24596213000";"2185000";"3297";"176982.6"
"24597292000";"2185000";"3297";"176990.6"
"24598373000";"2185000";"3297";"176998.9"
"24599715000";"2126700";"3297";"177007.2"
"24600795000";"2126700";"3297";"177015.2"
"24601875000";"2126700";"3297";"177023.1"
"24602961000";"2126700";"3297";"177031.5"
"24604040000";"2126700";"3297";"177039.4"
"24605383000";"2126700";"3297";"177047.7"
"24606464000";"2126700";"3297";"177055.7"
"24607545000";"2183400";"3297";"177063.6"
"24608624000";"2183400";"3297";"177072.0"
"24609704000";"2183400";"3297";"177079.9"
"24611046000";"2183400";"3297";"177089.4"
"24612126000";"2183400";"3297";"177097.3"
"24613216000";"2183400";"3297";"177105.7"
"24614296000";"2243600";"3297";"177113.6"
"24615376000";"2243600";"3297";"177121.6"
"24616718000";"2243600";"3297";"177129.9"
"24617798000";"2243600";"3297";"177137.8"
"24618878000";"2243600";"3297";"177145.8"
"24619958000";"2243600";"3297";"177154.1"
"24621038000";"2243600";"3297";"177162.1"
"24622381000";"2128200";"3297";"177170.4"
"24623466000";"2128200";"3297";"177178.4"
"24624547000";"2128200";"3297";"177186.3"
"24625627000";"2128200";"3297";"177194.6"
"24626707000";"2128200";"3297";"177202.6"
"24628049000";"2128200";"3297";"177210.9"
"24629130000";"2128200";"3298";"177218.9"
"24630209000";"2183900";"3298";"177226.8"
"24631289000";"2183900";"3297";"177234.8"
"24632369000";"2183900";"3297";"177242.7"
"24633718000";"2183900";"3297";"177251.4"
"24634798000";"2183900";"3297";"177259.4"
"24635877000";"2183900";"3297";"177267.3"
"24636957000";"2183900";"3298";"177275.3"
"24638037000";"2183700";"3297";"177283.2"
"24639380000";"2183700";"3297";"177291.5"
"24640461000";"2183700";"3297";"177299.9"
"24641541000";"2183700";"3298";"177307.8"
"24642621000";"2183700";"3297";"177315.8"
"24643706000";"2183700";"3297";"177323.7"
"24645049000";"2183700";"3297";"177332.1"
"24646129000";"2140600";"3297";"177340.4"
"24647210000";"2140600";"3297";"177348.3"
"24648289000";"2140600";"3297";"177356.3"
"24649369000";"2140600";"3297";"177364.2"
"24650712000";"2140600";"3297";"177372.6"
"24651792000";"2140600";"3297";"177380.5"
"24652876000";"2140600";"3297";"177388.5"
"24653956000";"2169500";"3297";"177396.4"
"24655041000";"2169500";"3297";"177404.8"
"24656383000";"2169500";"3297";"177412.7"
"24657463000";"2169500";"3297";"177421.0"
"24658543000";"2169500";"3297";"177429.0"
"24659623000";"2169500";"3297";"177436.9"
"24660702000";"2169500";"3296";"177444.9"
"24662045000";"2127200";"3297";"177453.2"
"24663130000";"2127200";"3297";"177461.5"
"24664210000";"2127200";"3296";"177469.5"
"24665290000";"2127200";"3296";"177477.4"
"24666371000";"2127200";"3296";"177485.4"
"24667713000";"2127200";"3296";"177493.7"
"24668793000";"2127200";"3296";"177501.7"
"24669873000";"2198700";"3296";"177510.0"
"24670953000";"2198700";"3296";"177518.0"
"24672032000";"2198700";"3296";"177525.9"
"24673380000";"2198700";"3296";"177534.2"
"24674460000";"2198700";"3296";"177542.2"
"24675539000";"2198700";"3296";"177550.1"
"24676618000";"2198700";"3296";"177558.1"
"24677698000";"2169900";"3296";"177566.0"
"24679041000";"2169900";"3296";"177575.9"
"24680121000";"2169900";"3296";"177583.8"
"24681201000";"2169900";"3296";"177592.2"
"24682282000";"2169900";"3296";"177600.1"
"24683367000";"2169900";"3296";"177608.1"
"24684711000";"2175800";"3296";"177616.4"
"24685791000";"2175800";"3296";"177624.3"
"24686871000";"2175800";"3296";"177632.7"
"24687952000";"2175800";"3296";"177640.6"
"24689031000";"2175800";"3296";"177648.6"
"24690373000";"2175800";"3296";"177656.9"
"24691454000";"2175800";"3296";"177664.9"
"24692534000";"2185300";"3296";"177672.8"
"24693619000";"2185300";"3296";"177680.8"
"24694699000";"2185300";"3296";"177688.7"
"24696042000";"2185300";"3296";"177697.0"
"24697127000";"2185300";"3296";"177705.0"
"24698208000";"2185300";"3296";"177713.3"
"24699288000";"2185300";"3296";"177721.3"
"24700368000";"2182300";"3296";"177729.2"
"24701710000";"2182300";"3296";"177737.5"
"24702791000";"2182300";"3296";"177745.5"
"24703876000";"2182300";"3296";"177753.8"
"24704956000";"2182300";"3296";"177761.8"
"24706035000";"2182300";"3296";"177769.7"
"24707379000";"2176200";"3296";"177779.6"
"24708459000";"2176200";"3296";"177787.5"
"24709539000";"2176200";"3296";"177795.5"
"24710618000";"2176200";"3296";"177803.4"
"24711699000";"2176200";"3296";"177811.4"
"24713047000";"2176200";"3296";"177819.7"
"24714128000";"2176200";"3296";"177827.7"
"24715207000";"2169100";"3296";"177835.6"
"24716286000";"2169100";"3296";"177843.9"
"24717367000";"2169100";"3296";"177851.9"
"24718710000";"2169100";"3296";"177860.2"
"24719790000";"2169100";"3296";"177868.2"
"24720869000";"2169100";"3296";"177876.1"
"24721950000";"2169100";"3296";"177884.5"
"24723035000";"2198700";"3296";"177892.4"
"24724378000";"2198700";"3296";"177900.7"
"24725458000";"2198700";"3296";"177909.1"
"24726538000";"2198700";"3296";"177917.0"
"24727619000";"2198700";"3296";"177925.0"
"24728698000";"2198700";"3296";"177932.9"
"24730041000";"2198700";"3296";"177941.2"
"24731121000";"2128100";"3296";"177949.2"
"24732200000";"2128100";"3296";"177957.1"
"24733285000";"2128100";"3296";"177965.1"
"24734364000";"2128100";"3296";"177973.0"
"24735707000";"2128100";"3296";"177982.9"
"24736787000";"2128100";"3297";"177990.8"
"24737867000";"2228200";"3296";"177998.8"
"24738953000";"2228200";"3296";"178007.1"
"24740032000";"2228200";"3296";"178015.1"
"24741374000";"2228200";"3297";"178024.9"
"24742454000";"2228200";"3297";"178032.9"
"24743539000";"2228200";"3296";"178040.8"
"24744619000";"2260500";"3296";"178049.2"
"24745698000";"2260500";"3296";"178057.1"
"24747041000";"2260500";"3296";"178065.4"
"24748121000";"2260500";"3296";"178073.4"
"24749201000";"2260500";"3296";"178081.3"
"24750280000";"2260500";"3296";"178089.3"
"24751360000";"2260500";"3296";"178097.2"
"24752704000";"2114100";"3297";"178105.6"
"24753789000";"2114100";"3296";"178113.5"
"24754869000";"2114100";"3296";"178121.8"
"24755948000";"2114100";"3297";"178129.8"
"24757029000";"2114100";"3297";"178137.8"
"24758371000";"2114100";"3297";"178146.1"
"24759451000";"2114100";"3297";"178154.0"
"24760531000";"2183900";"3296";"178162.0"
"24761611000";"2183900";"3297";"178170.3"
"24762691000";"2183900";"3297";"178178.3"
"24764039000";"2183900";"3297";"178186.6"
"24765119000";"2183900";"3296";"178194.5"
"24766199000";"2183900";"3297";"178202.5"
"24767280000";"2183900";"3297";"178210.8"
"24768360000";"2198500";"3297";"178218.8"
"24769702000";"2198500";"3297";"178227.1"
"24770782000";"2198500";"3297";"178235.0"
"24771863000";"2198500";"3297";"178243.0"
"24772947000";"2198500";"3297";"178250.9"
"24774028000";"2198500";"3297";"178258.9"
"24775371000";"2159900";"3297";"178268.7"
"24776450000";"2159900";"3297";"178276.7"
"24777530000";"2159900";"3297";"178284.7"
"24778611000";"2159900";"3297";"178292.6"
"24779690000";"2159900";"3297";"178300.9"
"24781038000";"2159900";"3297";"178309.3"
"24782118000";"2159900";"3297";"178317.2"
"24783203000";"2182800";"3297";"178325.2"
"24784284000";"2182800";"3297";"178333.5"
"24785363000";"2182800";"3297";"178341.4"
"24786705000";"2182800";"3297";"178349.8"
"24787786000";"2182800";"3297";"178357.7"
"24788866000";"2182800";"3297";"178365.7"
"24789946000";"2182800";"3297";"178373.6"
"24791026000";"2185200";"3297";"178381.6"
"24792369000";"2185200";"3296";"178389.9"
"24793454000";"2185200";"3296";"178397.8"
"24794534000";"2185200";"3296";"178406.2"
"24795613000";"2185200";"3296";"178414.1"
"24796693000";"2185200";"3297";"178422.1"
"24798037000";"2185200";"3297";"178430.4"
"24799116000";"2126900";"3297";"178438.4"
"24800195000";"2126900";"3297";"178446.3"
"24801276000";"2126900";"3297";"178454.6"
"24802355000";"2126900";"3296";"178462.6"
"24803703000";"2126900";"3296";"178470.9"
"24804783000";"2126900";"3296";"178478.9"
"24805863000";"2126900";"3296";"178487.2"
"24806943000";"2199000";"3296";"178495.2"
"24808023000";"2199000";"3297";"178503.1"
"24809366000";"2199000";"3297";"178511.4"
"24810446000";"2199000";"3297";"178519.4"
"24811527000";"2199000";"3297";"178527.3"
"24812606000";"2199000";"3297";"178535.3"
"24813691000";"2199000";"3297";"178543.2"
"24815034000";"2112400";"3297";"178551.6"
"24816115000";"2112400";"3297";"178559.5"
"24817194000";"2112400";"3297";"178567.8"
"24818274000";"2112400";"3297";"178575.8"
"24819354000";"2112400";"3297";"178583.7"
"24820697000";"2112400";"3296";"178592.1"
"24821777000";"2112400";"3296";"178600.0"
"24822868000";"2196900";"3296";"178608.4"
"24823948000";"2196900";"3296";"178616.3"
"24825027000";"2196900";"3296";"178624.3"
"24826370000";"2196900";"3296";"178632.6"
"24827450000";"2196900";"3296";"178640.5"
"24828531000";"2196900";"3296";"178648.9"
"24829611000";"2196900";"3296";"178656.8"
"24830690000";"2185500";"3296";"178664.8"
"24832033000";"2185500";"3296";"178673.1"
"24833120000";"2185500";"3296";"178681.0"
"24834199000";"2185500";"3296";"178689.0"
"24835279000";"2185500";"3296";"178696.9"
"24836359000";"2185500";"3296";"178704.9"
"24837701000";"2159900";"3296";"178714.7"
"24838781000";"2159900";"3296";"178722.7"
"24839861000";"2159900";"3296";"178731.0"
"24840941000";"2159900";"3296";"178739.0"
"24842021000";"2159900";"3296";"178746.9"
"24843369000";"2159900";"3296";"178755.2"
"24844449000";"2159900";"3296";"178763.2"
"24845529000";"2198700";"3296";"178771.5"
"24846609000";"2198700";"3296";"178779.5"
"24847690000";"2198700";"3296";"178787.4"
"24849031000";"2198700";"3296";"178795.8"
"24850111000";"2198700";"3296";"178803.7"
"24851191000";"2198700";"3296";"178811.7"
"24852271000";"2198700";"3296";"178819.6"
"24853356000";"2169500";"3296";"178827.6"
"24854698000";"2169500";"3296";"178835.9"
"24855779000";"2169500";"3296";"178843.8"
"24856858000";"2169500";"3296";"178852.2"
"24857939000";"2169500";"3296";"178860.1"
"24859019000";"2169500";"3296";"178868.1"
"24860362000";"2169500";"3296";"178876.4"
"24861442000";"2127900";"3296";"178884.4"
"24862522000";"2127900";"3296";"178892.7"
"24863607000";"2127900";"3296";"178900.6"
"24864692000";"2127900";"3296";"178908.6"
"24866035000";"2127900";"3296";"178916.9"
"24867114000";"2127900";"3296";"178925.2"
"24868195000";"2127900";"3296";"178933.2"
"24869275000";"2197200";"3296";"178941.1"
"24870355000";"2197200";"3296";"178949.1"
"24871698000";"2197200";"3296";"178958.9"
"24872778000";"2197200";"3296";"178966.9"
"24873863000";"2197200";"3296";"178974.8"
"24874943000";"2197200";"3296";"178982.8"
"24876023000";"2227800";"3296";"178990.8"
"24877366000";"2227800";"3296";"179000.6"
"24878445000";"2227800";"3296";"179008.5"
"24879525000";"2227800";"3296";"179016.5"
"24880605000";"2227800";"3296";"179024.8"
"24881684000";"2227800";"3296";"179032.8"
"24883032000";"2177000";"3296";"179041.1"
"24884112000";"2177000";"3297";"179049.4"
"24885193000";"2177000";"3297";"179057.4"
"24886273000";"2177000";"3296";"179065.3"
"24887352000";"2177000";"3296";"179073.3"
"24888696000";"2177000";"3296";"179083.1"
"24889775000";"2246400";"3296";"179091.1"
"24890854000";"2246400";"3296";"179099.0"
"24891934000";"2246400";"3296";"179107.0"
"24893019000";"2246400";"3296";"179115.3"
"24894361000";"2246400";"3296";"179123.7"
"24895440000";"2246400";"3296";"179131.6"
"24896521000";"2246400";"3296";"179139.6"
"24897601000";"2184300";"3296";"179147.5"
"24898681000";"2184300";"3296";"179155.5"
"24900025000";"2184300";"3296";"179163.8"
"24901105000";"2184300";"3296";"179172.1"
"24902185000";"2184300";"3296";"179180.1"
"24903271000";"2184300";"3296";"179188.0"
"24904351000";"2184300";"3296";"179196.4"
"24905693000";"2183600";"3296";"179205.8"
"24906778000";"2183600";"3296";"179213.8"
"24907858000";"2183600";"3296";"179222.1"
"24908938000";"2183600";"3296";"179230.1"
"24910017000";"2183600";"3296";"179238.0"
"24911360000";"2183600";"3296";"179247.9"
"24912440000";"2245100";"3296";"179255.8"
"24913526000";"2245100";"3296";"179263.8"
"24914605000";"2245100";"3296";"179271.7"
"24915685000";"2245100";"3296";"179279.7"
"24917027000";"2245100";"3296";"179288.0"
"24918108000";"2245100";"3296";"179295.9"
"24919188000";"2245100";"3296";"179304.3"
"24920268000";"2183900";"3296";"179312.2"
"24921347000";"2183900";"3297";"179320.2"
"24922691000";"2183900";"3297";"179328.5"
"24923776000";"2183900";"3296";"179336.4"
"24924856000";"2183900";"3296";"179344.8"
"24925936000";"2183900";"3296";"179352.7"
"24927016000";"2183900";"3296";"179360.7"
"24928358000";"2126900";"3296";"179369.0"
"24929437000";"2126900";"3296";"179377.0"
"24930517000";"2126900";"3296";"179384.9"
"24931596000";"2126900";"3296";"179392.9"
"24932676000";"2126900";"3296";"179400.8"
"24934025000";"2126900";"3296";"179409.1"
"24935105000";"2126900";"3296";"179417.1"
"24936185000";"2169300";"3296";"179425.0"
"24937265000";"2169300";"3296";"179433.4"
"24938345000";"2169300";"3296";"179441.3"
"24939687000";"2169300";"3296";"179451.2"
"24940766000";"2169300";"3296";"179459.1"
"24941845000";"2169300";"3296";"179467.1"
"24942931000";"2245600";"3296";"179475.0"
"24944011000";"2245600";"3296";"179483.4"
"24945354000";"2245600";"3297";"179491.7"
"24946435000";"2245600";"3297";"179499.6"
"24947515000";"2245600";"3297";"179507.6"
"24948599000";"2245600";"3297";"179515.5"
"24949680000";"2245600";"3297";"179523.5"
"24951022000";"2126500";"3296";"179531.8"
"24952102000";"2126500";"3297";"179539.8"
"24953189000";"2126500";"3297";"179548.1"
"24954268000";"2126500";"3297";"179556.0"
"24955347000";"2126500";"3297";"179564.0"
"24956690000";"2126500";"3297";"179572.3"
"24957769000";"2126500";"3297";"179580.3"
"24958849000";"2184300";"3297";"179588.2"
"24959929000";"2184300";"3297";"179596.2"
"24961009000";"2184300";"3297";"179604.5"
"24962352000";"2184300";"3297";"179612.8"
"24963438000";"2184300";"3297";"179620.8"
"24964518000";"2184300";"3297";"179628.7"
"24965598000";"2184300";"3297";"179637.1"
"24966679000";"2198100";"3297";"179645.0"
"24968022000";"2198100";"3297";"179653.3"
"24969101000";"2198100";"3297";"179661.3"
"24970181000";"2198100";"3297";"179669.2"
"24971260000";"2198100";"3297";"179677.2"
"24972339000";"2198100";"3297";"179685.1"
"24973689000";"2160300";"3297";"179695.0"
"24974769000";"2160300";"3297";"179702.9"
"24975850000";"2160300";"3296";"179710.9"
"24976930000";"2160300";"3296";"179719.2"
"24978010000";"2160300";"3296";"179727.2"
"24979354000";"2160300";"3297";"179735.5"
"24980433000";"2160300";"3297";"179743.5"
"24981513000";"2185000";"3297";"179751.4"
"24982593000";"2185000";"3297";"179759.7"
"24983678000";"2185000";"3297";"179767.7"
"24985022000";"2185000";"3297";"179776.0"
"24986101000";"2185000";"3296";"179784.0"
"24987181000";"2185000";"3296";"179792.3"
"24988260000";"2185000";"3296";"179800.2"
"24989340000";"2198800";"3297";"179808.2"
"24990688000";"2198800";"3297";"179816.5"
"24991768000";"2198800";"3297";"179824.5"
"24992853000";"2198800";"3297";"179832.4"
"24993932000";"2198800";"3297";"179840.4"
"24995013000";"2198800";"3296";"179848.3"
"24996355000";"2158500";"3296";"179858.2"
"24997436000";"2158500";"3296";"179866.1"
"24998515000";"2158500";"3296";"179874.1"
"24999595000";"2158500";"3296";"179882.4"
"25000675000";"2158500";"3296";"179890.4"
"25002017000";"2158500";"3296";"179900.2"
"25003102000";"2245100";"3296";"179908.2"
"25004183000";"2245100";"3296";"179916.5"
"25005262000";"2245100";"3296";"179924.4"
"25006343000";"2245100";"3296";"179932.4"
"25007685000";"2245100";"3296";"179942.2"
"25008765000";"2245100";"3296";"179950.2"
"25009845000";"2246400";"3296";"179958.1"
"25010926000";"2246400";"3296";"179966.1"
"25012006000";"2246400";"3296";"179974.1"
"25013355000";"2246400";"3296";"179982.4"
"25014436000";"2246400";"3296";"179990.7"
"25015516000";"2246400";"3296";"179998.7"
"25016596000";"2246400";"3296";"180006.6"
"25017676000";"2183000";"3296";"180014.6"
"25019018000";"2183000";"3296";"180022.9"
"25020098000";"2183000";"3296";"180030.8"
"25021178000";"2183000";"3296";"180039.2"
"25022258000";"2183000";"3296";"180047.1"
"25023344000";"2183000";"3296";"180055.1"
"25024687000";"2183000";"3296";"180063.4"
"25025767000";"2141000";"3296";"180071.7"
"25026848000";"2141000";"3296";"180079.7"
"25027928000";"2141000";"3296";"180087.6"
"25029008000";"2141000";"3296";"180095.6"
"25030350000";"2141000";"3296";"180103.9"
"25031430000";"2141000";"3296";"180111.9"
"25032515000";"2141000";"3296";"180119.8"
"25033601000";"2182300";"3296";"180128.1"
"25034681000";"2182300";"3296";"180136.1"
"25036024000";"2182300";"3296";"180144.4"
"25037104000";"2182300";"3296";"180152.4"
"25038184000";"2182300";"3296";"180160.3"
"25039263000";"2182300";"3296";"180168.3"
"25040343000";"2182300";"3296";"180176.6"
"25041687000";"2128100";"3296";"180184.9"
"25042766000";"2128100";"3296";"180192.9"
"25043852000";"2128100";"3296";"180200.8"
"25044933000";"2128100";"3296";"180209.2"
"25046012000";"2128100";"3296";"180217.1"
"25047354000";"2128100";"3296";"180225.4"
"25048435000";"2128100";"3296";"180233.4"
"25049515000";"2183700";"3296";"180241.3"
"25050594000";"2183700";"3296";"180249.3"
"25051674000";"2183700";"3296";"180257.2"
"25053023000";"2183700";"3297";"180265.9"
"25054102000";"2183700";"3297";"180273.9"
"25055182000";"2183700";"3297";"180281.8"
"25056261000";"2183700";"3297";"180289.8"
"25057341000";"2184400";"3297";"180297.8"
"25058684000";"2184400";"3296";"180306.1"
"25059764000";"2184400";"3297";"180314.4"
"25060844000";"2184400";"3297";"180322.4"
"25061925000";"2184400";"3297";"180330.3"
"25063010000";"2184400";"3297";"180338.6"
"25064353000";"2184400";"3297";"180347.0"
"25065433000";"2140600";"3297";"180354.9"
"25066513000";"2140600";"3296";"180362.9"
"25067593000";"2140600";"3297";"180371.2"
"25068673000";"2140600";"3297";"180379.2"
"25070016000";"2140600";"3297";"180387.5"
"25071096000";"2140600";"3297";"180395.4"
"25072176000";"2140600";"3297";"180403.4"
"25073261000";"2183900";"3297";"180411.3"
"25074346000";"2183900";"3297";"180419.3"
"25075689000";"2183900";"3297";"180427.6"
"25076769000";"2183900";"3297";"180435.6"
"25077850000";"2183900";"3297";"180443.9"
"25078930000";"2183900";"3297";"180451.8"
"25080009000";"2183900";"3297";"180459.8"
"25081353000";"2126500";"3297";"180468.1"
"25082432000";"2126500";"3297";"180476.1"
"25083518000";"2126500";"3297";"180484.4"
"25084597000";"2126500";"3297";"180492.3"
"25085677000";"2126500";"3297";"180500.3"
"25087019000";"2126500";"3297";"180508.6"
"25088099000";"2126500";"3297";"180516.6"
"25089178000";"2199400";"3297";"180524.9"
"25090257000";"2199400";"3297";"180532.9"
"25091337000";"2199400";"3297";"180540.8"
"25092680000";"2199400";"3297";"180549.1"
"25093765000";"2199400";"3297";"180557.1"
"25094844000";"2199400";"3297";"180565.0"
"25095925000";"2199400";"3297";"180573.0"
"25097005000";"2184100";"3296";"180581.3"
"25098348000";"2184100";"3296";"180589.6"
"25099427000";"2184100";"3297";"180597.6"
"25100508000";"2184100";"3297";"180605.5"
"25101588000";"2184100";"3296";"180613.5"
"25102668000";"2184100";"3296";"180621.8"
"25104016000";"2184100";"3296";"180630.2"
"25105095000";"2127000";"3296";"180638.1"
"25106175000";"2127000";"3296";"180646.1"
"25107255000";"2127000";"3296";"180654.4"
"25108336000";"2127000";"3297";"180662.3"
"25109678000";"2127000";"3297";"180670.7"
"25110757000";"2127000";"3297";"180678.6"
"25111837000";"2127000";"3297";"180686.6"
"25112922000";"2184100";"3296";"180694.5"
"25114001000";"2184100";"3296";"180702.5"
"25115344000";"2184100";"3296";"180710.8"
"25116429000";"2184100";"3296";"180718.7"
"25117509000";"2184100";"3296";"180727.1"
"25118589000";"2184100";"3296";"180735.0"
"25119669000";"2184100";"3296";"180743.0"
"25121012000";"2126900";"3296";"180751.3"
"25122091000";"2126900";"3296";"180759.3"
"25123177000";"2126900";"3296";"180767.6"
"25124256000";"2126900";"3296";"180775.5"
"25125337000";"2126900";"3296";"180783.5"
"25126679000";"2126900";"3296";"180791.8"
"25127760000";"2126900";"3296";"180800.1"
"25128839000";"2199000";"3296";"180808.1"
"25129918000";"2199000";"3296";"180816.0"
"25130999000";"2199000";"3296";"180824.0"
"25132341000";"2199000";"3296";"180832.3"
"25133426000";"2199000";"3296";"180840.3"
"25134506000";"2199000";"3296";"180848.2"
"25135585000";"2199000";"3296";"180856.2"
"25136665000";"2184400";"3296";"180864.5"
"25138008000";"2184400";"3296";"180872.8"
"25139088000";"2184400";"3296";"180880.8"
"25140168000";"2184400";"3296";"180888.7"
"25141247000";"2184400";"3296";"180896.7"
"25142328000";"2184400";"3297";"180905.0"
"25143676000";"2184400";"3297";"180913.3"
"25144756000";"2126500";"3297";"180921.3"
"25145836000";"2126500";"3296";"180929.2"
"25146915000";"2126500";"3296";"180937.6"
"25147995000";"2126500";"3296";"180945.5"
"25149338000";"2126500";"3296";"180953.9"
"25150419000";"2126500";"3297";"180961.8"
"25151499000";"2126500";"3297";"180969.8"
"25152578000";"2185500";"3297";"180977.7"
"25153664000";"2185500";"3296";"180985.7"
"25155006000";"2185500";"3296";"180994.0"
"25156087000";"2185500";"3296";"181001.9"
"25157167000";"2185500";"3296";"181010.3"
"25158252000";"2185500";"3296";"181018.2"
"25159332000";"2185500";"3296";"181026.2"
"25160675000";"2125000";"3296";"181034.5"
"25161756000";"2125000";"3297";"181042.8"
"25162835000";"2125000";"3297";"181050.8"
"25163920000";"2125000";"3296";"181058.7"
"25164999000";"2125000";"3296";"181067.1"
"25166341000";"2125000";"3296";"181075.4"
"25167422000";"2125000";"3296";"181083.3"
"25168501000";"2199200";"3296";"181091.3"
"25169581000";"2199200";"3296";"181099.2"
"25170661000";"2199200";"3297";"181107.2"
"25172005000";"2199200";"3297";"181115.5"
"25173091000";"2199200";"3297";"181123.8"
"25174170000";"2199200";"3297";"181131.8"
"25175249000";"2199200";"3297";"181139.7"
"25176329000";"2183900";"3296";"181147.7"
"25177672000";"2183900";"3296";"181157.5"
"25178752000";"2183900";"3296";"181165.5"
"25179832000";"2183900";"3296";"181173.5"
"25180912000";"2183900";"3296";"181181.8"
"25181991000";"2183900";"3296";"181189.7"
"25183340000";"2176600";"3296";"181198.1"
"25184420000";"2176600";"3297";"181206.0"
"25185500000";"2176600";"3297";"181214.3"
"25186580000";"2176600";"3297";"181222.3"
"25187660000";"2176600";"3296";"181230.2"
"25189002000";"2176600";"3296";"181238.6"
"25190083000";"2176600";"3296";"181246.5"
"25191163000";"2185200";"3296";"181254.5"
"25192243000";"2185200";"3296";"181262.8"
"25193329000";"2185200";"3296";"181270.8"
"25194672000";"2185200";"3296";"181279.1"
"25195752000";"2185200";"3296";"181287.0"
"25196832000";"2185200";"3296";"181295.0"
"25197911000";"2185200";"3296";"181302.9"
"25198992000";"2183500";"3296";"181310.9"
"25200340000";"2183500";"3296";"181319.2"
"25201420000";"2183500";"3296";"181327.5"
"25202500000";"2183500";"3296";"181335.5"
"25203585000";"2183500";"3296";"181343.4"
"25204665000";"2183500";"3296";"181351.8"
"25206008000";"2183500";"3296";"181360.1"
"25207088000";"2139600";"3296";"181368.0"
"25208169000";"2139600";"3296";"181376.0"
"25209248000";"2139600";"3296";"181384.0"
"25210328000";"2139600";"3296";"181391.9"
"25211670000";"2139600";"3296";"181401.8"
"25212750000";"2139600";"3296";"181409.7"
"25213835000";"2228000";"3296";"181417.7"
"25214915000";"2228000";"3296";"181426.0"
"25215995000";"2228000";"3296";"181433.9"
"25217338000";"2228000";"3296";"181442.3"
"25218417000";"2228000";"3296";"181450.2"
"25219498000";"2228000";"3296";"181458.2"
"25220577000";"2228000";"3296";"181466.1"
"25221658000";"2200100";"3296";"181474.5"
"25223006000";"2200100";"3296";"181482.8"
"25224086000";"2200100";"3296";"181490.7"
"25225166000";"2200100";"3296";"181499.1"
"25226247000";"2200100";"3296";"181507.0"
"25227326000";"2200100";"3296";"181515.0"
"25228668000";"2200100";"3296";"181523.3"
"25229749000";"2126700";"3296";"181531.2"
"25230829000";"2126700";"3296";"181539.2"
"25231909000";"2126700";"3296";"181547.1"
"25232995000";"2126700";"3296";"181555.5"
"25234337000";"2126700";"3296";"181563.8"
"25235418000";"2126700";"3296";"181571.7"
"25236497000";"2126700";"3296";"181579.7"
"25237577000";"2183700";"3296";"181587.6"
"25238657000";"2183700";"3296";"181596.0"
"25240000000";"2183700";"3296";"181604.3"
"25241080000";"2183700";"3296";"181612.3"
"25242165000";"2183700";"3296";"181620.2"
"25243251000";"2183700";"3296";"181628.5"
"25244330000";"2183700";"3296";"181636.5"
"25245673000";"2196900";"3296";"181646.3"
"25246752000";"2196900";"3296";"181654.3"
"25247832000";"2196900";"3296";"181662.2"
"25248911000";"2196900";"3296";"181670.2"
"25249991000";"2196900";"3296";"181678.1"
"25251335000";"2196900";"3296";"181686.5"
"25252415000";"2196900";"3296";"181694.4"
"25253500000";"2183900";"3296";"181702.8"
"25254580000";"2183900";"3296";"181710.7"
"25255660000";"2183900";"3296";"181718.7"
"25257002000";"2183900";"3296";"181727.0"
"25258083000";"2183900";"3296";"181734.9"
"25259162000";"2183900";"3296";"181742.9"
"25260243000";"2183900";"3296";"181750.8"
"25261324000";"2185200";"3296";"181759.2"
"25262667000";"2185200";"3296";"181767.5"
"25263753000";"2185200";"3296";"181775.4"
"25264832000";"2185200";"3297";"181783.4"
"25265912000";"2185200";"3297";"181791.7"
"25266991000";"2185200";"3297";"181799.7"
"25268334000";"2185200";"3297";"181808.0"
"25269414000";"2126900";"3297";"181815.9"
"25270495000";"2126900";"3297";"181823.9"
"25271575000";"2126900";"3297";"181831.9"
"25272656000";"2126900";"3297";"181840.2"
"25274005000";"2126900";"3297";"181848.5"
"25275085000";"2126900";"3297";"181856.5"
"25276165000";"2126900";"3297";"181864.4"
"25277245000";"2183000";"3297";"181872.4"
"25278324000";"2183000";"3297";"181880.3"
"25279667000";"2183000";"3297";"181890.2"
"25280747000";"2183000";"3297";"181898.1"
"25281827000";"2183000";"3297";"181906.1"
"25282912000";"2183000";"3297";"181914.4"
"25283997000";"2243400";"3297";"181922.3"
"25285340000";"2243400";"3297";"181932.2"
"25286421000";"2243400";"3297";"181940.1"
"25287501000";"2243400";"3297";"181948.5"
"25288581000";"2243400";"3297";"181956.4"
"25289661000";"2243400";"3297";"181964.4"
"25291003000";"2178000";"3297";"181972.7"
"25292083000";"2178000";"3297";"181980.7"
"25293169000";"2178000";"3297";"181988.6"
"25294249000";"2178000";"3297";"181996.6"
"25295329000";"2178000";"3297";"182004.9"
"25296672000";"2178000";"3297";"182012.8"
"25297752000";"2178000";"3297";"182021.2"
"25298832000";"2183700";"3297";"182029.1"
"25299911000";"2183700";"3297";"182037.1"
"25300991000";"2183700";"3297";"182045.0"
"25302334000";"2183700";"3297";"182053.3"
"25303420000";"2183700";"3297";"182061.7"
"25304500000";"2183700";"3297";"182069.6"
"25305579000";"2183700";"3297";"182077.6"
"25306659000";"2198700";"3297";"182085.9"
"25308003000";"2198700";"3297";"182094.2"
"25309083000";"2198700";"3297";"182102.2"
"25310162000";"2198700";"3297";"182110.1"
"25311242000";"2198700";"3297";"182118.1"
"25312321000";"2198700";"3297";"182126.0"
"25313670000";"2198700";"3297";"182134.4"
"25314750000";"2112600";"3297";"182142.3"
"25315829000";"2112600";"3297";"182150.6"
"25316910000";"2112600";"3297";"182158.6"
"25317990000";"2112600";"3297";"182166.6"
"25319333000";"2112600";"3297";"182174.9"
"25320412000";"2112600";"3297";"182182.8"
"25321492000";"2112600";"3297";"182190.8"
"25322572000";"2200100";"3297";"182199.1"
"25323658000";"2200100";"3297";"182207.1"
"25325001000";"2200100";"3297";"182215.4"
"25326085000";"2200100";"3297";"182223.3"
"25327165000";"2200100";"3297";"182231.7"
"25328245000";"2200100";"3297";"182239.6"
"25329326000";"2200100";"3297";"182247.6"
"25330669000";"2125200";"3297";"182255.9"
"25331749000";"2125200";"3297";"182263.8"
"25332829000";"2125200";"3297";"182271.8"
"25333915000";"2125200";"3297";"182279.8"
"25334995000";"2125200";"3297";"182288.1"
"25336337000";"2125200";"3297";"182296.0"
"25337417000";"2125200";"3297";"182304.4"
"25338497000";"2183700";"3297";"182312.3"
"25339577000";"2183700";"3297";"182320.3"
"25340657000";"2183700";"3297";"182328.2"
"25342000000";"2183700";"3297";"182336.5"
"25343084000";"2183700";"3297";"182344.9"
"25344164000";"2183700";"3297";"182352.8"
"25345244000";"2183700";"3296";"182360.8"
"25346323000";"2199200";"3297";"182369.1"
"25347666000";"2199200";"3297";"182377.4"
"25348745000";"2199200";"3297";"182385.4"
"25349825000";"2199200";"3297";"182393.3"
"25350904000";"2199200";"3297";"182401.3"
"25351984000";"2199200";"3297";"182409.2"
"25353333000";"2199200";"3296";"182417.6"
"25354414000";"2112600";"3296";"182425.5"
"25355493000";"2112600";"3296";"182433.8"
"25356573000";"2112600";"3296";"182441.8"
"25357653000";"2112600";"3297";"182449.7"
"25358996000";"2112600";"3296";"182458.1"
"25360076000";"2112600";"3296";"182466.0"
"25361155000";"2112600";"3296";"182474.0"
"25362235000";"2200500";"3296";"182482.3"
"25363321000";"2200500";"3296";"182490.3"
"25364663000";"2200500";"3296";"182500.1"
"25365743000";"2200500";"3296";"182508.1"
"25366822000";"2200500";"3296";"182516.0"
"25367907000";"2200500";"3296";"182524.3"
"25368986000";"2243800";"3296";"182532.3"
"25370329000";"2243800";"3296";"182540.6"
"25371409000";"2243800";"3296";"182548.6"
"25372489000";"2243800";"3296";"182556.5"
"25373575000";"2243800";"3296";"182564.8"
"25374656000";"2243800";"3296";"182572.8"
"25375998000";"2159500";"3296";"182582.3"
"25377078000";"2159500";"3296";"182590.6"
"25378158000";"2159500";"3296";"182598.5"
"25379239000";"2159500";"3296";"182606.5"
"25380318000";"2159500";"3296";"182614.5"
"25381661000";"2159500";"3296";"182622.8"
"25382741000";"2159500";"3296";"182631.1"
"25383826000";"2198700";"3296";"182639.1"
"25384906000";"2198700";"3296";"182647.0"
"25385986000";"2198700";"3296";"182655.0"
"25387329000";"2198700";"3296";"182663.3"
"25388409000";"2198700";"3296";"182671.6"
"25389489000";"2198700";"3296";"182679.6"
"25390569000";"2198700";"3296";"182687.5"
"25391648000";"2185500";"3296";"182695.5"
"25392997000";"2185500";"3296";"182705.3"
"25394077000";"2185500";"3296";"182713.3"
"25395157000";"2185500";"3295";"182721.2"
"25396237000";"2185500";"3296";"182729.2"
"25397317000";"2185500";"3296";"182737.5"
"25398660000";"2176200";"3296";"182745.8"
"25399740000";"2176200";"3296";"182753.8"
"25400820000";"2176200";"3296";"182761.7"
"25401900000";"2176200";"3296";"182769.7"
"25402986000";"2176200";"3296";"182778.0"
"25404329000";"2176200";"3296";"182787.9"
"25405409000";"2244500";"3296";"182795.8"
"25406489000";"2244500";"3296";"182803.8"
"25407569000";"2244500";"3296";"182812.1"
"25408649000";"2244500";"3296";"182820.1"
"25409996000";"2244500";"3296";"182828.4"
"25411075000";"2244500";"3296";"182836.3"
"25412155000";"2244500";"3296";"182844.3"
"25413240000";"2183000";"3296";"182852.2"
"25414320000";"2183000";"3296";"182860.2"
"25415663000";"2183000";"3296";"182868.5"
"25416743000";"2183000";"3296";"182876.5"
"25417824000";"2183000";"3296";"182884.8"
"25418903000";"2183000";"3296";"182892.7"
"25419983000";"2183000";"3296";"182900.7"
"25421326000";"2127900";"3296";"182909.0"
"25422407000";"2127900";"3296";"182917.0"
"25423493000";"2127900";"3296";"182925.3"
"25424572000";"2127900";"3296";"182933.2"
"25425651000";"2127900";"3296";"182941.2"
"25426995000";"2127900";"3296";"182951.0"
"25428074000";"2244900";"3296";"182959.0"
"25429155000";"2244900";"3296";"182967.0"
"25430235000";"2244900";"3296";"182975.3"
"25431315000";"2244900";"3296";"182983.2"
"25432659000";"2244900";"3296";"182992.7"
"25433745000";"2244900";"3296";"183001.0"
"25434825000";"2243600";"3296";"183009.0"
"25435905000";"2243600";"3296";"183016.9"
"25436985000";"2243600";"3296";"183024.9"
"25438327000";"2243600";"3296";"183034.7"
"25439407000";"2243600";"3296";"183042.7"
"25440487000";"2243600";"3296";"183050.6"
"25441566000";"2247100";"3296";"183059.0"
"25442646000";"2247100";"3296";"183066.9"
"25443994000";"2247100";"3296";"183075.2"
"25445074000";"2247100";"3296";"183083.2"
"25446154000";"2247100";"3296";"183091.5"
"25447234000";"2247100";"3296";"183099.5"
"25448313000";"2247100";"3296";"183107.4"
"25449655000";"2127200";"3296";"183115.8"
"25450736000";"2127200";"3296";"183123.7"
"25451820000";"2127200";"3296";"183131.7"
"25452905000";"2127200";"3296";"183139.6"
"25453985000";"2127200";"3296";"183147.9"
"25455328000";"2127200";"3296";"183156.3"
"25456409000";"2127200";"3296";"183164.2"
"25457489000";"2182300";"3296";"183172.2"
"25458569000";"2182300";"3296";"183180.1"
"25459649000";"2182300";"3296";"183188.1"
"25460991000";"2182300";"3296";"183197.9"
"25462072000";"2182300";"3296";"183205.9"
"25463158000";"2182300";"3296";"183214.2"
"25464238000";"2244300";"3296";"183222.2"
"25465317000";"2244300";"3296";"183230.1"
"25466661000";"2244300";"3296";"183240.0"
"25467740000";"2244300";"3296";"183247.9"
"25468821000";"2244300";"3296";"183256.2"
"25469901000";"2244300";"3296";"183264.2"
"25470981000";"2246400";"3296";"183272.1"
"25472323000";"2246400";"3296";"183280.5"
"25473409000";"2246400";"3296";"183288.4"
"25474490000";"2246400";"3296";"183296.4"
"25475569000";"2246400";"3296";"183304.3"
"25476649000";"2246400";"3296";"183312.3"
"25477993000";"2246400";"3296";"183320.6"
"25479073000";"2126500";"3297";"183328.9"
"25480152000";"2126500";"3297";"183336.9"
"25481232000";"2126500";"3297";"183344.8"
"25482312000";"2126500";"3297";"183352.8"
"25483660000";"2126500";"3297";"183361.1"
"25484739000";"2126500";"3297";"183369.4"
"25485820000";"2126500";"3297";"183377.4"
"25486899000";"2184300";"3297";"183385.3"
"25487979000";"2184300";"3297";"183393.7"
"25489322000";"2184300";"3297";"183403.1"
"25490403000";"2184300";"3297";"183411.1"
"25491483000";"2184300";"3297";"183419.0"
"25492563000";"2184300";"3297";"183427.4"
"25493653000";"2242800";"3297";"183435.3"
"25494995000";"2242800";"3297";"183445.2"
"25496076000";"2242800";"3297";"183453.1"
"25497155000";"2242800";"3297";"183461.1"
"25498234000";"2242800";"3297";"183469.0"
"25499315000";"2242800";"3297";"183477.0"
"25500658000";"2161900";"3297";"183485.3"
"25501738000";"2161900";"3297";"183493.6"
"25502818000";"2161900";"3297";"183501.6"
"25503903000";"2161900";"3297";"183509.5"
"25504983000";"2161900";"3297";"183517.9"
"25506325000";"2161900";"3297";"183526.2"
"25507406000";"2161900";"3297";"183534.1"
"25508486000";"2198700";"3297";"183542.1"
"25509566000";"2198700";"3297";"183550.1"
"25510645000";"2198700";"3297";"183558.4"
"25511989000";"2198700";"3297";"183567.8"
"25513073000";"2198700";"3297";"183576.2"
"25514154000";"2198700";"3297";"183584.1"
"25515234000";"2244700";"3297";"183592.1"
"25516314000";"2244700";"3297";"183600.0"
"25517657000";"2244700";"3297";"183608.4"
"25518737000";"2244700";"3297";"183616.3"
"25519817000";"2244700";"3297";"183624.6"
"25520897000";"2244700";"3297";"183632.6"
"25521977000";"2244700";"3297";"183640.5"
"25523324000";"2126900";"3297";"183648.9"
"25524405000";"2126900";"3297";"183656.8"
"25525485000";"2126900";"3297";"183665.2"
"25526565000";"2126900";"3297";"183673.1"
"25527645000";"2126900";"3297";"183681.1"
"25528988000";"2126900";"3297";"183690.9"
"25530067000";"2246400";"3297";"183698.9"
"25531148000";"2246400";"3297";"183706.8"
"25532228000";"2246400";"3297";"183714.8"
"25533313000";"2246400";"3297";"183723.1"
"25534656000";"2246400";"3296";"183732.6"
"25535741000";"2246400";"3296";"183740.9"
"25536821000";"2242800";"3296";"183748.8"
"25537902000";"2242800";"3296";"183756.8"
"25538981000";"2242800";"3296";"183764.7"
"25540323000";"2242800";"3296";"183774.6"
"25541402000";"2242800";"3296";"183782.5"
"25542483000";"2242800";"3296";"183790.9"
"25543568000";"2245100";"3296";"183798.8"
"25544648000";"2245100";"3296";"183806.8"
"25545991000";"2245100";"3296";"183815.1"
"25547072000";"2245100";"3297";"183823.1"
"25548153000";"2245100";"3297";"183831.4"
"25549232000";"2245100";"3296";"183839.3"
"25550313000";"2245100";"3296";"183847.3"
"25551655000";"2185000";"3296";"183857.1"
"25552735000";"2185000";"3296";"183865.1"
"25553820000";"2185000";"3296";"183873.0"
"25554899000";"2185000";"3296";"183881.0"
"25555980000";"2185000";"3297";"183888.9"
"25557324000";"2185000";"3297";"183898.8"
"25558403000";"2227400";"3297";"183906.7"
"25559484000";"2227400";"3296";"183914.7"
"25560563000";"2227400";"3296";"183923.0"
"25561642000";"2227400";"3296";"183931.0"
"25562990000";"2227400";"3296";"183940.8"
"25564071000";"2227400";"3296";"183948.8"
"25565151000";"2262000";"3296";"183957.1"
"25566231000";"2262000";"3296";"183965.1"
"25567310000";"2262000";"3296";"183973.0"
"25568654000";"2262000";"3296";"183981.3"
"25569734000";"2262000";"3296";"183989.3"
"25570814000";"2262000";"3296";"183997.6"
"25571894000";"2262000";"3296";"184005.6"
"25572980000";"2183500";"3296";"184013.5"
"25574322000";"2183500";"3296";"184023.4"
"25575402000";"2183500";"3296";"184031.3"
"25576481000";"2183500";"3296";"184039.3"
"25577566000";"2183500";"3296";"184047.6"
"25578647000";"2183500";"3296";"184055.6"
"25579990000";"2176800";"3296";"184063.9"
"25581070000";"2176800";"3296";"184071.8"
"25582151000";"2176800";"3296";"184079.8"
"25583237000";"2176800";"3296";"184088.1"
"25584317000";"2176800";"3296";"184096.1"
"25585660000";"2176800";"3296";"184104.4"
"25586741000";"2176800";"3296";"184112.3"
"25587821000";"2197800";"3296";"184120.7"
"25588901000";"2197800";"3296";"184128.6"
"25589980000";"2197800";"3296";"184136.6"
"25591324000";"2197800";"3296";"184146.4"
"25592403000";"2197800";"3296";"184154.4"
"25593489000";"2197800";"3296";"184162.3"
"25594569000";"2227600";"3296";"184170.3"
"25595649000";"2227600";"3296";"184178.2"
"25596992000";"2227600";"3296";"184186.6"
"25598071000";"2227600";"3296";"184194.5"
"25599152000";"2227600";"3296";"184202.8"
"25600233000";"2227600";"3296";"184210.8"
"25601312000";"2227600";"3296";"184218.7"
"25602656000";"2127900";"3296";"184227.1"
"25603742000";"2127900";"3296";"184235.4"
"25604821000";"2127900";"3296";"184243.4"
"25605900000";"2127900";"3296";"184251.3"
"25606981000";"2127900";"3296";"184259.6"
"25608323000";"2127900";"3295";"184269.1"
"25609403000";"2244900";"3295";"184277.1"
"25610483000";"2244900";"3296";"184285.4"
"25611563000";"2244900";"3296";"184293.3"
"25612643000";"2244900";"3296";"184301.3"
"25613991000";"2244900";"3296";"184309.6"
"25615071000";"2244900";"3296";"184317.6"
"25616151000";"2244900";"3296";"184325.5"
"25617231000";"2183900";"3296";"184333.5"
"25618310000";"2183900";"3296";"184341.8"
"25619657000";"2183900";"3296";"184350.1"
"25620737000";"2183900";"3296";"184358.1"
"25621818000";"2183900";"3296";"184366.0"
"25622903000";"2183900";"3296";"184374.0"
"25623984000";"2183900";"3296";"184382.3"
"25625326000";"2196900";"3296";"184392.2"
"25626407000";"2196900";"3296";"184400.1"
"25627487000";"2196900";"3296";"184408.1"
"25628567000";"2196900";"3296";"184416.0"
"25629646000";"2196900";"3296";"184424.3"
"25630989000";"2196900";"3296";"184432.7"
"25632069000";"2196900";"3296";"184440.6"
"25633154000";"2183900";"3296";"184448.6"
"25634234000";"2183900";"3296";"184456.5"
"25635313000";"2183900";"3296";"184464.5"
"25636656000";"2183900";"3296";"184472.8"
"25637737000";"2183900";"3296";"184480.7"
"25638817000";"2183900";"3296";"184489.1"
"25639896000";"2183900";"3296";"184497.0"
"25640975000";"2185900";"3296";"184505.0"
"25642318000";"2185900";"3296";"184513.3"
"25643402000";"2185900";"3296";"184521.3"
"25644483000";"2185900";"3297";"184529.2"
"25645563000";"2185900";"3297";"184537.5"
"25646643000";"2185900";"3297";"184545.5"
"25647985000";"2185900";"3297";"184553.8"
"25649064000";"2127200";"3297";"184561.8"
"25650144000";"2127200";"3297";"184569.7"
"25651223000";"2127200";"3297";"184577.7"
"25652302000";"2127200";"3297";"184586.0"
"25653651000";"2127200";"3297";"184594.3"
"25654731000";"2127200";"3297";"184602.3"
"25655810000";"2127200";"3297";"184610.2"
"25656890000";"2184400";"3297";"184618.2"
"25657970000";"2184400";"3297";"184626.1"
"25659312000";"2184400";"3297";"184634.5"
"25660392000";"2184400";"3297";"184642.4"
"25661477000";"2184400";"3297";"184650.7"
"25662557000";"2184400";"3297";"184658.7"
"25663642000";"2184400";"3297";"184666.6"
"25664984000";"2125800";"3297";"184675.0"
"25666064000";"2125800";"3297";"184683.3"
"25667143000";"2125800";"3297";"184691.3"
"25668224000";"2125800";"3297";"184699.2"
"25669303000";"2125800";"3297";"184707.2"
"25670646000";"2125800";"3297";"184715.5"
"25671726000";"2125800";"3297";"184723.4"
"25672806000";"2185500";"3297";"184731.4"
"25673892000";"2185500";"3297";"184739.7"
"25674972000";"2185500";"3297";"184747.7"
"25676315000";"2185500";"3297";"184756.0"
"25677395000";"2185500";"3297";"184763.9"
"25678474000";"2185500";"3297";"184771.9"
"25679554000";"2185500";"3297";"184779.8"
"25680635000";"2183500";"3297";"184787.8"
"25681978000";"2183500";"3296";"184796.1"
"25683064000";"2183500";"3296";"184804.4"
"25684144000";"2183500";"3296";"184812.4"
"25685223000";"2183500";"3296";"184820.4"
"25686304000";"2183500";"3296";"184828.7"
"25687646000";"2183500";"3296";"184837.0"
"25688726000";"2141000";"3296";"184845.0"
"25689806000";"2141000";"3296";"184852.9"
"25690885000";"2141000";"3296";"184860.9"
"25691965000";"2141000";"3296";"184868.8"
"25693314000";"2141000";"3296";"184878.7"
"25694394000";"2141000";"3296";"184886.6"
"25695474000";"2227600";"3296";"184894.6"
"25696554000";"2227600";"3296";"184902.5"
"25697633000";"2227600";"3296";"184910.5"
"25698976000";"2227600";"3296";"184920.3"
"25700055000";"2227600";"3296";"184928.3"
"25701136000";"2227600";"3296";"184936.2"
"25702216000";"2246800";"3296";"184944.6"
"25703306000";"2246800";"3296";"184952.5"
"25704649000";"2246800";"3296";"184962.3"
"25705728000";"2246800";"3296";"184970.3"
"25706809000";"2246800";"3296";"184978.3"
"25707889000";"2246800";"3296";"184986.6"
"25708969000";"2243200";"3296";"184994.5"
"25710311000";"2243200";"3295";"185004.0"
"25711390000";"2243200";"3295";"185012.3"
"25712471000";"2243200";"3295";"185020.3"
"25713557000";"2243200";"3295";"185028.2"
"25714636000";"2243200";"3295";"185036.2"
"25715979000";"2160100";"3295";"185044.5"
"25717060000";"2160100";"3295";"185052.5"
"25718140000";"2160100";"3295";"185060.4"
"25719221000";"2160100";"3295";"185068.4"
"25720301000";"2160100";"3295";"185076.7"
"25721644000";"2160100";"3296";"185084.6"
"25722725000";"2160100";"3296";"185093.0"
"25723810000";"2183000";"3296";"185100.9"
"25724890000";"2183000";"3296";"185108.9"
"25725970000";"2183000";"3296";"185117.2"
"25727313000";"2183000";"3296";"185126.7"
"25728394000";"2183000";"3296";"185135.0"
"25729474000";"2183000";"3296";"185143.0"
"25730554000";"2246000";"3296";"185150.9"
"25731634000";"2246000";"3296";"185158.9"
"25732982000";"2246000";"3296";"185167.2"
"25734062000";"2246000";"3296";"185175.1"
"25735142000";"2246000";"3296";"185183.1"
"25736222000";"2246000";"3296";"185191.4"
"25737301000";"2246000";"3296";"185199.4"
"25738645000";"2126900";"3296";"185207.7"
"25739724000";"2126900";"3296";"185215.6"
"25740805000";"2126900";"3296";"185223.6"
"25741884000";"2126900";"3296";"185231.6"
"25742969000";"2126900";"3296";"185239.9"
"25744311000";"2126900";"3296";"185249.7"
"25745396000";"2243600";"3296";"185257.7"
"25746475000";"2243600";"3296";"185265.6"
"25747555000";"2243600";"3296";"185274.0"
"25748636000";"2243600";"3296";"185281.9"
"25749979000";"2243600";"3296";"185290.2"
"25751059000";"2243600";"3296";"185298.2"
"25752139000";"2243600";"3296";"185306.1"
"25753225000";"2183700";"3296";"185314.1"
"25754304000";"2183700";"3296";"185322.0"
"25755647000";"2183700";"3296";"185330.4"
"25756727000";"2183700";"3296";"185338.3"
"25757808000";"2183700";"3297";"185346.7"
"25758887000";"2183700";"3297";"185354.6"
"25759967000";"2183700";"3297";"185362.6"
"25761310000";"2128200";"3297";"185370.9"
"25762390000";"2128200";"3297";"185378.8"
"25763475000";"2128200";"3297";"185386.8"
"25764555000";"2128200";"3297";"185395.1"
"25765634000";"2128200";"3297";"185403.1"
"25766977000";"2128200";"3297";"185411.4"
"25768057000";"2128200";"3297";"185419.3"
"25769137000";"2184100";"3297";"185427.3"
"25770217000";"2184100";"3297";"185435.2"
"25771296000";"2184100";"3297";"185443.6"
"25772639000";"2184100";"3297";"185451.5"
"25773724000";"2184100";"3297";"185459.9"
"25774803000";"2184100";"3297";"185467.8"
"25775884000";"2184100";"3297";"185475.8"
"25776964000";"2184100";"3297";"185483.7"
"25778306000";"2184100";"3297";"185492.0"
"25779386000";"2184100";"3297";"185500.0"
"25780466000";"2184100";"3297";"185507.9"
"25781546000";"2184100";"3297";"185515.9"
"25782627000";"2184100";"3297";"185524.2"
"25783975000";"2184100";"3297";"185532.5"
"25785054000";"2126900";"3297";"185540.5"
"25786134000";"2126900";"3297";"185548.4"
"25787219000";"2126900";"3297";"185556.4"
"25788298000";"2126900";"3297";"185564.7"
"25789642000";"2126900";"3297";"185573.0"
"25790722000";"2126900";"3298";"185581.0"
"25791802000";"2126900";"3298";"185589.0"
"25792888000";"2182300";"3297";"185596.9"
"25793968000";"2182300";"3297";"185604.9"
"25795311000";"2182300";"3297";"185614.7"
"25796391000";"2182300";"3297";"185622.7"
"25797471000";"2182300";"3297";"185630.6"
"25798551000";"2182300";"3297";"185638.6"
"25799631000";"2246400";"3297";"185646.9"
"25800973000";"2246400";"3297";"185654.8"
"25802053000";"2246400";"3297";"185663.2"
"25803138000";"2246400";"3297";"185671.1"
"25804218000";"2246400";"3297";"185679.1"
"25805297000";"2246400";"3297";"185687.4"
"25806641000";"2246400";"3297";"185695.7"
"25807721000";"2126900";"3297";"185703.7"
"25808801000";"2126900";"3297";"185711.6"
"25809881000";"2126900";"3297";"185719.6"
"25810961000";"2126900";"3297";"185727.5"
"25812304000";"2126900";"3297";"185737.4"
"25813390000";"2126900";"3297";"185745.3"
"25814470000";"2227400";"3297";"185753.3"
"25815550000";"2227400";"3297";"185761.6"
"25816630000";"2227400";"3297";"185769.6"
"25817972000";"2227400";"3297";"185777.9"
"25819052000";"2227400";"3297";"185785.8"
"25820133000";"2227400";"3297";"185793.8"
"25821213000";"2227400";"3297";"185801.7"
"25822293000";"2185200";"3297";"185809.7"
"25823642000";"2185200";"3297";"185819.5"
"25824721000";"2185200";"3297";"185827.9"
"25825801000";"2185200";"3298";"185835.8"
"25826880000";"2185200";"3297";"185843.8"
"25827961000";"2185200";"3297";"185851.7"
"25829309000";"2240900";"3297";"185861.6"
"25830389000";"2240900";"3297";"185869.5"
"25831470000";"2240900";"3297";"185877.5"
"25832550000";"2240900";"3297";"185885.4"
"25833635000";"2240900";"3297";"185893.8"
"25834977000";"2240900";"3297";"185901.7"
"25836058000";"2240900";"3297";"185910.0"
"25837138000";"2183500";"3297";"185918.0"
"25838218000";"2183500";"3298";"185925.9"
"25839298000";"2183500";"3297";"185933.9"
"25840642000";"2183500";"3297";"185942.2"
"25841722000";"2183500";"3297";"185950.2"
"25842802000";"2183500";"3297";"185958.5"
"25843888000";"2183500";"3297";"185966.5"
"25844967000";"2183500";"3297";"185974.4"
"25846310000";"2183500";"3297";"185982.7"
"25847390000";"2183500";"3297";"185990.7"
"25848470000";"2183500";"3297";"185999.0"
"25849550000";"2183500";"3297";"186007.0"
"25850631000";"2183500";"3297";"186014.9"
"25851973000";"2183500";"3297";"186023.2"
"25853058000";"2126700";"3297";"186031.2"
"25854138000";"2126700";"3297";"186039.1"
"25855219000";"2126700";"3297";"186047.1"
"25856298000";"2126700";"3297";"186055.0"
"25857642000";"2126700";"3297";"186063.4"
"25858721000";"2126700";"3297";"186071.3"
"25859802000";"2126700";"3297";"186079.3"
"25860883000";"2184800";"3297";"186087.6"
"25861962000";"2184800";"3297";"186095.6"
"25863312000";"2184800";"3297";"186103.9"
"25864392000";"2184800";"3297";"186111.8"
"25865471000";"2184800";"3297";"186119.8"
"25866551000";"2184800";"3297";"186128.1"
"25867630000";"2184800";"3297";"186136.1"
"25868973000";"2169700";"3297";"186145.5"
"25870054000";"2169700";"3297";"186153.5"
"25871139000";"2169700";"3297";"186161.8"
"25872219000";"2169700";"3297";"186169.8"
"25873305000";"2169700";"3297";"186177.7"
"25874647000";"2169700";"3297";"186186.0"
"25875727000";"2169700";"3297";"186194.0"
"25876806000";"2182500";"3297";"186201.9"
"25877886000";"2182500";"3297";"186209.9"
"25878967000";"2182500";"3297";"186217.8"
"25880309000";"2182500";"3297";"186226.2"
"25881389000";"2182500";"3297";"186234.5"
"25882469000";"2182500";"3297";"186242.5"
"25883554000";"2182500";"3297";"186250.4"
"25884634000";"2183900";"3297";"186258.4"
"25885977000";"2183900";"3297";"186266.7"
"25887058000";"2183900";"3297";"186275.0"
"25888137000";"2183900";"3297";"186283.0"
"25889216000";"2183900";"3297";"186290.9"
"25890296000";"2183900";"3297";"186298.9"
"25891639000";"2183900";"3297";"186307.2"
"25892718000";"2128400";"3296";"186315.1"
"25893804000";"2128400";"3296";"186323.1"
"25894884000";"2128400";"3296";"186331.0"
"25895964000";"2128400";"3296";"186339.0"
"25897307000";"2128400";"3296";"186347.3"
"25898387000";"2128400";"3296";"186355.3"
"25899467000";"2128400";"3296";"186363.6"
"25900546000";"2183900";"3296";"186371.6"
"25901626000";"2183900";"3296";"186379.5"
"25902975000";"2183900";"3296";"186387.8"
"25904054000";"2183900";"3296";"186395.8"
"25905134000";"2183900";"3296";"186404.1"
"25906214000";"2183900";"3296";"186412.1"
"25907294000";"2183900";"3296";"186420.0"
"25908636000";"2126900";"3296";"186428.3"
"25909717000";"2126900";"3296";"186436.3"
"25910796000";"2126900";"3296";"186444.2"
"25911877000";"2126900";"3296";"186452.2"
"25912982000";"2126900";"3296";"186460.5"
"25914325000";"2126900";"3296";"186470.0"
"25915405000";"2237900";"3296";"186478.3"
"25916485000";"2237900";"3297";"186486.3"
"25917565000";"2237900";"3296";"186494.2"
"25918645000";"2237900";"3296";"186502.2"
"25919987000";"2237900";"3296";"186510.5"
"25921068000";"2237900";"3296";"186518.5"
"25922148000";"2237900";"3296";"186526.4"
"25923233000";"2183700";"3296";"186534.7"
"25924314000";"2183700";"3296";"186542.7"
"25925657000";"2183700";"3296";"186552.5"
"25926737000";"2183700";"3296";"186560.5"
"25927816000";"2183700";"3296";"186568.4"
"25928896000";"2183700";"3296";"186576.4"
"25929977000";"2229100";"3296";"186584.3"
"25931320000";"2229100";"3296";"186592.7"
"25932401000";"2229100";"3296";"186600.6"
"25933487000";"2229100";"3296";"186608.9"
"25934567000";"2229100";"3296";"186616.9"
"25935646000";"2229100";"3296";"186624.9"
"25936988000";"2229100";"3296";"186633.2"
"25938069000";"2126500";"3296";"186641.1"
"25939148000";"2126500";"3296";"186649.1"
"25940228000";"2126500";"3296";"186657.0"
"25941308000";"2126500";"3296";"186665.0"
"25942650000";"2126500";"3296";"186673.3"
"25943737000";"2126500";"3296";"186681.3"
"25944817000";"2126500";"3296";"186689.6"
"25945897000";"2183900";"3296";"186697.5"
"25946976000";"2183900";"3296";"186705.5"
"25948318000";"2183900";"3296";"186713.8"
"25949399000";"2183900";"3296";"186721.8"
"25950478000";"2183900";"3296";"186729.7"
"25951558000";"2183900";"3297";"186738.1"
"25952638000";"2183900";"3297";"186746.0"
"25953988000";"2126500";"3297";"186754.3"
"25955073000";"2126500";"3297";"186762.3"
"25956152000";"2126500";"3297";"186770.2"
"25957232000";"2126500";"3297";"186778.2"
"25958313000";"2126500";"3297";"186786.1"
"25959656000";"2126500";"3297";"186794.5"
"25960736000";"2126500";"3297";"186802.8"
"25961815000";"2184100";"3297";"186810.7"
"25962901000";"2184100";"3297";"186818.7"
"25963980000";"2184100";"3297";"186826.6"
"25965324000";"2184100";"3297";"186835.0"
"25966405000";"2184100";"3297";"186842.9"
"25967485000";"2184100";"3297";"186851.2"
"25968565000";"2184100";"3297";"186859.2"
"25969645000";"2183400";"3297";"186867.2"
"25970987000";"2183400";"3297";"186877.0"
"25972067000";"2183400";"3297";"186884.9"
"25973152000";"2183400";"3297";"186892.9"
"25974231000";"2183400";"3297";"186900.9"
"25975310000";"2183400";"3297";"186908.8"
"25976652000";"2227100";"3297";"186918.7"
"25977731000";"2227100";"3297";"186926.6"
"25978812000";"2227100";"3298";"186934.6"
"25979892000";"2227100";"3297";"186942.5"
"25980972000";"2227100";"3298";"186950.5"
"25982314000";"2227100";"3298";"186960.3"
"25983400000";"2227800";"3298";"186968.3"
"25984480000";"2227800";"3298";"186976.2"
"25985559000";"2227800";"3298";"186984.2"
"25986640000";"2227800";"3297";"186992.5"
"25987983000";"2227800";"3297";"187002.0"
"25989063000";"2227800";"3297";"187009.9"
"25990144000";"2246200";"3297";"187018.2"
"25991223000";"2246200";"3297";"187026.2"
"25992302000";"2246200";"3297";"187034.1"
"25993650000";"2246200";"3297";"187042.5"
"25994730000";"2246200";"3297";"187050.4"
"25995809000";"2246200";"3297";"187058.4"
"25996894000";"2246200";"3297";"187066.3"
"25997975000";"2183000";"3297";"187074.7"
"25999317000";"2183000";"3297";"187083.0"
"26000396000";"2183000";"3297";"187090.9"
"26001477000";"2183000";"3297";"187098.9"
"26002557000";"2183000";"3297";"187106.8"
"26003642000";"2183000";"3297";"187114.8"
"26004985000";"2183000";"3297";"187123.1"
"26006064000";"2127000";"3297";"187131.4"
"26007145000";"2127000";"3297";"187139.4"
"26008225000";"2127000";"3297";"187147.3"
"26009305000";"2127000";"3297";"187155.3"
"26010647000";"2127000";"3297";"187163.6"
"26011728000";"2127000";"3297";"187171.6"
"26012807000";"2127000";"3297";"187179.5"
"26013893000";"2169000";"3297";"187187.5"
"26014973000";"2169000";"3297";"187195.8"
"26016315000";"2169000";"3297";"187203.7"
"26017395000";"2169000";"3296";"187211.7"
"26018476000";"2169000";"3297";"187220.0"
"26019555000";"2169000";"3297";"187228.0"
"26020636000";"2169000";"3297";"187235.9"
"26021979000";"2170700";"3297";"187245.4"
"26023065000";"2170700";"3297";"187253.7"
"26024145000";"2170700";"3297";"187261.7"
"26025225000";"2170700";"3297";"187269.6"
"26026304000";"2170700";"3296";"187277.6"
"26027647000";"2170700";"3296";"187287.4"
"26028727000";"2244900";"3296";"187295.4"
"26029806000";"2244900";"3296";"187303.3"
"26030887000";"2244900";"3296";"187311.7"
"26031968000";"2244900";"3296";"187319.6"
"26033316000";"2244900";"3296";"187327.9"
"26034395000";"2244900";"3296";"187335.9"
"26035475000";"2244900";"3296";"187343.9"
"26036554000";"2183900";"3296";"187351.8"
"26037635000";"2183900";"3296";"187359.8"
"26038983000";"2183900";"3296";"187368.1"
"26040062000";"2183900";"3296";"187376.0"
"26041143000";"2183900";"3296";"187384.4"
"26042223000";"2183900";"3296";"187392.3"
"26043309000";"2183900";"3296";"187400.3"
"26044651000";"2125200";"3296";"187408.6"
"26045732000";"2125200";"3296";"187416.5"
"26046812000";"2125200";"3296";"187424.9"
"26047892000";"2125200";"3296";"187432.8"
"26048972000";"2125200";"3296";"187440.8"
"26050314000";"2125200";"3296";"187449.1"
"26051395000";"2125200";"3296";"187457.0"
"26052474000";"2185200";"3296";"187465.0"
"26053560000";"2185200";"3296";"187473.0"
"26054640000";"2185200";"3296";"187480.9"
"26055984000";"2185200";"3296";"187489.2"
"26057063000";"2185200";"3296";"187497.2"
"26058143000";"2185200";"3296";"187505.1"
"26059223000";"2185200";"3296";"187513.1"
"26060303000";"2183700";"3296";"187521.4"
"26061646000";"2183700";"3296";"187529.4"
"26062725000";"2183700";"3296";"187537.7"
"26063810000";"2183700";"3296";"187545.6"
"26064890000";"2183700";"3296";"187553.6"
"26065971000";"2183700";"3296";"187561.5"
"26067314000";"2159900";"3296";"187571.4"
"26068394000";"2159900";"3296";"187579.3"
"26069474000";"2159900";"3296";"187587.7"
"26070554000";"2159900";"3297";"187595.6"
"26071634000";"2159900";"3296";"187603.6"
"26072981000";"2159900";"3297";"187611.9"
"26074061000";"2159900";"3297";"187619.8"
"26075141000";"2184100";"3296";"187627.8"
"26076222000";"2184100";"3296";"187635.8"
"26077302000";"2184100";"3296";"187644.1"
"26078645000";"2184100";"3296";"187653.6"
"26079725000";"2184100";"3296";"187661.5"
"26080810000";"2184100";"3296";"187669.8"
"26081889000";"2244700";"3296";"187677.8"
"26082976000";"2244700";"3296";"187685.7"
"26084318000";"2244700";"3297";"187694.1"
"26085399000";"2244700";"3297";"187702.4"
"26086478000";"2244700";"3297";"187710.3"
"26087559000";"2244700";"3296";"187718.3"
"26088638000";"2244700";"3296";"187726.6"
"26089980000";"2126700";"3297";"187734.6"
"26091061000";"2126700";"3297";"187742.9"
"26092141000";"2126700";"3297";"187750.9"
"26093226000";"2126700";"3297";"187758.8"
"26094306000";"2126700";"3297";"187766.8"
"26095649000";"2126700";"3297";"187775.1"
"26096730000";"2126700";"3297";"187783.0"
"26097810000";"2183400";"3297";"187791.0"
"26098889000";"2183400";"3297";"187798.9"
"26099968000";"2183400";"3297";"187806.9"
"26101312000";"2183400";"3297";"187815.2"
"26102392000";"2183400";"3297";"187823.5"
"26103478000";"2183400";"3297";"187831.5"
"26104558000";"2183400";"3297";"187839.4"
"26105637000";"2184100";"3297";"187847.4"
"26106979000";"2184100";"3297";"187857.2"
"26108060000";"2184100";"3297";"187865.2"
"26109139000";"2184100";"3297";"187873.5"
"26110220000";"2184100";"3297";"187881.5"
"26111300000";"2184100";"3297";"187889.4"
"26112643000";"2244200";"3297";"187899.3"
"26113728000";"2244200";"3297";"187907.2"
"26114807000";"2244200";"3297";"187915.2"
"26115887000";"2244200";"3298";"187923.1"
"26116967000";"2244200";"3297";"187931.1"
"26118311000";"2244200";"3297";"187939.4"
"26119391000";"2244200";"3297";"187947.4"
"26120471000";"2169000";"3297";"187955.3"
"26121552000";"2169000";"3297";"187963.6"
"26122631000";"2169000";"3297";"187971.6"
"26123985000";"2169000";"3297";"187981.4"
"26125065000";"2169000";"3297";"187989.4"
"26126144000";"2169000";"3297";"187997.3"
"26127225000";"2243000";"3297";"188005.3"
"26128304000";"2243000";"3297";"188013.6"
"26129646000";"2243000";"3297";"188022.0"
"26130725000";"2243000";"3297";"188029.9"
"26131805000";"2243000";"3297";"188037.9"
"26132890000";"2243000";"3297";"188045.8"
"26133971000";"2243000";"3297";"188053.8"
"26135314000";"2184200";"3297";"188063.6"
"26136393000";"2184200";"3297";"188071.6"
"26137473000";"2184200";"3297";"188079.5"
"26138554000";"2184200";"3297";"188087.5"
"26139635000";"2184200";"3297";"188095.4"
"26140977000";"2184200";"3297";"188103.7"
"26142058000";"2184200";"3297";"188112.1"
"26143143000";"2183700";"3297";"188120.0"
"26144222000";"2183700";"3297";"188128.0"
"26145302000";"2183700";"3297";"188135.9"
"26146645000";"2183700";"3296";"188144.2"
"26147726000";"2183700";"3296";"188152.6"
"26148806000";"2183700";"3296";"188160.5"
"26149886000";"2183700";"3296";"188168.5"
"26150965000";"2185300";"3296";"188176.4"
"26152307000";"2185300";"3296";"188184.8"
"26153392000";"2185300";"3296";"188192.7"
"26154472000";"2185300";"3296";"188200.7"
"26155553000";"2185300";"3296";"188208.6"
"26156633000";"2185300";"3296";"188216.6"
"26157976000";"2160100";"3296";"188226.4"
"26159056000";"2160100";"3296";"188234.4"
"26160137000";"2160100";"3296";"188242.3"
"26161217000";"2160100";"3296";"188250.3"
"26162297000";"2160100";"3296";"188258.6"
"26163646000";"2160100";"3296";"188266.9"
"26164731000";"2160100";"3296";"188274.9"
"26165811000";"2196700";"3296";"188283.2"
"26166891000";"2196700";"3296";"188291.2"
"26167971000";"2196700";"3296";"188299.1"
"26169314000";"2196700";"3296";"188307.4"
"26170394000";"2196700";"3296";"188315.4"
"26171473000";"2196700";"3296";"188323.3"
"26172554000";"2196700";"3296";"188331.3"
"26173639000";"2183700";"3296";"188339.6"
"26174982000";"2183700";"3296";"188347.6"
"26176062000";"2183700";"3296";"188355.5"
"26177142000";"2183700";"3296";"188363.8"
"26178222000";"2183700";"3296";"188371.8"
"26179303000";"2183700";"3296";"188379.8"
"26180645000";"2161500";"3296";"188389.6"
"26181724000";"2161500";"3296";"188397.5"
"26182805000";"2161500";"3296";"188405.5"
"26183890000";"2161500";"3296";"188413.5"
"26184970000";"2161500";"3296";"188421.8"
"26186313000";"2161500";"3296";"188430.1"
"26187392000";"2161500";"3296";"188438.1"
"26188471000";"2184400";"3296";"188446.0"
"26189550000";"2184400";"3296";"188454.0"
"26190631000";"2184400";"3296";"188461.9"
"26191975000";"2184400";"3296";"188470.2"
"26193061000";"2184400";"3296";"188478.2"
"26194141000";"2184400";"3296";"188486.5"
"26195221000";"2184400";"3297";"188494.5"
"26196300000";"2183500";"3297";"188502.4"
"26197643000";"2183500";"3297";"188511.9"
"26198724000";"2183500";"3297";"188519.8"
"26199804000";"2183500";"3297";"188528.2"
"26200883000";"2183500";"3297";"188536.1"
"26201962000";"2183500";"3297";"188544.1"
"26203311000";"2160100";"3297";"188552.4"
"26204391000";"2160100";"3297";"188560.4"
"26205470000";"2160100";"3297";"188568.7"
"26206585000";"2160100";"3297";"188576.6"
"26207665000";"2160100";"3297";"188584.6"
"26209008000";"2160100";"3297";"188592.9"
"26210087000";"2160100";"3297";"188600.9"
"26211167000";"2176000";"3297";"188608.8"
"26212247000";"2176000";"3297";"188617.1"
"26213333000";"2176000";"3297";"188625.1"
"26214675000";"2176000";"3297";"188634.6"
"26215756000";"2176000";"3297";"188642.5"
"26216836000";"2176000";"3297";"188650.8"
"26217916000";"2244300";"3297";"188658.8"
"26218997000";"2244300";"3297";"188666.8"
"26220340000";"2244300";"3297";"188675.1"
"26221420000";"2244300";"3297";"188683.0"
"26222499000";"2244300";"3297";"188691.0"
"26223584000";"2244300";"3297";"188698.9"
"26224665000";"2244300";"3297";"188707.3"
"26226007000";"2126900";"3297";"188715.6"
"26227086000";"2126900";"3297";"188723.5"
"26228166000";"2126900";"3297";"188731.5"
"26229247000";"2126900";"3297";"188739.4"
"26230326000";"2126900";"3297";"188747.8"
"26231668000";"2126900";"3297";"188756.1"
"26232748000";"2126900";"3297";"188764.0"
"26233834000";"2184100";"3297";"188772.0"
"26234913000";"2184100";"3297";"188779.9"
"26235993000";"2184100";"3297";"188787.9"
"26237336000";"2184100";"3297";"188796.2"
"26238416000";"2184100";"3297";"188804.2"
"26239495000";"2184100";"3297";"188812.1"
"26240574000";"2184100";"3297";"188820.1"
"26241655000";"2170900";"3297";"188828.0"
"26243004000";"2170900";"3297";"188836.7"
"26244084000";"2170900";"3297";"188844.7"
"26245164000";"2170900";"3297";"188852.6"
"26246243000";"2170900";"3297";"188860.6"
"26247323000";"2170900";"3297";"188868.9"
"26248670000";"2170900";"3297";"188877.2"
"26249749000";"2140100";"3297";"188885.2"
"26250830000";"2140100";"3297";"188893.1"
"26251911000";"2140100";"3297";"188901.5"
"26252996000";"2140100";"3297";"188909.4"
"26254339000";"2140100";"3297";"188919.3"
"26255418000";"2140100";"3297";"188927.2"
"26256498000";"2244500";"3297";"188935.2"
"26257578000";"2244500";"3297";"188943.1"
"26258657000";"2244500";"3297";"188951.1"
"26260000000";"2244500";"3297";"188959.4"
"26261079000";"2244500";"3297";"188967.4"
"26262160000";"2244500";"3297";"188975.3"
"26263245000";"2244500";"3297";"188983.3"
"26264325000";"2184300";"3297";"188991.6"
"26265666000";"2184300";"3297";"189001.1"
"26266747000";"2184300";"3297";"189009.4"
"26267827000";"2184300";"3297";"189017.3"
"26268906000";"2184300";"3297";"189025.3"
"26269987000";"2184300";"3297";"189033.2"
"26271330000";"2161700";"3297";"189041.6"
"26272410000";"2161700";"3297";"189049.5"
"26273496000";"2161700";"3297";"189057.9"
"26274576000";"2161700";"3297";"189065.8"
"26275656000";"2161700";"3297";"189073.8"
"26276999000";"2161700";"3297";"189082.1"
"26278078000";"2161700";"3297";"189090.0"
"26279159000";"2183700";"3297";"189098.0"
"26280238000";"2183700";"3297";"189105.9"
"26281317000";"2183700";"3297";"189113.9"
"26282661000";"2183700";"3297";"189122.2"
"26283747000";"2183700";"3297";"189130.5"
"26284828000";"2183700";"3297";"189138.5"
"26285908000";"2183700";"3297";"189146.4"
"26286987000";"2183700";"3297";"189154.4"
"26288330000";"2183700";"3297";"189162.7"
"26289409000";"2183700";"3297";"189171.1"
"26290495000";"2183700";"3297";"189179.0"
"26291575000";"2183700";"3297";"189187.0"
"26292654000";"2183700";"3297";"189194.9"
"26294003000";"2174800";"3297";"189204.8"
"26295083000";"2174800";"3297";"189212.7"
"26296163000";"2174800";"3297";"189220.7"
"26297242000";"2174800";"3297";"189228.6"
"26298323000";"2174800";"3297";"189236.6"
"26299666000";"2174800";"3297";"189244.9"
"26300746000";"2174800";"3297";"189252.8"
"26301826000";"2185300";"3297";"189261.2"
"26302912000";"2185300";"3297";"189269.1"
"26303991000";"2185300";"3297";"189277.1"
"26305334000";"2185300";"3297";"189285.4"
"26306413000";"2185300";"3297";"189293.3"
"26307493000";"2185300";"3297";"189301.7"
"26308572000";"2185300";"3297";"189309.6"
"26309652000";"2184400";"3297";"189317.6"
"26310994000";"2184400";"3297";"189325.9"
"26312074000";"2184400";"3297";"189333.9"
"26313160000";"2184400";"3296";"189341.8"
"26314240000";"2184400";"3297";"189350.1"
"26315319000";"2184400";"3297";"189358.1"
"26316661000";"2184400";"3297";"189366.4"
"26317740000";"2127400";"3297";"189374.4"
"26318819000";"2127400";"3297";"189382.3"
"26319899000";"2127400";"3297";"189390.3"
"26320979000";"2127400";"3297";"189398.2"
"26322322000";"2127400";"3297";"189406.5"
"26323407000";"2127400";"3297";"189414.5"
"26324487000";"2127400";"3297";"189422.8"
"26325566000";"2184400";"3297";"189430.8"
"26326646000";"2184400";"3297";"189438.7"
"26327989000";"2184400";"3297";"189447.1"
"26329069000";"2184400";"3297";"189455.0"
"26330149000";"2184400";"3297";"189463.3"
"26331228000";"2184400";"3297";"189471.3"
"26332308000";"2184400";"3297";"189479.2"
"26333660000";"2125800";"3297";"189487.6"
"26334740000";"2125800";"3297";"189495.5"
"26335820000";"2125800";"3297";"189503.5"
"26336900000";"2125800";"3297";"189511.4"
"26337980000";"2125800";"3297";"189519.4"
"26339323000";"2125800";"3297";"189527.7"
"26340403000";"2125800";"3297";"189535.6"
"26341482000";"2170800";"3297";"189543.6"
"26342562000";"2170800";"3297";"189551.5"
"26343648000";"2170800";"3296";"189559.9"
"26344990000";"2170800";"3296";"189568.2"
"26346071000";"2170800";"3296";"189576.2"
"26347150000";"2170800";"3296";"189584.1"
"26348231000";"2170800";"3296";"189592.1"
"26349312000";"2198300";"3296";"189600.4"
"26350654000";"2198300";"3296";"189608.7"
"26351733000";"2198300";"3297";"189616.7"
"26352813000";"2198300";"3297";"189624.6"
"26353899000";"2198300";"3297";"189632.6"
"26354978000";"2198300";"3297";"189640.5"
"26356321000";"2198300";"3297";"189648.8"
"26357401000";"2112800";"3297";"189656.8"
"26358481000";"2112800";"3297";"189664.7"
"26359562000";"2112800";"3297";"189673.1"
"26360642000";"2112800";"3297";"189681.0"
"26361985000";"2112800";"3297";"189690.5"
"26363072000";"2112800";"3297";"189698.8"
"26364151000";"2244100";"3296";"189706.8"
"26365232000";"2244100";"3296";"189714.7"
"26366311000";"2244100";"3296";"189723.1"
"26367655000";"2244100";"3297";"189731.4"
"26368735000";"2244100";"3297";"189739.3"
"26369815000";"2244100";"3297";"189747.3"
"26370894000";"2244100";"3297";"189755.2"
"26371975000";"2185200";"3296";"189763.2"
"26373324000";"2185200";"3296";"189771.5"
"26374408000";"2185200";"3296";"189779.5"
"26375488000";"2185200";"3296";"189787.4"
"26376569000";"2185200";"3296";"189795.4"
"26377648000";"2185200";"3296";"189803.3"
"26378990000";"2158500";"3296";"189813.2"
"26380070000";"2158500";"3296";"189821.1"
"26381150000";"2158500";"3296";"189829.1"
"26382231000";"2158500";"3296";"189837.4"
"26383315000";"2158500";"3296";"189845.4"
"26384658000";"2158500";"3296";"189853.7"
"26385738000";"2158500";"3296";"189861.6"
"26386818000";"2198700";"3296";"189870.0"
"26387898000";"2198700";"3296";"189877.9"
"26388979000";"2198700";"3296";"189885.9"
"26390321000";"2198700";"3296";"189894.2"
"26391401000";"2198700";"3296";"189902.1"
"26392480000";"2198700";"3296";"189910.1"
"26393566000";"2198700";"3296";"189918.0"
"26394647000";"2169000";"3296";"189926.0"
"26395989000";"2169000";"3296";"189935.8"
"26397069000";"2169000";"3296";"189943.8"
"26398148000";"2169000";"3296";"189951.7"
"26399228000";"2169000";"3296";"189959.7"
"26400309000";"2169000";"3296";"189967.6"
"26401651000";"2227900";"3296";"189977.5"
"26402732000";"2227900";"3296";"189985.4"
"26403817000";"2227900";"3296";"189993.4"
"26404897000";"2227900";"3296";"190001.7"
"26405978000";"2227900";"3296";"190009.7"
"26407321000";"2227900";"3296";"190018.0"
"26408400000";"2227900";"3296";"190026.0"
"26409480000";"2183700";"3296";"190033.9"
"26410560000";"2183700";"3296";"190042.2"
"26411641000";"2183700";"3296";"190050.2"
"26412988000";"2183700";"3296";"190058.5"
"26414067000";"2183700";"3296";"190066.5"
"26415147000";"2183700";"3296";"190074.4"
"26416227000";"2183700";"3296";"190082.4"
"26417312000";"2182600";"3296";"190090.3"
"26418656000";"2182600";"3296";"190098.6"
"26419735000";"2182600";"3296";"190106.6"
"26420815000";"2182600";"3296";"190114.5"
"26421895000";"2182600";"3296";"190122.9"
"26422981000";"2182600";"3296";"190130.8"
"26424323000";"2182600";"3296";"190139.2"
"26425404000";"2126500";"3296";"190147.1"
"26426484000";"2126500";"3296";"190155.4"
"26427564000";"2126500";"3296";"190163.4"
"26428643000";"2126500";"3296";"190171.3"
"26429987000";"2126500";"3296";"190179.7"
"26431066000";"2126500";"3296";"190187.6"
"26432147000";"2126500";"3296";"190195.9"
"26433232000";"2198700";"3296";"190203.9"
"26434311000";"2198700";"3296";"190211.9"
"26435654000";"2198700";"3296";"190221.3"
"26436734000";"2198700";"3296";"190229.7"
"26437814000";"2198700";"3296";"190237.6"
"26438894000";"2198700";"3296";"190245.6"
"26439975000";"2229300";"3296";"190253.5"
"26441317000";"2229300";"3296";"190261.8"
"26442397000";"2229300";"3296";"190269.8"
"26443482000";"2229300";"3296";"190277.7"
"26444561000";"2229300";"3296";"190285.7"
"26445641000";"2229300";"3296";"190294.0"
"26446984000";"2229300";"3296";"190302.3"
"26448064000";"2127000";"3296";"190310.3"
"26449144000";"2127000";"3296";"190318.2"
"26450224000";"2127000";"3296";"190326.2"
"26451305000";"2127000";"3296";"190334.5"
"26452648000";"2127000";"3296";"190342.5"
"26453733000";"2127000";"3296";"190350.8"
"26454814000";"2127000";"3296";"190358.8"
"26455893000";"2183700";"3297";"190366.7"
"26456972000";"2183700";"3297";"190374.7"
"26458319000";"2183700";"3297";"190384.1"
"26459399000";"2183700";"3297";"190392.1"
"26460479000";"2183700";"3297";"190400.4"
"26461559000";"2183700";"3297";"190408.4"
"26462640000";"2228000";"3297";"190416.3"
"26463989000";"2228000";"3297";"190424.6"
"26465069000";"2228000";"3297";"190432.6"
"26466149000";"2228000";"3297";"190440.5"
"26467230000";"2228000";"3297";"190448.9"
"26468309000";"2228000";"3297";"190456.8"
"26469651000";"2176200";"3297";"190466.7"
"26470731000";"2176200";"3297";"190474.6"
"26471812000";"2176200";"3297";"190482.6"
"26472898000";"2176200";"3297";"190490.5"
"26473978000";"2176200";"3297";"190498.5"
"26475321000";"2176200";"3297";"190508.3"
"26476400000";"2227400";"3297";"190516.3"
"26477479000";"2227400";"3297";"190524.2"
"26478560000";"2227400";"3297";"190532.2"
"26479641000";"2227400";"3297";"190540.1"
"26480983000";"2227400";"3297";"190548.4"
"26482063000";"2227400";"3297";"190556.4"
"26483148000";"2227400";"3297";"190564.7"
"26484227000";"2184100";"3297";"190572.7"
"26485308000";"2184100";"3297";"190580.6"
"26486650000";"2184100";"3297";"190589.0"
"26487730000";"2184100";"3297";"190596.9"
"26488810000";"2184100";"3297";"190605.2"
"26489889000";"2184100";"3297";"190613.2"
"26490970000";"2184100";"3297";"190621.1"
"26492313000";"2171100";"3297";"190630.6"
"26493399000";"2171100";"3297";"190638.9"
"26494478000";"2171100";"3297";"190646.9"
"26495557000";"2171100";"3297";"190654.9"
"26496637000";"2171100";"3297";"190662.8"
"26497980000";"2171100";"3296";"190672.3"
"26499061000";"2227600";"3297";"190680.2"
"26500187000";"2227600";"3297";"190688.6"
"26501267000";"2227600";"3296";"190696.5"
"26502347000";"2227600";"3296";"190704.5"
"26503695000";"2227600";"3296";"190712.8"
"26504774000";"2227600";"3296";"190720.7"
"26505854000";"2227600";"3296";"190729.1"
"26506933000";"2186100";"3296";"190737.0"
"26508012000";"2186100";"3296";"190745.0"
"26509356000";"2186100";"3296";"190754.8"
"26510436000";"2186100";"3296";"190762.8"
"26511516000";"2186100";"3296";"190770.7"
"26512596000";"2186100";"3296";"190779.0"
"26513681000";"2244900";"3296";"190787.0"
"26515024000";"2244900";"3296";"190796.8"
"26516104000";"2244900";"3296";"190804.8"
"26517184000";"2244900";"3296";"190812.7"
"26518265000";"2244900";"3296";"190820.7"
"26519344000";"2244900";"3296";"190828.7"
"26520688000";"2161100";"3296";"190837.0"
"26521767000";"2161100";"3296";"190844.9"
"26522852000";"2161100";"3296";"190852.9"
"26523933000";"2161100";"3296";"190860.8"
"26525012000";"2161100";"3296";"190869.2"
"26526355000";"2161100";"3296";"190877.5"
"26527435000";"2161100";"3296";"190885.4"
"26528515000";"2184100";"3296";"190893.4"
"26529596000";"2184100";"3296";"190901.7"
"26530675000";"2184100";"3296";"190909.7"
"26532018000";"2184100";"3297";"190919.1"
"26533104000";"2184100";"3297";"190927.5"
"26534183000";"2184100";"3297";"190935.4"
"26535264000";"2244700";"3297";"190943.4"
"26536343000";"2244700";"3297";"190951.3"
"26537686000";"2244700";"3297";"190959.6"
"26538766000";"2244700";"3297";"190967.6"
"26539846000";"2244700";"3297";"190975.6"
"26540926000";"2244700";"3296";"190983.5"
"26542007000";"2244700";"3296";"190991.8"
"26543360000";"2125200";"3297";"191000.2"
"26544440000";"2125200";"3297";"191008.1"
"26545520000";"2125200";"3297";"191016.1"
"26546600000";"2125200";"3297";"191024.0"
"26547680000";"2125200";"3297";"191032.3"
"26549022000";"2125200";"3297";"191040.7"
"26550102000";"2125200";"3297";"191048.6"
"26551182000";"2185500";"3297";"191056.6"
"26552263000";"2185500";"3296";"191064.5"
"26553349000";"2185500";"3296";"191072.5"
"26554691000";"2185500";"3296";"191080.8"
"26555772000";"2185500";"3296";"191088.7"
"26556853000";"2185500";"3296";"191097.1"
"26557933000";"2185500";"3296";"191105.0"
"26559012000";"2183400";"3296";"191113.0"
"26560355000";"2183400";"3296";"191121.3"
"26561434000";"2183400";"3296";"191129.3"
"26562513000";"2183400";"3296";"191137.2"
"26563600000";"2183400";"3296";"191145.2"
"26564679000";"2183400";"3296";"191153.5"
"26566022000";"2183400";"3296";"191161.8"
"26567102000";"2127000";"3296";"191169.8"
"26568182000";"2127000";"3296";"191177.7"
"26569262000";"2127000";"3296";"191186.1"
"26570343000";"2127000";"3296";"191194.0"
"26571685000";"2127000";"3296";"191203.5"
"26572766000";"2127000";"3296";"191211.8"
"26573851000";"2244300";"3296";"191219.8"
"26574931000";"2244300";"3296";"191227.7"
"26576010000";"2244300";"3296";"191235.7"
"26577354000";"2244300";"3296";"191245.5"
"26578433000";"2244300";"3296";"191253.5"
"26579513000";"2244300";"3296";"191261.4"
"26580592000";"2229900";"3296";"191269.4"
"26581673000";"2229900";"3296";"191277.3"
"26583021000";"2229900";"3296";"191287.2"
"26584106000";"2229900";"3296";"191295.1"
"26585185000";"2229900";"3296";"191303.4"
"26586265000";"2229900";"3296";"191311.4"
"26587345000";"2243200";"3296";"191319.3"
"26588688000";"2243200";"3296";"191329.2"
"26589769000";"2243200";"3296";"191337.1"
"26590848000";"2243200";"3296";"191345.5"
"26591928000";"2243200";"3296";"191353.4"
"26593013000";"2243200";"3296";"191361.4"
"26594356000";"2242300";"3296";"191371.2"
"26595436000";"2242300";"3296";"191379.2"
"26596515000";"2242300";"3296";"191387.1"
"26597595000";"2242300";"3296";"191395.1"
"26598676000";"2242300";"3296";"191403.0"
"26600019000";"2242300";"3296";"191411.4"
"26601100000";"2242300";"3296";"191419.3"
"26602179000";"2185200";"3296";"191427.6"
"26603265000";"2185200";"3296";"191435.6"
"26604344000";"2185200";"3296";"191443.5"
"26605687000";"2185200";"3296";"191451.9"
"26606766000";"2185200";"3296";"191459.8"
"26607847000";"2185200";"3296";"191468.2"
"26608927000";"2185200";"3296";"191476.1"
"26610007000";"2184100";"3296";"191484.1"
"26611350000";"2184100";"3296";"191492.4"
"26612430000";"2184100";"3296";"191500.3"
"26613515000";"2184100";"3296";"191508.3"
"26614595000";"2184100";"3296";"191516.6"
"26615674000";"2184100";"3296";"191524.6"
"26617017000";"2184100";"3296";"191532.9"
"26618096000";"2127200";"3296";"191540.8"
"26619175000";"2127200";"3296";"191548.8"
"26620254000";"2127200";"3296";"191556.7"
"26621333000";"2127200";"3296";"191564.7"
"26622677000";"2127200";"3296";"191573.0"
"26623763000";"2127200";"3296";"191581.0"
"26624842000";"2127200";"3296";"191589.3"
"26625922000";"2184300";"3296";"191597.3"
"26627008000";"2184300";"3296";"191605.2"
"26628350000";"2184300";"3296";"191613.5"
"26629431000";"2184300";"3296";"191621.5"
"26630511000";"2184300";"3296";"191629.8"
"26631591000";"2184300";"3296";"191637.8"
"26632671000";"2184300";"3296";"191645.7"
"26634019000";"2125000";"3296";"191654.0"
"26635099000";"2125000";"3296";"191662.0"
"26636179000";"2125000";"3296";"191669.9"
"26637260000";"2125000";"3296";"191677.9"
"26638340000";"2125000";"3296";"191686.2"
"26639683000";"2125000";"3296";"191694.2"
"26640764000";"2125000";"3296";"191702.5"
"26641844000";"2184800";"3296";"191710.5"
"26642930000";"2184800";"3296";"191718.4"
"26644010000";"2184800";"3296";"191726.4"
"26645354000";"2184800";"3296";"191736.2"
"26646433000";"2184800";"3296";"191744.2"
"26647513000";"2184800";"3296";"191752.5"
"26648593000";"2244500";"3296";"191760.4"
"26649673000";"2244500";"3296";"191768.4"
"26651015000";"2244500";"3296";"191776.7"
"26652095000";"2244500";"3296";"191784.7"
"26653180000";"2244500";"3296";"191792.6"
"26654260000";"2244500";"3296";"191801.0"
"26655340000";"2244500";"3296";"191808.9"
"26656682000";"2169900";"3296";"191818.4"
"26657762000";"2169900";"3296";"191826.3"
"26658842000";"2169900";"3296";"191834.7"
"26659921000";"2169900";"3296";"191842.6"
"26661001000";"2169900";"3296";"191850.6"
"26662343000";"2169900";"3296";"191860.4"
"26663429000";"2245100";"3296";"191868.4"
"26664510000";"2245100";"3296";"191876.3"
"26665589000";"2245100";"3296";"191884.3"
"26666669000";"2245100";"3296";"191892.6"
"26668017000";"2245100";"3297";"191902.1"
"26669098000";"2245100";"3297";"191910.4"
"26670178000";"2244500";"3297";"191918.3"
"26671258000";"2244500";"3297";"191926.3"
"26672338000";"2244500";"3297";"191934.2"
"26673687000";"2244500";"3297";"191942.6"
"26674767000";"2244500";"3296";"191950.5"
"26675847000";"2244500";"3296";"191958.5"
"26676927000";"2244500";"3296";"191966.4"
"26678008000";"2183400";"3297";"191974.8"
"26679351000";"2183400";"3297";"191983.1"
"26680432000";"2183400";"3297";"191991.0"
"26681511000";"2183400";"3297";"191999.0"
"26682591000";"2183400";"3297";"192006.9"
"26683676000";"2183400";"3297";"192014.9"
"26685018000";"2183400";"3297";"192023.2"
"26686098000";"2126900";"3297";"192031.5"
"26687178000";"2126900";"3297";"192039.5"
"26688258000";"2126900";"3297";"192047.4"
"26689338000";"2126900";"3297";"192055.8"
"26690682000";"2126900";"3297";"192065.2"
"26691762000";"2126900";"3297";"192073.6"
"26692842000";"2246200";"3297";"192081.5"
"26693927000";"2246200";"3297";"192089.5"
"26695007000";"2246200";"3297";"192097.4"
"26696349000";"2246200";"3297";"192107.3"
"26697428000";"2246200";"3297";"192115.2"
"26698508000";"2246200";"3297";"192123.2"
"26699589000";"2228000";"3297";"192131.1"
"26700669000";"2228000";"3297";"192139.1"
"26702012000";"2228000";"3297";"192147.4"
"26703098000";"2228000";"3298";"192155.7"
"26704178000";"2228000";"3298";"192163.7"
"26705258000";"2228000";"3298";"192171.6"
"26706339000";"2228000";"3298";"192180.0"
"26707682000";"2140300";"3298";"192188.3"
"26708762000";"2140300";"3298";"192196.2"
"26709901000";"2140300";"3298";"192204.2"
"26710981000";"2140300";"3298";"192212.1"
"26712061000";"2140300";"3298";"192220.5"
"26713410000";"2140300";"3298";"192228.8"
"26714490000";"2140300";"3298";"192236.8"
"26715570000";"2167100";"3298";"192244.7"
"26716650000";"2167100";"3298";"192252.7"
"26717729000";"2167100";"3298";"192260.6"
"26719072000";"2167100";"3298";"192268.9"
"26720151000";"2167100";"3298";"192276.9"
"26721231000";"2167100";"3298";"192284.8"
"26722311000";"2167100";"3298";"192293.2"
"26723397000";"2184300";"3298";"192301.1"
"26724741000";"2184300";"3298";"192309.4"
"26725820000";"2184300";"3298";"192317.4"
"26726899000";"2184300";"3298";"192325.3"
"26727979000";"2184300";"3298";"192333.7"
"26729059000";"2184300";"3298";"192341.6"
"26730402000";"2178200";"3298";"192351.5"
"26731482000";"2178200";"3298";"192359.4"
"26732561000";"2178200";"3298";"192367.4"
"26733647000";"2178200";"3298";"192375.3"
"26734726000";"2178200";"3298";"192383.3"
"26736069000";"2178200";"3298";"192391.6"
"26737150000";"2178200";"3298";"192399.6"
"26738231000";"2169000";"3298";"192407.5"
"26739310000";"2169000";"3298";"192415.8"
"26740391000";"2169000";"3298";"192423.8"
"26741733000";"2169000";"3297";"192433.3"
"26742814000";"2169000";"3297";"192441.2"
"26743900000";"2169000";"3297";"192449.5"
"26744980000";"2244300";"3298";"192457.5"
"26746060000";"2244300";"3297";"192465.4"
"26747402000";"2244300";"3297";"192475.3"
"26748483000";"2244300";"3297";"192483.2"
"26749562000";"2244300";"3297";"192491.6"
"26750641000";"2244300";"3297";"192499.5"
"26751721000";"2247100";"3297";"192507.5"
"26753073000";"2247100";"3297";"192515.8"
"26754154000";"2247100";"3297";"192523.8"
"26755234000";"2247100";"3297";"192532.1"
"26756313000";"2247100";"3297";"192540.0"
"26757393000";"2247100";"3297";"192548.0"
"26758736000";"2247100";"3297";"192556.3"
"26759817000";"2125500";"3297";"192564.3"
"26760896000";"2125500";"3297";"192572.2"
"26761976000";"2125500";"3297";"192580.2"
"26763061000";"2125500";"3297";"192588.5"
"26764403000";"2125500";"3297";"192598.0"
"26765483000";"2125500";"3297";"192606.3"
"26766563000";"2245100";"3297";"192614.3"
"26767644000";"2245100";"3297";"192622.2"
"26768723000";"2245100";"3297";"192630.5"
"26770066000";"2245100";"3297";"192638.9"
"26771146000";"2245100";"3297";"192646.8"
"26772225000";"2245100";"3297";"192654.8"
"26773311000";"2245100";"3297";"192662.7"
"26774391000";"2183900";"3297";"192670.7"
"26775734000";"2183900";"3297";"192680.5"
"26776814000";"2183900";"3297";"192688.5"
"26777893000";"2183900";"3297";"192696.4"
"26778973000";"2183900";"3297";"192704.4"
"26780053000";"2183900";"3297";"192712.3"
"26781396000";"2161900";"3297";"192720.6"
"26782476000";"2161900";"3297";"192729.0"
"26783562000";"2161900";"3297";"192736.9"
"26784641000";"2161900";"3297";"192744.9"
"26785722000";"2161900";"3297";"192753.2"
"26787065000";"2161900";"3297";"192761.5"
"26788144000";"2161900";"3297";"192769.5"
"26789223000";"2198800";"3296";"192777.4"
"26790304000";"2198800";"3296";"192785.4"
"26791384000";"2198800";"3296";"192793.7"
"26792727000";"2198800";"3296";"192803.2"
"26793817000";"2198800";"3297";"192811.5"
"26794897000";"2198800";"3297";"192819.5"
"26795977000";"2242800";"3297";"192827.4"
"26797057000";"2242800";"3297";"192835.4"
"26798400000";"2242800";"3297";"192845.2"
"26799480000";"2242800";"3297";"192853.2"
"26800560000";"2242800";"3297";"192861.1"
"26801639000";"2242800";"3297";"192869.1"
"26802718000";"2230100";"3296";"192877.0"
"26804067000";"2230100";"3296";"192885.4"
"26805147000";"2230100";"3297";"192893.7"
"26806227000";"2230100";"3297";"192901.6"
"26807307000";"2230100";"3296";"192909.6"
"26808386000";"2230100";"3296";"192917.9"
"26809728000";"2176600";"3296";"192927.4"
"26810809000";"2176600";"3297";"192935.7"
"26811889000";"2176600";"3297";"192943.7"
"26812975000";"2176600";"3297";"192951.6"
"26814055000";"2176600";"3297";"192959.6"
"26815398000";"2176600";"3297";"192967.9"
"26816478000";"2176600";"3297";"192975.8"
"26817558000";"2198100";"3297";"192984.2"
"26818638000";"2198100";"3297";"192992.1"
"26819717000";"2198100";"3297";"193000.1"
"26821059000";"2198100";"3297";"193008.4"
"26822139000";"2198100";"3297";"193016.4"
"26823225000";"2198100";"3297";"193024.3"
"26824304000";"2198100";"3297";"193032.6"
"26825385000";"2184300";"3297";"193040.6"
"26826727000";"2184300";"3297";"193048.9"
"26827807000";"2184300";"3297";"193056.9"
"26828887000";"2184300";"3297";"193065.2"
"26829966000";"2184300";"3297";"193073.2"
"26831046000";"2184300";"3297";"193081.1"
"26832389000";"2184300";"3297";"193089.4"
"26833474000";"2127000";"3297";"193097.4"
"26834554000";"2127000";"3297";"193105.3"
"26835634000";"2127000";"3297";"193113.7"
"26836718000";"2127000";"3297";"193121.6"
"26838061000";"2127000";"3296";"193131.1"
"26839141000";"2127000";"3297";"193139.4"
"26840222000";"2244900";"3297";"193147.4"
"26841302000";"2244900";"3297";"193155.3"
"26842382000";"2244900";"3297";"193163.3"
"26843730000";"2244900";"3296";"193171.6"
"26844810000";"2244900";"3296";"193179.5"
"26845890000";"2244900";"3296";"193187.9"
"26846970000";"2244900";"3296";"193195.8"
"26848049000";"2183900";"3296";"193203.8"
"26849393000";"2183900";"3296";"193212.1"
"26850473000";"2183900";"3296";"193220.4"
"26851553000";"2183900";"3296";"193228.4"
"26852632000";"2183900";"3296";"193236.3"
"26853718000";"2183900";"3296";"193244.3"
"26855061000";"2183900";"3296";"193252.6"
"26856141000";"2126500";"3296";"193260.6"
"26857222000";"2126500";"3296";"193268.9"
"26858301000";"2126500";"3296";"193276.8"
"26859381000";"2126500";"3296";"193284.8"
"26860723000";"2126500";"3296";"193294.6"
"26861803000";"2126500";"3296";"193302.6"
"26862889000";"2244900";"3296";"193310.6"
"26863968000";"2244900";"3296";"193318.5"
"26865048000";"2244900";"3296";"193326.5"
"26866391000";"2244900";"3297";"193335.2"
"26867471000";"2244900";"3297";"193343.1"
"26868551000";"2244900";"3297";"193351.1"
"26869631000";"2244900";"3297";"193359.0"
"26870711000";"2200300";"3297";"193367.3"
"26872055000";"2200300";"3296";"193376.8"
"26873140000";"2200300";"3296";"193385.1"
"26874220000";"2200300";"3296";"193393.1"
"26875300000";"2200300";"3296";"193401.0"
"26876380000";"2200300";"3296";"193409.0"
"26877727000";"2224200";"3296";"193418.8"
"26878807000";"2224200";"3297";"193426.8"
"26879888000";"2224200";"3297";"193434.7"
"26880967000";"2224200";"3297";"193442.7"
"26882046000";"2224200";"3296";"193450.7"
"26883395000";"2224200";"3296";"193459.0"
"26884476000";"2224200";"3296";"193467.3"
"26885556000";"2183500";"3296";"193475.3"
"26886636000";"2183500";"3296";"193483.2"
"26887716000";"2183500";"3296";"193491.5"
"26889059000";"2183500";"3297";"193499.9"
"26890138000";"2183500";"3297";"193507.8"
"26891217000";"2183500";"3297";"193515.8"
"26892297000";"2183500";"3297";"193523.7"
"26893382000";"2199200";"3297";"193532.1"
"26894725000";"2199200";"3297";"193541.5"
"26895804000";"2199200";"3297";"193549.5"
"26896885000";"2199200";"3297";"193557.4"
"26897965000";"2199200";"3297";"193565.8"
"26899045000";"2199200";"3297";"193573.7"
"26900387000";"2161900";"3297";"193582.0"
"26901467000";"2161900";"3297";"193590.0"
"26902547000";"2161900";"3297";"193597.9"
"26903633000";"2161900";"3297";"193605.9"
"26904713000";"2161900";"3297";"193614.2"
"26906057000";"2161900";"3297";"193622.5"
"26907136000";"2161900";"3297";"193630.5"
"26908216000";"2183500";"3297";"193638.4"
"26909296000";"2183500";"3297";"193646.8"
"26910375000";"2183500";"3297";"193654.7"
"26911717000";"2183500";"3297";"193663.0"
"26912796000";"2183500";"3297";"193671.0"
"26913882000";"2183500";"3297";"193679.0"
"26914962000";"2183500";"3297";"193686.9"
"26916042000";"2199200";"3297";"193695.2"
"26917385000";"2199200";"3297";"193703.6"
"26918465000";"2199200";"3297";"193711.5"
"26919545000";"2199200";"3297";"193719.5"
"26920631000";"2199200";"3297";"193727.4"
"26921710000";"2199200";"3297";"193735.4"
"26923059000";"2158100";"3297";"193745.2"
"26924138000";"2158100";"3297";"193753.2"
"26925218000";"2158100";"3297";"193761.1"
"26926298000";"2158100";"3297";"193769.5"
"26927377000";"2158100";"3297";"193777.4"
"26928720000";"2158100";"3297";"193785.7"
"26929800000";"2158100";"3297";"193793.7"
"26930880000";"2200700";"3297";"193802.0"
"26931959000";"2200700";"3297";"193810.0"
"26933044000";"2200700";"3297";"193817.9"
"26934387000";"2200700";"3297";"193826.2"
"26935466000";"2200700";"3297";"193834.2"
"26936547000";"2200700";"3297";"193842.1"
"26937627000";"2200700";"3297";"193850.1"
"26938708000";"2183700";"3297";"193858.4"
"26940052000";"2183700";"3297";"193867.9"
"26941132000";"2183700";"3297";"193875.8"
"26942213000";"2183700";"3297";"193884.2"
"26943298000";"2183700";"3297";"193892.1"
"26944378000";"2183700";"3297";"193900.1"
"26945720000";"2159700";"3297";"193908.4"
"26946799000";"2159700";"3297";"193916.7"
"26947879000";"2159700";"3297";"193924.7"
"26948959000";"2159700";"3297";"193932.6"
"26950039000";"2159700";"3297";"193941.0"
"26951381000";"2159700";"3297";"193948.9"
"26952462000";"2159700";"3298";"193957.2"
"26953547000";"2198800";"3298";"193965.2"
"26954627000";"2198800";"3298";"193973.1"
"26955708000";"2198800";"3297";"193981.1"
"26957050000";"2198800";"3297";"193989.4"
"26958130000";"2198800";"3297";"193997.4"
"26959210000";"2198800";"3297";"194005.3"
"26960290000";"2198800";"3297";"194013.7"
"26961370000";"2185200";"3297";"194021.6"
"26962718000";"2185200";"3297";"194029.9"
"26963803000";"2185200";"3297";"194037.9"
"26964882000";"2185200";"3297";"194045.8"
"26965962000";"2185200";"3297";"194054.2"
"26967042000";"2185200";"3297";"194062.1"
"26968385000";"2185200";"3297";"194070.4"
"26969465000";"2125800";"3297";"194078.4"
"26970545000";"2125800";"3298";"194086.3"
"26971625000";"2125800";"3298";"194094.7"
"26972704000";"2125800";"3298";"194102.6"
"26974053000";"2125800";"3297";"194110.9"
"26975132000";"2125800";"3297";"194118.9"
"26976212000";"2125800";"3297";"194126.9"
"26977292000";"2184100";"3297";"194134.8"
"26978373000";"2184100";"3297";"194142.8"
"26979715000";"2184100";"3297";"194152.6"
"26980795000";"2184100";"3297";"194160.6"
"26981875000";"2184100";"3297";"194168.5"
"26982960000";"2184100";"3297";"194176.8"
"26984040000";"2244700";"3297";"194184.8"
"26985383000";"2244700";"3297";"194193.1"
"26986463000";"2244700";"3297";"194201.1"
"26987543000";"2244700";"3297";"194209.4"
"26988624000";"2244700";"3297";"194217.3"
"26989703000";"2244700";"3297";"194225.3"
"26991046000";"2244700";"3297";"194233.6"
"26992126000";"2142300";"3297";"194242.0"
"26993211000";"2142300";"3297";"194249.9"
"26994291000";"2142300";"3297";"194257.9"
"26995370000";"2142300";"3297";"194265.8"
"26996714000";"2142300";"3297";"194274.1"
"26997793000";"2142300";"3297";"194282.1"
"26998874000";"2142300";"3296";"194290.0"
"26999955000";"2168800";"3297";"194298.0"
"27001034000";"2168800";"3297";"194306.3"
"27002377000";"2168800";"3297";"194314.6"
"27003501000";"2168800";"3297";"194322.6"
"27004581000";"2168800";"3297";"194330.5"
"27005662000";"2168800";"3297";"194338.5"
"27006742000";"2168800";"3297";"194346.8"
"27008084000";"2130800";"3296";"194355.2"
"27009164000";"2130800";"3296";"194363.1"
"27010243000";"2130800";"3296";"194371.1"
"27011323000";"2130800";"3296";"194379.4"
"27012402000";"2130800";"3296";"194387.3"
"27013751000";"2130800";"3296";"194395.7"
"27014830000";"2130800";"3296";"194403.6"
"27015909000";"2184600";"3296";"194411.6"
"27016990000";"2184600";"3296";"194419.5"
"27018071000";"2184600";"3296";"194427.9"
"27019414000";"2184600";"3296";"194435.8"
"27020494000";"2184600";"3296";"194444.1"
"27021575000";"2184600";"3296";"194452.1"
"27022654000";"2184600";"3296";"194460.0"
"27023740000";"2183200";"3296";"194468.0"
"27025082000";"2183200";"3296";"194476.3"
"27026163000";"2183200";"3296";"194484.3"
"27027243000";"2183200";"3296";"194492.6"
"27028323000";"2183200";"3296";"194500.5"
"27029403000";"2183200";"3296";"194508.5"
"27030746000";"2183200";"3296";"194516.8"
"27031827000";"2127500";"3296";"194524.8"
"27032912000";"2127500";"3296";"194533.1"
"27033993000";"2127500";"3296";"194541.0"
"27035073000";"2127500";"3296";"194549.0"
"27036416000";"2127500";"3296";"194557.3"
"27037495000";"2127500";"3296";"194565.3"
"27038575000";"2127500";"3297";"194573.2"
"27039654000";"2184300";"3297";"194581.2"
"27040734000";"2184300";"3296";"194589.1"
"27042078000";"2184300";"3296";"194597.4"
"27043163000";"2184300";"3296";"194605.4"
"27044243000";"2184300";"3296";"194613.7"
"27045323000";"2184300";"3296";"194621.7"
"27046407000";"2184300";"3296";"194629.6"
"27047750000";"2182400";"3296";"194639.5"
"27048831000";"2182400";"3296";"194647.4"
"27049911000";"2182400";"3296";"194655.4"
"27050992000";"2182400";"3296";"194663.7"
"27052072000";"2182400";"3296";"194671.7"
"27053420000";"2182400";"3296";"194680.0"
"27054500000";"2182400";"3296";"194687.9"
"27055580000";"2183200";"3296";"194695.9"
"27056661000";"2183200";"3296";"194703.9"
"27057742000";"2183200";"3296";"194711.8"
"27059084000";"2183200";"3296";"194720.1"
"27060163000";"2183200";"3296";"194728.1"
"27061244000";"2183200";"3296";"194736.4"
"27062324000";"2183200";"3296";"194744.4"
"27063409000";"2183700";"3296";"194752.3"
"27064751000";"2183700";"3296";"194760.6"
"27065831000";"2183700";"3296";"194768.6"
"27066910000";"2183700";"3296";"194776.5"
"27067991000";"2183700";"3296";"194784.9"
"27069071000";"2183700";"3296";"194792.8"
"27070414000";"2183700";"3296";"194801.1"
"27071494000";"2128200";"3296";"194809.1"
"27072574000";"2128200";"3296";"194817.0"
"27073660000";"2128200";"3296";"194825.4"
"27074739000";"2128200";"3296";"194833.3"
"27076082000";"2128200";"3296";"194842.8"
"27077162000";"2128200";"3296";"194850.7"
"27078241000";"2244900";"3296";"194859.1"
"27079321000";"2244900";"3296";"194867.0"
"27080401000";"2244900";"3297";"194875.0"
"27081744000";"2244900";"3297";"194884.8"
"27082824000";"2244900";"3297";"194892.8"
"27083909000";"2244900";"3297";"194900.7"
"27084989000";"2227800";"3297";"194908.7"
"27086069000";"2227800";"3297";"194916.6"
"27087418000";"2227800";"3297";"194925.0"
"27088498000";"2227800";"3297";"194933.3"
"27089578000";"2227800";"3297";"194941.2"
"27090658000";"2227800";"3297";"194949.2"
"27091739000";"2227800";"3297";"194957.2"
"27093087000";"2124800";"3297";"194965.5"
"27094167000";"2124800";"3297";"194973.4"
"27095246000";"2124800";"3297";"194981.8"
"27096327000";"2124800";"3297";"194989.7"
"27097407000";"2124800";"3297";"194997.7"
"27098750000";"2124800";"3297";"195006.0"
"27099830000";"2124800";"3297";"195013.9"
"27100910000";"2185300";"3297";"195021.9"
"27101989000";"2185300";"3297";"195029.8"
"27103074000";"2185300";"3297";"195038.2"
"27104416000";"2185300";"3297";"195047.6"
"27105496000";"2185300";"3297";"195055.6"
"27106576000";"2185300";"3297";"195063.9"
"27107656000";"2245300";"3297";"195071.9"
"27108736000";"2245300";"3297";"195079.8"
"27110078000";"2245300";"3297";"195089.7"
"27111159000";"2245300";"3297";"195097.6"
"27112240000";"2245300";"3297";"195105.6"
"27113326000";"2245300";"3297";"195113.5"
"27114406000";"2244100";"3298";"195121.9"
"27115749000";"2244100";"3298";"195131.3"
"27116829000";"2244100";"3298";"195139.3"
"27117909000";"2244100";"3298";"195147.2"
"27118989000";"2244100";"3297";"195155.2"
"27120069000";"2244100";"3297";"195163.5"
"27121412000";"2145000";"3297";"195171.5"
"27122492000";"2145000";"3297";"195179.8"
"27123577000";"2145000";"3297";"195187.7"
"27124656000";"2145000";"3297";"195195.7"
"27125737000";"2145000";"3297";"195203.6"
"27127079000";"2145000";"3297";"195213.5"
"27128160000";"2244900";"3297";"195221.4"
"27129240000";"2244900";"3297";"195229.8"
"27130324000";"2244900";"3297";"195237.7"
"27131403000";"2244900";"3297";"195245.7"
"27132746000";"2244900";"3297";"195255.5"
"27133831000";"2244900";"3297";"195263.5"
"27134912000";"2243400";"3297";"195271.4"
"27135991000";"2243400";"3297";"195279.4"
"27137071000";"2243400";"3297";"195287.3"
"27138414000";"2243400";"3297";"195295.7"
"27139494000";"2243400";"3297";"195303.6"
"27140574000";"2243400";"3297";"195311.6"
"27141655000";"2243400";"3296";"195319.5"
"27142735000";"2185200";"3296";"195327.8"
"27144084000";"2185200";"3296";"195337.3"
"27145164000";"2185200";"3296";"195345.3"
"27146244000";"2185200";"3296";"195353.6"
"27147324000";"2185200";"3296";"195361.5"
"27148403000";"2185200";"3296";"195369.5"
"27149746000";"2225800";"3296";"195379.3"
"27150826000";"2225800";"3296";"195387.3"
"27151907000";"2225800";"3296";"195395.6"
"27152992000";"2225800";"3296";"195403.6"
"27154072000";"2225800";"3296";"195411.5"
"27155415000";"2225800";"3296";"195419.9"
"27156495000";"2225800";"3296";"195427.8"
"27157575000";"2183500";"3296";"195435.8"
"27158655000";"2183500";"3296";"195444.1"
"27159735000";"2183500";"3296";"195452.0"
"27161077000";"2183500";"3296";"195460.4"
"27162158000";"2183500";"3296";"195468.3"
"27163243000";"2183500";"3296";"195476.3"
"27164322000";"2183500";"3296";"195484.2"
"27165402000";"2184100";"3296";"195492.2"
"27166746000";"2184100";"3296";"195502.0"
"27167827000";"2184100";"3296";"195510.0"
"27168908000";"2184100";"3296";"195518.3"
"27169988000";"2184100";"3296";"195526.3"
"27171067000";"2184100";"3296";"195534.2"
"27172415000";"2176000";"3296";"195542.5"
"27173501000";"2176000";"3296";"195550.5"
"27174580000";"2176000";"3296";"195558.8"
"27175660000";"2176000";"3296";"195566.8"
"27176740000";"2176000";"3296";"195574.7"
"27178083000";"2176000";"3296";"195583.0"
"27179163000";"2176000";"3296";"195591.0"
"27180243000";"2183700";"3296";"195598.9"
"27181323000";"2183700";"3296";"195606.9"
"27182403000";"2183700";"3296";"195614.8"
"27183751000";"2183700";"3296";"195623.5"
"27184832000";"2183700";"3296";"195631.5"
"27185912000";"2183700";"3296";"195639.4"
"27186992000";"2183700";"3296";"195647.4"
"27188071000";"2198700";"3296";"195655.7"
"27189415000";"2198700";"3296";"195664.1"
"27190495000";"2198700";"3296";"195672.0"
"27191575000";"2198700";"3296";"195680.0"
"27192655000";"2198700";"3296";"195687.9"
"27193741000";"2198700";"3296";"195696.2"
"27195084000";"2198700";"3296";"195704.6"
"27196164000";"2126200";"3296";"195712.5"
"27197244000";"2126200";"3297";"195720.5"
"27198325000";"2126200";"3297";"195728.4"
"27199404000";"2126200";"3297";"195736.4"
"27200748000";"2126200";"3297";"195744.7"
"27201827000";"2126200";"3297";"195752.6"
"27202913000";"2126200";"3296";"195760.6"
"27203993000";"2169000";"3297";"195768.6"
"27205073000";"2169000";"3297";"195776.9"
"27206415000";"2169000";"3297";"195785.2"
"27207495000";"2169000";"3297";"195793.2"
"27208574000";"2169000";"3297";"195801.1"
"27209655000";"2169000";"3297";"195809.4"
"27210735000";"2169000";"3297";"195817.4"
"27212078000";"2142500";"3297";"195825.7"
"27213217000";"2142500";"3297";"195833.7"
"27214297000";"2142500";"3297";"195841.6"
"27215376000";"2142500";"3297";"195849.6"
"27216455000";"2142500";"3297";"195857.5"
"27217799000";"2142500";"3297";"195867.4"
"27218879000";"2210100";"3297";"195875.3"
"27219958000";"2210100";"3297";"195883.3"
"27221038000";"2210100";"3297";"195891.2"
"27222117000";"2210100";"3297";"195899.6"
"27223466000";"2210100";"3297";"195909.0"
"27224547000";"2210100";"3297";"195917.0"
"27225626000";"2227800";"3297";"195924.9"
"27226706000";"2227800";"3297";"195933.3"
"27227786000";"2227800";"3297";"195941.2"
"27229128000";"2227800";"3297";"195949.5"
"27230208000";"2227800";"3297";"195957.5"
"27231288000";"2227800";"3297";"195965.4"
"27232368000";"2227800";"3297";"195973.8"
"27233454000";"2198800";"3297";"195981.7"
"27234796000";"2198800";"3297";"195990.0"
"27235877000";"2198800";"3297";"195998.0"
"27236957000";"2198800";"3297";"196005.9"
"27238037000";"2198800";"3297";"196013.9"
"27239116000";"2198800";"3297";"196021.8"
"27240460000";"2198800";"3297";"196030.2"
"27241539000";"2113800";"3297";"196038.1"
"27242619000";"2113800";"3297";"196046.1"
"27243705000";"2113800";"3297";"196054.0"
"27244785000";"2113800";"3297";"196062.4"
"27246128000";"2113800";"3297";"196070.3"
"27247209000";"2113800";"3297";"196078.6"
"27248289000";"2113800";"3297";"196086.6"
"27249368000";"2183700";"3297";"196094.5"
"27250448000";"2183700";"3297";"196102.9"
"27251791000";"2183700";"3297";"196111.2"
"27252877000";"2183700";"3297";"196119.1"
"27253957000";"2183700";"3297";"196127.1"
"27255037000";"2183700";"3297";"196135.0"
"27256122000";"2183700";"3297";"196143.0"
"27257464000";"2125300";"3297";"196151.3"
"27258543000";"2125300";"3297";"196159.3"
"27259623000";"2125300";"3297";"196167.2"
"27260702000";"2125300";"3297";"196175.2"
"27261783000";"2125300";"3297";"196183.5"
"27263131000";"2125300";"3297";"196191.4"
"27264211000";"2125300";"3297";"196199.8"
"27265292000";"2183900";"3297";"196207.7"
"27266372000";"2183900";"3297";"196215.7"
"27267452000";"2183900";"3297";"196223.6"
"27268795000";"2183900";"3297";"196232.0"
"27269875000";"2183900";"3297";"196240.3"
"27270954000";"2183900";"3297";"196248.2"
"27272034000";"2183900";"3297";"196256.2"
"27273119000";"2184100";"3297";"196264.1"
"27274462000";"2184100";"3297";"196272.5"
"27275541000";"2184100";"3297";"196280.4"
"27276621000";"2184100";"3297";"196288.4"
"27277701000";"2184100";"3297";"196296.3"
"27278781000";"2184100";"3297";"196304.3"
"27280124000";"2184100";"3297";"196312.6"
"27281203000";"2114100";"3297";"196320.5"
"27282283000";"2114100";"3297";"196328.9"
"27283369000";"2114100";"3297";"196336.8"
"27284449000";"2114100";"3297";"196344.8"
"27285792000";"2114100";"3297";"196353.1"
"27286871000";"2114100";"3297";"196361.1"
"27287951000";"2114100";"3297";"196369.0"
"27289031000";"2184100";"3297";"196377.0"
"27290112000";"2184100";"3297";"196385.3"
"27291455000";"2184100";"3297";"196393.6"
"27292535000";"2184100";"3297";"196401.6"
"27293620000";"2184100";"3297";"196409.5"
"27294700000";"2184100";"3297";"196417.5"
"27295781000";"2184100";"3297";"196425.4"
"27297129000";"2124800";"3297";"196433.7"
"27298208000";"2124800";"3296";"196441.7"
"27299289000";"2124800";"3297";"196450.0"
"27300368000";"2124800";"3297";"196458.0"
"27301448000";"2124800";"3297";"196465.9"
"27302791000";"2124800";"3297";"196474.3"
"27303877000";"2124800";"3297";"196482.2"
"27304958000";"2183500";"3297";"196490.2"
"27306037000";"2183500";"3297";"196498.1"
"27307118000";"2183500";"3297";"196506.4"
"27308460000";"2183500";"3296";"196515.9"
"27309540000";"2183500";"3296";"196524.2"
"27310620000";"2183500";"3296";"196532.2"
"27311701000";"2246400";"3296";"196540.1"
"27312780000";"2246400";"3296";"196548.1"
"27314129000";"2246400";"3296";"196557.9"
"27315210000";"2246400";"3296";"196565.9"
"27316290000";"2246400";"3297";"196573.8"
"27317369000";"2246400";"3296";"196581.8"
"27318449000";"2227400";"3296";"196589.8"
"27319793000";"2227400";"3296";"196599.6"
"27320873000";"2227400";"3296";"196607.5"
"27321953000";"2227400";"3296";"196615.5"
"27323038000";"2227400";"3296";"196623.5"
"27324119000";"2227400";"3296";"196631.8"
"27325461000";"2176200";"3296";"196640.1"
"27326541000";"2176200";"3296";"196648.1"
"27327621000";"2176200";"3296";"196656.0"
"27328700000";"2176200";"3296";"196664.0"
"27329781000";"2176200";"3296";"196672.3"
"27331124000";"2176200";"3297";"196680.6"
"27332204000";"2176200";"3297";"196688.6"
"27333290000";"2183700";"3297";"196696.5"
"27334369000";"2183700";"3297";"196704.5"
"27335449000";"2183700";"3297";"196712.4"
"27336793000";"2183700";"3297";"196720.7"
"27337872000";"2183700";"3297";"196728.7"
"27338953000";"2183700";"3297";"196736.7"
"27340037000";"2183700";"3297";"196744.6"
"27341116000";"2184300";"3297";"196752.9"
"27342459000";"2184300";"3297";"196760.9"
"27343545000";"2184300";"3297";"196769.2"
"27344625000";"2184300";"3297";"196777.2"
"27345705000";"2184300";"3297";"196785.1"
"27346784000";"2184300";"3296";"196793.1"
"27348128000";"2159900";"3296";"196802.9"
"27349208000";"2159900";"3296";"196810.9"
"27350288000";"2159900";"3296";"196819.2"
"27351368000";"2159900";"3296";"196827.1"
"27352448000";"2159900";"3297";"196835.1"
"27353797000";"2159900";"3297";"196843.4"
"27354876000";"2159900";"3297";"196851.4"
"27355955000";"2183900";"3297";"196859.3"
"27357036000";"2183900";"3297";"196867.3"
"27358115000";"2183900";"3297";"196875.2"
"27359459000";"2183900";"3297";"196883.5"
"27360538000";"2183900";"3296";"196891.5"
"27361618000";"2183900";"3296";"196899.5"
"27362698000";"2183900";"3296";"196907.4"
"27363783000";"2184100";"3296";"196915.7"
"27365125000";"2184100";"3296";"196923.7"
"27366205000";"2184100";"3296";"196932.0"
"27367285000";"2184100";"3297";"196940.0"
"27368364000";"2184100";"3296";"196947.9"
"27369445000";"2184100";"3296";"196955.9"
"27370788000";"2184100";"3296";"196964.2"
"27371868000";"2128100";"3296";"196972.5"
"27372954000";"2128100";"3296";"196980.5"
"27374033000";"2128100";"3296";"196988.4"
"27375113000";"2128100";"3296";"196996.4"
"27376456000";"2128100";"3296";"197004.7"
"27377536000";"2128100";"3296";"197012.7"
"27378617000";"2128100";"3296";"197021.0"
"27379697000";"2183700";"3296";"197028.9"
"27380776000";"2183700";"3296";"197036.9"
"27382123000";"2183700";"3296";"197046.4"
"27383209000";"2183700";"3297";"197054.7"
"27384288000";"2183700";"3297";"197062.6"
"27385369000";"2183700";"3297";"197070.6"
"27386448000";"2226500";"3297";"197078.5"
"27387790000";"2226500";"3296";"197086.9"
"27388871000";"2226500";"3296";"197094.8"
"27389950000";"2226500";"3296";"197103.1"
"27391029000";"2226500";"3296";"197111.1"
"27392110000";"2226500";"3296";"197119.1"
"27393457000";"2226500";"3296";"197127.4"
"27394537000";"2127200";"3296";"197135.3"
"27395617000";"2127200";"3296";"197143.3"
"27396698000";"2127200";"3296";"197151.2"
"27397778000";"2127200";"3296";"197159.2"
"27399122000";"2127200";"3296";"197167.5"
"27400202000";"2127200";"3296";"197175.5"
"27401282000";"2127200";"3296";"197183.4"
"27402362000";"2184600";"3296";"197191.7"
"27403448000";"2184600";"3296";"197199.7"
"27404791000";"2184600";"3296";"197209.2"
"27405872000";"2184600";"3296";"197217.5"
"27406951000";"2184600";"3296";"197225.4"
"27408031000";"2184600";"3296";"197233.4"
"27409111000";"2227400";"3296";"197241.3"
"27410453000";"2227400";"3296";"197251.2"
"27411534000";"2227400";"3296";"197259.1"
"27412614000";"2227400";"3296";"197267.1"
"27413699000";"2227400";"3296";"197275.4"
"27414779000";"2227400";"3296";"197283.4"
"27416122000";"2176600";"3296";"197291.7"
"27417202000";"2176600";"3296";"197299.7"
"27418281000";"2176600";"3296";"197307.6"
"27419361000";"2176600";"3296";"197315.6"
"27420442000";"2176600";"3296";"197323.5"
"27421785000";"2176600";"3296";"197333.4"
"27422932000";"2207100";"3296";"197341.3"
"27424012000";"2207100";"3296";"197349.6"
"27425092000";"2207100";"3296";"197357.6"
"27426172000";"2207100";"3296";"197365.5"
"27427514000";"2207100";"3296";"197373.9"
"27428594000";"2207100";"3296";"197381.8"
"27429674000";"2207100";"3296";"197390.1"
"27430754000";"2200300";"3296";"197398.1"
"27431834000";"2200300";"3296";"197406.1"
"27433182000";"2200300";"3296";"197414.4"
"27434262000";"2200300";"3296";"197422.3"
"27435343000";"2200300";"3296";"197430.3"
"27436423000";"2200300";"3296";"197438.6"
"27437502000";"2200300";"3296";"197446.6"
"27438846000";"2169400";"3296";"197456.0"
"27439925000";"2169400";"3296";"197464.0"
"27441006000";"2169400";"3296";"197471.9"
"27442086000";"2169400";"3296";"197480.3"
"27443171000";"2169400";"3296";"197488.2"
"27444513000";"2169400";"3296";"197496.5"
"27445593000";"2169400";"3296";"197504.5"
"27446672000";"2184300";"3296";"197512.4"
"27447753000";"2184300";"3296";"197520.4"
"27448832000";"2184300";"3296";"197528.7"
"27450174000";"2184300";"3296";"197537.0"
"27451254000";"2184300";"3296";"197545.0"
"27452334000";"2184300";"3296";"197553.0"
"27453420000";"2184300";"3296";"197560.9"
"27454501000";"2183700";"3296";"197568.9"
"27455843000";"2183700";"3296";"197577.2"
"27456924000";"2183700";"3296";"197585.5"
"27458003000";"2183700";"3296";"197593.5"
"27459083000";"2183700";"3296";"197601.4"
"27460163000";"2183700";"3296";"197609.4"
"27461505000";"2183700";"3296";"197617.7"
"27462585000";"2128400";"3296";"197625.6"
"27463671000";"2128400";"3296";"197633.6"
"27464750000";"2128400";"3296";"197641.9"
"27465834000";"2128400";"3296";"197649.9"
"27467177000";"2128400";"3296";"197659.7"
"27468257000";"2128400";"3296";"197667.7"
"27469337000";"2243400";"3296";"197675.6"
"27470417000";"2243400";"3296";"197684.0"
"27471497000";"2243400";"3296";"197691.9"
"27472841000";"2243400";"3297";"197701.4"
"27473927000";"2243400";"3297";"197709.7"
"27475007000";"2243400";"3297";"197717.7"
"27476087000";"2244100";"3297";"197725.6"
"27477168000";"2244100";"3297";"197733.6"
"27478509000";"2244100";"3297";"197741.9"
"27479589000";"2244100";"3297";"197749.8"
"27480669000";"2244100";"3297";"197757.8"
"27481749000";"2244100";"3297";"197765.7"
"27482829000";"2244100";"3297";"197774.1"
"27484178000";"2112400";"3297";"197782.0"
"27485258000";"2112400";"3297";"197790.3"
"27486337000";"2112400";"3297";"197798.3"
"27487417000";"2112400";"3297";"197806.3"
"27488497000";"2112400";"3297";"197814.6"
"27489839000";"2112400";"3297";"197822.9"
"27490919000";"2112400";"3297";"197830.9"
"27491998000";"2201000";"3297";"197838.8"
"27493082000";"2201000";"3297";"197846.8"
"27494163000";"2201000";"3297";"197854.7"
"27495505000";"2201000";"3297";"197863.0"
"27496586000";"2201000";"3297";"197871.0"
"27497666000";"2201000";"3297";"197879.3"
"27498746000";"2201000";"3297";"197887.3"
"27499825000";"2183900";"3297";"197895.2"
"27501168000";"2183900";"3297";"197903.5"
"27502248000";"2183900";"3297";"197911.5"
"27503334000";"2183900";"3297";"197919.4"
"27504414000";"2183900";"3297";"197927.4"
"27505495000";"2183900";"3297";"197935.4"
"27506842000";"2183900";"3297";"197944.1"
"27507922000";"2125200";"3298";"197952.0"
"27509002000";"2125200";"3298";"197960.0"
"27510083000";"2125200";"3298";"197967.9"
"27511163000";"2125200";"3297";"197976.2"
"27512505000";"2125200";"3297";"197985.7"
"27513591000";"2125200";"3297";"197994.0"
"27514671000";"2244500";"3297";"198002.0"
"27515751000";"2244500";"3297";"198009.9"
"27516831000";"2244500";"3297";"198017.9"
"27518174000";"2244500";"3297";"198026.2"
"27519253000";"2244500";"3297";"198034.2"
"27520333000";"2244500";"3297";"198042.1"
"27521413000";"2244500";"3297";"198050.1"
"27522494000";"2170600";"3297";"198058.0"
"27523841000";"2170600";"3297";"198066.3"
"27524922000";"2170600";"3297";"198074.3"
"27526002000";"2170600";"3297";"198082.6"
"27527081000";"2170600";"3297";"198090.6"
"27528161000";"2170600";"3297";"198098.5"
"27529504000";"2170600";"3297";"198106.9"
"27530583000";"2127000";"3297";"198114.8"
"27531664000";"2127000";"3297";"198123.1"
"27532744000";"2127000";"3297";"198131.1"
"27533829000";"2127000";"3297";"198139.0"
"27535172000";"2127000";"3297";"198147.4"
"27536252000";"2127000";"3297";"198155.3"
"27537331000";"2127000";"3297";"198163.3"
"27538412000";"2198300";"3297";"198171.6"
"27539492000";"2198300";"3297";"198179.6"
"27540835000";"2198300";"3297";"198187.9"
"27541915000";"2198300";"3297";"198195.8"
"27543001000";"2198300";"3297";"198203.8"
"27544081000";"2198300";"3297";"198211.7"
"27545161000";"2198300";"3297";"198220.1"
"27546503000";"2169500";"3297";"198229.5"
"27547584000";"2169500";"3297";"198237.9"
"27548664000";"2169500";"3297";"198245.8"
"27549749000";"2169500";"3297";"198253.8"
"27550829000";"2169500";"3297";"198262.1"
"27552172000";"2169500";"3297";"198270.4"
"27553257000";"2169500";"3297";"198278.4"
"27554337000";"2196900";"3297";"198286.3"
"27555417000";"2196900";"3297";"198294.3"
"27556497000";"2196900";"3297";"198302.2"
"27557840000";"2196900";"3297";"198310.6"
"27558921000";"2196900";"3297";"198318.5"
"27560000000";"2196900";"3297";"198326.5"
"27561080000";"2196900";"3297";"198334.8"
"27562160000";"2185300";"3297";"198342.7"
"27563508000";"2185300";"3297";"198351.1"
"27564588000";"2185300";"3297";"198359.0"
"27565668000";"2185300";"3297";"198367.0"
"27566748000";"2185300";"3297";"198374.9"
"27567828000";"2185300";"3297";"198383.3"
"27569171000";"2185300";"3297";"198391.6"
"27570250000";"2126900";"3297";"198399.5"
"27571329000";"2126900";"3297";"198407.5"
"27572410000";"2126900";"3297";"198415.4"
"27573495000";"2126900";"3297";"198423.8"
"27574838000";"2126900";"3297";"198432.1"
"27575917000";"2126900";"3297";"198440.0"
"27576997000";"2126900";"3297";"198448.0"
"27578077000";"2184300";"3297";"198455.9"
"27579157000";"2184300";"3297";"198463.9"
"27580500000";"2184300";"3297";"198472.2"
"27581580000";"2184300";"3297";"198480.2"
"27582659000";"2184300";"3297";"198488.1"
"27583745000";"2184300";"3297";"198496.4"
"27584825000";"2184300";"3297";"198504.4"
"27586167000";"2127000";"3297";"198512.7"
"27587247000";"2127000";"3297";"198520.7"
"27588327000";"2127000";"3297";"198528.6"
"27589408000";"2127000";"3297";"198537.0"
"27590487000";"2127000";"3297";"198544.9"
"27591835000";"2127000";"3297";"198554.8"
"27592920000";"2243000";"3297";"198562.7"
"27594000000";"2243000";"3297";"198570.7"
"27595080000";"2243000";"3297";"198578.6"
"27596159000";"2243000";"3297";"198586.6"
"27597502000";"2243000";"3297";"198594.9"
"27598583000";"2243000";"3296";"198602.8"
"27599664000";"2243000";"3297";"198610.8"
"27600743000";"2185300";"3297";"198619.1"
"27601823000";"2185300";"3297";"198627.1"
"27603171000";"2185300";"3297";"198635.4"
"27604252000";"2185300";"3297";"198643.3"
"27605332000";"2185300";"3297";"198651.3"
"27606411000";"2185300";"3297";"198659.2"
"27607491000";"2185300";"3297";"198667.6"
"27608834000";"2126500";"3297";"198675.9"
"27609914000";"2126500";"3297";"198683.9"
"27610993000";"2126500";"3297";"198691.8"
"27612073000";"2126500";"3297";"198700.1"
"27613159000";"2126500";"3297";"198708.1"
"27614501000";"2126500";"3297";"198716.4"
"27615580000";"2126500";"3297";"198724.4"
"27616661000";"2184300";"3297";"198732.3"
"27617741000";"2184300";"3297";"198740.3"
"27618821000";"2184300";"3297";"198748.2"
"27620164000";"2184300";"3297";"198756.5"
"27621245000";"2184300";"3297";"198764.9"
"27622324000";"2184300";"3297";"198772.8"
"27623410000";"2184300";"3297";"198780.8"
"27624490000";"2183500";"3297";"198788.7"
"27625832000";"2183500";"3297";"198797.1"
"27626911000";"2183500";"3297";"198805.0"
"27627991000";"2183500";"3297";"198813.3"
"27629070000";"2183500";"3297";"198821.3"
"27630149000";"2183500";"3297";"198829.2"
"27631493000";"2183500";"3296";"198837.6"
"27632573000";"2143000";"3296";"198845.9"
"27633663000";"2143000";"3296";"198853.8"
"27634743000";"2143000";"3296";"198861.8"
"27635822000";"2143000";"3296";"198869.8"
"27637165000";"2143000";"3296";"198878.1"
"27638245000";"2143000";"3296";"198886.0"
"27639324000";"2143000";"3296";"198894.0"
"27640404000";"2183000";"3296";"198902.3"
"27641484000";"2183000";"3296";"198910.3"
"27642826000";"2183000";"3296";"198919.7"
"27643913000";"2183000";"3296";"198928.1"
"27644992000";"2183000";"3296";"198936.0"
"27646072000";"2183000";"3296";"198944.0"
"27647152000";"2227800";"3296";"198951.9"
"27648494000";"2227800";"3296";"198960.2"
"27649574000";"2227800";"3296";"198968.6"
"27650654000";"2227800";"3296";"198976.5"
"27651733000";"2227800";"3296";"198984.5"
"27652814000";"2227800";"3296";"198992.8"
"27654161000";"2227800";"3296";"199000.7"
"27655241000";"2141300";"3296";"199009.1"
"27656321000";"2141300";"3296";"199017.0"
"27657401000";"2141300";"3296";"199025.0"
"27658481000";"2141300";"3296";"199032.9"
"27659824000";"2141300";"3296";"199041.3"
"27660904000";"2141300";"3296";"199049.2"
"27661984000";"2141300";"3296";"199057.2"
"27663070000";"2183500";"3296";"199065.5"
"27664150000";"2183500";"3296";"199073.4"
"27665493000";"2183500";"3296";"199081.8"
"27666574000";"2183500";"3296";"199089.7"
"27667653000";"2183500";"3296";"199098.1"
"27668734000";"2183500";"3296";"199106.0"
"27669814000";"2183500";"3296";"199114.0"
"27671157000";"2127700";"3296";"199122.3"
"27672237000";"2127700";"3296";"199130.6"
"27673322000";"2127700";"3296";"199138.6"
"27674402000";"2127700";"3296";"199146.5"
"27675486000";"2127700";"3296";"199154.5"
"27676830000";"2127700";"3296";"199162.8"
"27677909000";"2127700";"3296";"199170.7"
"27678990000";"2182600";"3296";"199178.7"
"27680071000";"2182600";"3296";"199187.0"
"27681150000";"2182600";"3296";"199195.0"
"27682492000";"2182600";"3296";"199203.3"
"27683578000";"2182600";"3296";"199211.2"
"27684657000";"2182600";"3296";"199219.2"
"27685737000";"2182600";"3296";"199227.2"
"27686817000";"2198800";"3296";"199235.5"
"27688159000";"2198800";"3296";"199243.8"
"27689239000";"2198800";"3296";"199251.8"
"27690319000";"2198800";"3296";"199259.7"
"27691399000";"2198800";"3296";"199268.0"
"27692478000";"2198800";"3296";"199276.0"
"27693826000";"2198800";"3296";"199284.3"
"27694906000";"2127200";"3296";"199292.3"
"27695985000";"2127200";"3296";"199300.2"
"27697066000";"2127200";"3296";"199308.2"
"27698146000";"2127200";"3296";"199316.5"
"27699489000";"2127200";"3296";"199326.0"
"27700570000";"2127200";"3296";"199333.9"
"27701650000";"2246000";"3296";"199342.3"
"27702730000";"2246000";"3296";"199350.2"
"27703816000";"2246000";"3296";"199358.2"
"27705158000";"2246000";"3296";"199366.5"
"27706238000";"2246000";"3296";"199374.4"
"27707318000";"2246000";"3296";"199382.4"
"27708398000";"2246000";"3296";"199390.7"
"27709477000";"2184100";"3296";"199398.7"
"27710821000";"2184100";"3296";"199407.0"
"27711901000";"2184100";"3296";"199414.9"
"27712986000";"2184100";"3296";"199423.3"
"27714066000";"2184100";"3296";"199431.2"
"27715146000";"2184100";"3296";"199439.2"
"27716535000";"2184100";"3296";"199447.5"
"27717616000";"2128400";"3296";"199455.8"
"27718695000";"2128400";"3296";"199463.8"
"27719774000";"2128400";"3296";"199471.7"
"27720854000";"2128400";"3296";"199479.7"
"27722197000";"2128400";"3296";"199488.0"
"27723283000";"2128400";"3296";"199496.0"
"27724362000";"2128400";"3296";"199503.9"
"27725441000";"2169700";"3296";"199511.9"
"27726522000";"2169700";"3296";"199520.2"
"27727865000";"2169700";"3296";"199528.5"
"27728945000";"2169700";"3296";"199536.5"
"27730025000";"2169700";"3296";"199544.4"
"27731106000";"2169700";"3296";"199552.8"
"27732186000";"2169700";"3296";"199560.7"
"27733535000";"2140300";"3296";"199569.0"
"27734614000";"2140300";"3297";"199577.0"
"27735694000";"2140300";"3296";"199584.9"
"27736775000";"2140300";"3296";"199593.3"
"27737854000";"2140300";"3296";"199601.2"
"27739197000";"2140300";"3296";"199609.5"
"27740277000";"2140300";"3297";"199617.5"
"27741356000";"2185900";"3297";"199625.4"
"27742435000";"2185900";"3297";"199633.4"
"27743520000";"2185900";"3296";"199641.3"
"27744863000";"2185900";"3296";"199649.7"
"27745943000";"2185900";"3296";"199657.6"
"27747024000";"2185900";"3296";"199666.0"
"27748103000";"2185900";"3296";"199673.9"
"27749183000";"2184100";"3296";"199681.9"
"27750525000";"2184100";"3296";"199691.7"
"27751606000";"2184100";"3296";"199699.7"
"27752686000";"2184100";"3296";"199708.0"
"27753772000";"2184100";"3296";"199715.9"
"27754852000";"2184100";"3296";"199723.9"
"27756195000";"2176000";"3296";"199732.2"
"27757276000";"2176000";"3296";"199740.2"
"27758356000";"2176000";"3296";"199748.1"
"27759441000";"2176000";"3296";"199756.1"
"27760521000";"2176000";"3296";"199764.4"
"27761863000";"2176000";"3296";"199772.7"
"27762947000";"2176000";"3297";"199780.7"
"27764028000";"2182600";"3297";"199788.6"
"27765107000";"2182600";"3297";"199796.6"
"27766188000";"2182600";"3297";"199804.5"
"27767532000";"2182600";"3297";"199814.4"
"27768612000";"2182600";"3296";"199822.3"
"27769692000";"2182600";"3296";"199830.7"
"27770772000";"2246000";"3296";"199838.6"
"27771852000";"2246000";"3297";"199846.6"
"27773200000";"2246000";"3297";"199854.9"
"27774281000";"2246000";"3297";"199863.2"
"27775361000";"2246000";"3297";"199871.2"
"27776442000";"2246000";"3297";"199879.1"
"27777522000";"2246000";"3297";"199887.1"
"27778865000";"2183300";"3297";"199896.9"
"27779944000";"2183300";"3297";"199904.9"
"27781024000";"2183300";"3297";"199912.8"
"27782103000";"2183300";"3297";"199920.8"
"27783189000";"2183300";"3297";"199928.7"
"27784533000";"2183300";"3296";"199937.1"
"27785613000";"2183300";"3296";"199945.0"
"27786693000";"2183900";"3296";"199953.3"
"27787772000";"2183900";"3296";"199961.3"
"27788852000";"2183900";"3296";"199969.2"
"27790195000";"2183900";"3296";"199977.6"
"27791276000";"2183900";"3296";"199985.9"
"27792355000";"2183900";"3296";"199993.8"
"27793441000";"2183900";"3296";"200001.8"
"27794520000";"2184100";"3296";"200009.8"
"27795863000";"2184100";"3296";"200019.6"
"27796943000";"2184100";"3296";"200027.5"
"27798023000";"2184100";"3296";"200035.5"
"27799104000";"2184100";"3296";"200043.5"
"27800184000";"2184100";"3296";"200051.8"
"27801531000";"2225800";"3296";"200061.3"
"27802612000";"2225800";"3296";"200069.2"
"27803697000";"2225800";"3296";"200077.5"
"27804777000";"2225800";"3296";"200085.5"
"27805856000";"2225800";"3296";"200093.4"
"27807199000";"2225800";"3296";"200103.3"
"27808279000";"2244700";"3296";"200111.2"
"27809360000";"2244700";"3296";"200119.6"
"27810440000";"2244700";"3296";"200127.5"
"27811520000";"2244700";"3296";"200135.5"
"27812868000";"2244700";"3296";"200143.8"
"27813949000";"2244700";"3296";"200152.1"
"27815029000";"2244700";"3296";"200160.1"
"27816109000";"2198100";"3296";"200168.0"
"27817189000";"2198100";"3296";"200176.0"
"27818531000";"2198100";"3296";"200184.3"
"27819610000";"2198100";"3296";"200192.3"
"27820689000";"2198100";"3296";"200200.2"
"27821770000";"2198100";"3296";"200208.2"
"27822856000";"2198100";"3296";"200216.5"
"27824199000";"2127000";"3296";"200224.8"
"27825278000";"2127000";"3296";"200232.8"
"27826359000";"2127000";"3296";"200240.7"
"27827438000";"2127000";"3296";"200248.7"
"27828519000";"2127000";"3296";"200257.0"
"27829861000";"2127000";"3296";"200265.3"
"27830942000";"2127000";"3296";"200273.3"
"27832021000";"2185300";"3296";"200281.2"
"27833107000";"2185300";"3296";"200289.6"
"27834186000";"2185300";"3296";"200297.5"
"27835530000";"2185300";"3296";"200307.4"
"27836609000";"2185300";"3296";"200315.3"
"27837689000";"2185300";"3296";"200323.3"
"27838768000";"2245100";"3296";"200331.2"
"27839849000";"2245100";"3296";"200339.2"
"27841191000";"2245100";"3296";"200349.0"
"27842271000";"2245100";"3296";"200357.0"
"27843361000";"2245100";"3296";"200364.9"
"27844442000";"2245100";"3296";"200372.9"
"27845522000";"2242800";"3296";"200381.2"
"27846865000";"2242800";"3296";"200389.5"
"27847946000";"2242800";"3296";"200397.5"
"27849026000";"2242800";"3296";"200405.4"
"27850107000";"2242800";"3296";"200413.8"
"27851187000";"2242800";"3297";"200421.7"
"27852529000";"2242800";"3296";"200430.0"
"27853615000";"2126200";"3296";"200438.0"
"27854695000";"2126200";"3296";"200445.9"
"27855774000";"2126200";"3297";"200454.3"
"27856853000";"2126200";"3297";"200462.2"
"27858197000";"2126200";"3297";"200471.7"
"27859278000";"2126200";"3297";"200480.0"
"27860357000";"2246800";"3297";"200488.0"
"27861436000";"2246800";"3297";"200495.9"
"27862515000";"2246800";"3297";"200503.9"
"27863863000";"2246800";"3297";"200512.2"
"27864943000";"2246800";"3297";"200520.2"
"27866023000";"2246800";"3297";"200528.1"
"27867104000";"2246800";"3297";"200536.4"
"27868184000";"2184100";"3297";"200544.4"
"27869527000";"2184100";"3297";"200554.2"
"27870606000";"2184100";"3297";"200562.2"
"27871687000";"2184100";"3297";"200570.1"
"27872768000";"2184100";"3297";"200578.5"
"27873852000";"2184100";"3297";"200586.4"
"27875195000";"2176400";"3297";"200594.7"
"27876275000";"2176400";"3297";"200602.7"
"27877355000";"2176400";"3297";"200610.6"
"27878434000";"2176400";"3297";"200618.6"
"27879514000";"2176400";"3297";"200626.6"
"27880858000";"2176400";"3297";"200636.4"
"27881937000";"2229500";"3297";"200644.4"
"27883024000";"2229500";"3297";"200652.7"
"27884103000";"2229500";"3297";"200660.6"
"27885187000";"2229500";"3297";"200668.6"
"27886529000";"2229500";"3297";"200676.9"
"27887609000";"2229500";"3297";"200684.9"
"27888689000";"2229500";"3297";"200693.2"
"27889770000";"2197400";"3297";"200701.1"
"27890850000";"2197400";"3297";"200709.1"
"27892193000";"2197400";"3297";"200717.4"
"27893278000";"2197400";"3297";"200725.4"
"27894359000";"2197400";"3297";"200733.7"
"27895439000";"2197400";"3297";"200741.7"
"27896519000";"2197400";"3297";"200749.6"
"27897861000";"2126700";"3297";"200757.9"
"27898941000";"2126700";"3297";"200765.9"
"27900021000";"2126700";"3297";"200773.8"
"27901102000";"2126700";"3297";"200781.8"
"27902182000";"2126700";"3297";"200790.1"
"27903531000";"2126700";"3297";"200798.4"
"27904611000";"2126700";"3297";"200806.4"
"27905691000";"2183200";"3297";"200814.3"
"27906771000";"2183200";"3297";"200822.3"
"27907851000";"2183200";"3297";"200830.2"
"27909194000";"2183200";"3297";"200838.6"
"27910273000";"2183200";"3297";"200846.9"
"27911354000";"2183200";"3297";"200854.9"
"27912433000";"2183200";"3297";"200862.8"
"27913519000";"2198700";"3297";"200871.1"
"27914862000";"2198700";"3297";"200879.5"
"27915941000";"2198700";"3297";"200887.4"
"27917021000";"2198700";"3297";"200895.4"
"27918101000";"2198700";"3297";"200903.3"
"27919180000";"2198700";"3297";"200911.3"
"27920523000";"2198700";"3297";"200919.6"
"27921603000";"2114100";"3297";"200927.5"
"27922684000";"2114100";"3297";"200935.5"
"27923769000";"2114100";"3297";"200943.8"
"27924849000";"2114100";"3297";"200951.8"
"27926249000";"2114100";"3297";"200961.6"
"27927329000";"2114100";"3297";"200969.6"
"27928409000";"2225600";"3297";"200977.5"
"27929489000";"2225600";"3297";"200985.5"
"27930570000";"2225600";"3297";"200993.8"
"27931911000";"2225600";"3297";"201002.1"
"27932996000";"2225600";"3297";"201010.1"
"27934076000";"2225600";"3297";"201018.4"
"27935155000";"2225600";"3297";"201026.4"
"27936234000";"2199400";"3297";"201034.3"
"27937577000";"2199400";"3297";"201042.6"
"27938657000";"2199400";"3297";"201050.6"
"27939736000";"2199400";"3297";"201058.5"
"27940816000";"2199400";"3297";"201066.5"
"27941897000";"2199400";"3297";"201074.8"
"27943245000";"2160100";"3297";"201084.3"
"27944324000";"2160100";"3297";"201092.2"
"27945404000";"2160100";"3297";"201100.6"
"27946484000";"2160100";"3297";"201108.5"
"27947564000";"2160100";"3297";"201116.5"
"27948906000";"2160100";"3297";"201124.8"
"27949985000";"2160100";"3297";"201132.8"
"27951066000";"2200700";"3297";"201141.1"
"27952146000";"2200700";"3297";"201149.0"
"27953231000";"2200700";"3297";"201157.0"
"27954574000";"2200700";"3297";"201165.3"
"27955654000";"2200700";"3296";"201173.3"
"27956734000";"2200700";"3297";"201181.6"
"27957814000";"2200700";"3297";"201189.6"
"27958893000";"2184100";"3297";"201197.5"
"27960235000";"2184100";"3297";"201205.8"
"27961315000";"2184100";"3296";"201213.8"
"27962400000";"2184100";"3296";"201221.7"
"27963485000";"2184100";"3296";"201229.7"
"27964565000";"2184100";"3296";"201238.0"
"27965907000";"2158900";"3296";"201247.5"
"27966988000";"2158900";"3296";"201255.4"
"27968068000";"2158900";"3296";"201263.8"
"27969152000";"2158900";"3296";"201271.7"
"27970231000";"2158900";"3296";"201279.7"
"27971574000";"2158900";"3296";"201288.0"
"27972654000";"2158900";"3296";"201296.3"
"27973740000";"2197400";"3296";"201304.3"
"27974819000";"2197400";"3296";"201312.2"
"27975898000";"2197400";"3296";"201320.2"
"27977241000";"2197400";"3296";"201328.5"
"27978321000";"2197400";"3296";"201336.5"
"27979401000";"2197400";"3296";"201344.8"
"27980481000";"2197400";"3296";"201352.7"
"27981561000";"2185900";"3296";"201360.7"
"27982910000";"2185900";"3296";"201370.2"
"27983989000";"2185900";"3296";"201378.5"
"27985069000";"2185900";"3296";"201386.4"
"27986149000";"2185900";"3296";"201394.4"
"27987228000";"2185900";"3296";"201402.3"
"27988571000";"2160100";"3296";"201410.7"
"27989651000";"2160100";"3296";"201419.0"
"27990731000";"2160100";"3296";"201426.9"
"27991811000";"2160100";"3296";"201434.9"
"27992897000";"2160100";"3296";"201443.2"
"27994240000";"2160100";"3296";"201452.7"
"27995321000";"2261400";"3296";"201461.0"
"27996401000";"2261400";"3296";"201469.0"
"27997481000";"2261400";"3296";"201476.9"
"27998560000";"2261400";"3296";"201484.9"
"27999902000";"2261400";"3296";"201493.2"
"28000981000";"2261400";"3296";"201501.2"
"28002061000";"2261400";"3296";"201509.1"
"28003146000";"2169700";"3296";"201517.1"
"28004227000";"2169700";"3296";"201525.4"
"28005570000";"2169700";"3296";"201533.7"
"28006650000";"2169700";"3296";"201541.7"
"28007731000";"2169700";"3296";"201549.6"
"28008810000";"2169700";"3296";"201557.6"
"28009890000";"2169700";"3296";"201565.9"
"28011237000";"2198100";"3296";"201575.8"
"28012318000";"2198100";"3296";"201583.7"
"28013404000";"2198100";"3296";"201591.7"
"28014483000";"2198100";"3296";"201599.6"
"28015563000";"2198100";"3296";"201607.9"
"28016905000";"2198100";"3296";"201617.4"
"28017986000";"2227400";"3296";"201625.4"
"28019066000";"2227400";"3296";"201633.3"
"28020146000";"2227400";"3297";"201641.6"
"28021226000";"2227400";"3297";"201649.6"
"28022569000";"2227400";"3297";"201657.9"
"28023655000";"2227400";"3297";"201665.9"
"28024734000";"2227400";"3297";"201673.8"
"28025815000";"2198300";"3297";"201682.2"
"28026896000";"2198300";"3297";"201690.1"
"28028239000";"2198300";"3297";"201698.4"
"28029319000";"2198300";"3297";"201706.4"
"28030398000";"2198300";"3297";"201714.3"
"28031478000";"2198300";"3297";"201722.7"
"28032558000";"2198300";"3297";"201730.6"
"28033905000";"2126900";"3297";"201738.9"
"28034986000";"2126900";"3297";"201746.9"
"28036065000";"2126900";"3297";"201754.8"
"28037146000";"2126900";"3297";"201763.2"
"28038225000";"2126900";"3297";"201771.1"
"28039569000";"2126900";"3297";"201779.4"
"28040649000";"2126900";"3297";"201787.4"
"28041729000";"2185000";"3297";"201795.4"
"28042809000";"2185000";"3297";"201803.3"
"28043894000";"2185000";"3297";"201811.3"
"28045237000";"2185000";"3297";"201819.6"
"28046316000";"2185000";"3297";"201827.5"
"28047397000";"2185000";"3297";"201835.9"
"28048477000";"2185000";"3297";"201843.8"
"28049557000";"2184100";"3297";"201851.8"
"28050901000";"2184100";"3297";"201861.6"
"28051980000";"2184100";"3297";"201869.6"
"28053071000";"2184100";"3297";"201877.9"
"28054151000";"2184100";"3297";"201885.8"
"28055231000";"2184100";"3297";"201893.8"
"28056574000";"2240500";"3297";"201903.6"
"28057653000";"2240500";"3297";"201911.6"
"28058733000";"2240500";"3297";"201919.6"
"28059813000";"2240500";"3297";"201927.9"
"28060894000";"2240500";"3297";"201935.8"
"28062236000";"2240500";"3297";"201944.2"
"28063322000";"2240500";"3297";"201952.1"
"28064401000";"2183900";"3297";"201960.1"
"28065482000";"2183900";"3297";"201968.0"
"28066561000";"2183900";"3297";"201976.0"
"28067904000";"2183900";"3297";"201984.3"
"28068984000";"2183900";"3297";"201992.6"
"28070064000";"2183900";"3297";"202000.6"
"28071145000";"2183900";"3297";"202008.5"
"28072224000";"2200100";"3296";"202016.9"
"28073573000";"2200100";"3296";"202026.3"
"28074652000";"2200100";"3297";"202034.7"
"28075733000";"2200100";"3297";"202042.6"
"28076812000";"2200100";"3296";"202050.6"
"28077892000";"2200100";"3296";"202058.5"
"28079235000";"2226000";"3296";"202068.4"
"28080314000";"2226000";"3296";"202076.3"
"28081394000";"2226000";"3296";"202084.3"
"28082474000";"2226000";"3296";"202092.2"
"28083559000";"2226000";"3296";"202100.2"
"28084902000";"2226000";"3296";"202108.5"
"28085982000";"2226000";"3296";"202116.4"
"28087062000";"2184100";"3296";"202124.8"
"28088141000";"2184100";"3296";"202132.7"
"28089221000";"2184100";"3296";"202140.7"
"28090563000";"2184100";"3296";"202149.0"
"28091643000";"2184100";"3296";"202157.3"
"28092723000";"2184100";"3296";"202165.3"
"28093808000";"2184100";"3296";"202173.2"
"28094894000";"2182800";"3296";"202181.2"
"28096236000";"2182800";"3296";"202189.5"
"28097317000";"2182800";"3296";"202197.8"
"28098396000";"2182800";"3296";"202205.8"
"28099475000";"2182800";"3296";"202213.7"
"28100556000";"2182800";"3296";"202221.7"
"28101898000";"2178600";"3296";"202231.5"
"28102983000";"2178600";"3296";"202239.5"
"28104064000";"2178600";"3296";"202247.4"
"28105143000";"2178600";"3296";"202255.8"
"28106223000";"2178600";"3296";"202263.7"
"28107566000";"2178600";"3297";"202272.1"
"28108647000";"2178600";"3297";"202280.0"
"28109727000";"2183500";"3297";"202288.0"
"28110807000";"2183500";"3297";"202296.3"
"28111887000";"2183500";"3297";"202304.2"
"28113235000";"2183500";"3297";"202312.6"
"28114314000";"2183500";"3297";"202320.5"
"28115395000";"2183500";"3297";"202328.5"
"28116475000";"2183500";"3297";"202336.8"
"28117555000";"2198500";"3297";"202344.8"
"28118898000";"2198500";"3297";"202353.1"
"28119978000";"2198500";"3297";"202361.0"
"28121057000";"2198500";"3297";"202369.0"
"28122137000";"2198500";"3297";"202376.9"
"28123222000";"2198500";"3297";"202384.9"
"28124565000";"2160500";"3297";"202394.7"
"28125644000";"2160500";"3297";"202402.7"
"28126724000";"2160500";"3297";"202410.6"
"28127804000";"2160500";"3297";"202419.0"
"28128884000";"2160500";"3297";"202426.9"
"28130226000";"2160500";"3297";"202435.2"
"28131306000";"2160500";"3297";"202443.2"
"28132385000";"2200700";"3297";"202451.5"
"28133470000";"2200700";"3297";"202459.5"
"28134550000";"2200700";"3297";"202467.4"
"28135892000";"2200700";"3297";"202475.7"
"28136977000";"2200700";"3297";"202483.7"
"28138058000";"2200700";"3297";"202492.0"
"28139139000";"2200700";"3297";"202500.0"
"28140218000";"2182600";"3297";"202507.9"
"28141561000";"2182600";"3297";"202517.4"
"28142640000";"2182600";"3297";"202525.7"
"28143726000";"2182600";"3297";"202533.7"
"28144807000";"2182600";"3297";"202541.6"
"28145886000";"2182600";"3297";"202549.6"
"28147230000";"2159700";"3297";"202557.9"
"28148309000";"2159700";"3297";"202565.9"
"28149388000";"2159700";"3297";"202574.2"
"28150469000";"2159700";"3297";"202582.1"
"28151548000";"2159700";"3297";"202590.1"
"28152897000";"2159700";"3297";"202599.9"
"28153977000";"2245100";"3297";"202607.9"
"28155057000";"2245100";"3297";"202616.2"
"28156138000";"2245100";"3297";"202624.2"
"28157217000";"2245100";"3297";"202632.1"
"28158560000";"2245100";"3297";"202640.5"
"28159639000";"2245100";"3297";"202648.4"
"28160720000";"2245100";"3297";"202656.4"
"28161800000";"2185200";"3297";"202664.3"
"28162886000";"2185200";"3297";"202672.6"
"28164228000";"2185200";"3297";"202681.0"
"28165308000";"2185200";"3297";"202688.9"
"28166389000";"2185200";"3297";"202696.9"
"28167469000";"2185200";"3297";"202704.8"
"28168549000";"2185200";"3297";"202713.2"
"28169891000";"2140800";"3297";"202721.5"
"28170971000";"2140800";"3297";"202729.4"
"28172051000";"2140800";"3297";"202737.4"
"28173137000";"2140800";"3297";"202745.7"
"28174217000";"2140800";"3297";"202753.7"
"28175561000";"2140800";"3297";"202762.0"
"28176641000";"2140800";"3297";"202769.9"
"28177721000";"2183500";"3297";"202777.9"
"28178805000";"2183500";"3297";"202785.8"
"28179884000";"2183500";"3297";"202793.8"
"28181227000";"2183500";"3297";"202803.6"
"28182307000";"2183500";"3297";"202811.6"
"28183393000";"2183500";"3297";"202819.5"
"28184473000";"2243200";"3297";"202827.9"
"28185552000";"2243200";"3297";"202835.8"
"28186896000";"2243200";"3297";"202845.3"
"28187976000";"2243200";"3297";"202853.6"
"28189056000";"2243200";"3297";"202861.6"
"28190136000";"2243200";"3297";"202869.5"
"28191216000";"2246400";"3297";"202877.9"
"28192559000";"2246400";"3297";"202886.2"
"28193644000";"2246400";"3297";"202894.1"
"28194723000";"2246400";"3297";"202902.1"
"28195803000";"2246400";"3297";"202910.0"
"28196883000";"2246400";"3297";"202918.0"
"28198226000";"2160300";"3297";"202927.8"
"28199306000";"2160300";"3296";"202935.8"
"28200385000";"2160300";"3296";"202943.7"
"28201466000";"2160300";"3296";"202952.1"
"28202546000";"2160300";"3296";"202960.0"
"28203894000";"2160300";"3297";"202968.3"
"28204974000";"2160300";"3297";"202976.3"
"28206055000";"2183700";"3297";"202984.3"
"28207134000";"2183700";"3296";"202992.2"
"28208215000";"2183700";"3297";"203000.5"
"28209557000";"2183700";"3297";"203008.9"
"28210637000";"2183700";"3297";"203016.8"
"28211717000";"2183700";"3296";"203024.8"
"28212796000";"2183700";"3297";"203033.1"
"28213882000";"2198700";"3297";"203041.0"
"28215225000";"2198700";"3297";"203050.9"
"28216305000";"2198700";"3297";"203058.8"
"28217385000";"2198700";"3297";"203066.8"
"28218465000";"2198700";"3297";"203074.7"
"28219544000";"2198700";"3297";"203082.7"
"28220890000";"2160900";"3297";"203091.0"
"28221971000";"2160900";"3297";"203099.0"
"28223056000";"2160900";"3297";"203106.9"
"28224137000";"2160900";"3297";"203115.3"
"28225217000";"2160900";"3297";"203123.2"
"28226560000";"2160900";"3297";"203132.7"
"28227640000";"2244300";"3297";"203141.0"
"28228720000";"2244300";"3297";"203149.0"
"28229799000";"2244300";"3297";"203156.9"
"28230879000";"2244300";"3297";"203165.2"
"28232222000";"2244300";"3297";"203174.7"
"28233308000";"2244300";"3297";"203183.0"
"28234388000";"2244700";"3297";"203191.0"
"28235468000";"2244700";"3297";"203198.9"
"28236547000";"2244700";"3297";"203206.9"
"28237889000";"2244700";"3297";"203215.2"
"28238969000";"2244700";"3297";"203223.2"
"28240049000";"2244700";"3297";"203231.5"
"28241130000";"2244700";"3297";"203239.5"
"28242210000";"2185500";"3297";"203247.4"
"28243558000";"2185500";"3297";"203257.3"
"28244638000";"2185500";"3297";"203265.2"
"28245718000";"2185500";"3297";"203273.2"
"28246798000";"2185500";"3297";"203281.1"
"28247878000";"2185500";"3297";"203289.1"
"28249221000";"2226000";"3297";"203298.9"
"28250301000";"2226000";"3297";"203306.9"
"28251381000";"2226000";"3297";"203315.2"
"28252462000";"2226000";"3297";"203323.1"
"28253546000";"2226000";"3297";"203331.1"
"28254890000";"2226000";"3297";"203339.4"
"28255969000";"2226000";"3297";"203347.4"
"28257050000";"2198300";"3297";"203355.7"
"28258130000";"2198300";"3297";"203363.7"
"28259210000";"2198300";"3297";"203371.6"
"28260553000";"2198300";"3297";"203379.9"
"28261633000";"2198300";"3297";"203387.9"
"28262718000";"2198300";"3297";"203395.8"
"28263804000";"2198300";"3297";"203403.8"
"28264885000";"2181900";"3297";"203412.1"
"28266228000";"2181900";"3297";"203420.4"
"28267308000";"2181900";"3297";"203428.4"
"28268387000";"2181900";"3297";"203436.3"
"28269467000";"2181900";"3297";"203444.3"
"28270547000";"2181900";"3297";"203452.6"
"28271889000";"2181900";"3297";"203460.9"
"28272974000";"2127000";"3297";"203468.9"
"28274055000";"2127000";"3297";"203477.2"
"28275134000";"2127000";"3297";"203485.2"
"28276215000";"2127000";"3297";"203493.1"
"28277557000";"2127000";"3297";"203501.5"
"28278637000";"2127000";"3297";"203509.4"
"28279717000";"2127000";"3297";"203517.4"
"28280796000";"2185500";"3297";"203525.3"
"28281876000";"2185500";"3297";"203533.6"
"28283224000";"2185500";"3297";"203541.6"
"28284304000";"2185500";"3297";"203549.9"
"28285384000";"2185500";"3297";"203557.9"
"28286464000";"2185500";"3297";"203565.8"
"28287543000";"2185500";"3297";"203573.8"
"28288886000";"2127000";"3297";"203582.1"
"28289967000";"2127000";"3297";"203590.4"
"28291047000";"2127000";"3297";"203598.4"
"28292127000";"2127000";"3297";"203606.3"
"28293213000";"2127000";"3297";"203614.7"
"28294556000";"2127000";"3297";"203624.1"
"28295635000";"2261400";"3297";"203632.5"
"28296714000";"2261400";"3297";"203640.4"
"28297795000";"2261400";"3297";"203648.4"
"28298875000";"2261400";"3297";"203656.3"
"28300218000";"2261400";"3297";"203664.6"
"28301297000";"2261400";"3297";"203672.6"
"28302378000";"2261400";"3297";"203680.5"
"28303464000";"2169000";"3297";"203688.5"
"28304548000";"2169000";"3297";"203696.8"
"28305891000";"2169000";"3297";"203705.2"
"28306972000";"2169000";"3297";"203713.1"
"28308052000";"2169000";"3297";"203721.1"
"28309132000";"2169000";"3297";"203729.0"
"28310211000";"2169000";"3297";"203737.3"
"28311554000";"2141100";"3297";"203745.7"
"28312634000";"2141100";"3297";"203753.6"
"28313720000";"2141100";"3297";"203761.6"
"28314800000";"2141100";"3297";"203769.5"
"28315881000";"2141100";"3297";"203777.9"
"28317223000";"2141100";"3297";"203786.2"
"28318304000";"2141100";"3297";"203794.1"
"28319384000";"2183400";"3297";"203802.1"
"28320464000";"2183400";"3297";"203810.0"
"28321544000";"2183400";"3297";"203818.0"
"28322892000";"2183400";"3297";"203826.3"
"28323971000";"2183400";"3297";"203834.3"
"28325052000";"2183400";"3297";"203842.6"
"28326131000";"2183400";"3297";"203850.5"
"28327210000";"2184300";"3297";"203858.5"
"28328553000";"2184300";"3297";"203868.3"
"28329632000";"2184300";"3297";"203876.3"
"28330713000";"2184300";"3297";"203884.2"
"28331792000";"2184300";"3297";"203892.6"
"28332878000";"2184300";"3297";"203900.5"
"28334220000";"2242700";"3297";"203910.4"
"28335301000";"2242700";"3297";"203918.3"
"28336380000";"2242700";"3297";"203926.3"
"28337460000";"2242700";"3297";"203934.2"
"28338540000";"2242700";"3297";"203942.2"
"28339882000";"2242700";"3297";"203950.5"
"28340963000";"2242700";"3297";"203958.5"
"28342043000";"2185300";"3297";"203966.8"
"28343128000";"2185300";"3297";"203974.7"
"28344208000";"2185300";"3297";"203982.7"
"28345550000";"2185300";"3297";"203991.0"
"28346634000";"2185300";"3297";"203999.0"
"28347714000";"2185300";"3297";"204006.9"
"28348794000";"2185300";"3297";"204015.3"
"28349873000";"2183400";"3297";"204023.2"
"28351215000";"2183400";"3297";"204031.5"
"28352295000";"2183400";"3297";"204039.5"
"28353380000";"2183400";"3297";"204047.8"
"28354460000";"2183400";"3297";"204055.8"
"28355539000";"2183400";"3297";"204063.7"
"28356883000";"2183400";"3297";"204072.0"
"28357962000";"2127200";"3297";"204080.0"
"28359042000";"2127200";"3297";"204087.9"
"28360122000";"2127200";"3297";"204096.3"
"28361201000";"2127200";"3297";"204104.2"
"28362544000";"2127200";"3297";"204112.5"
"28363630000";"2127200";"3297";"204120.5"
"28364711000";"2127200";"3297";"204128.4"
"28365790000";"2183700";"3297";"204136.4"
"28366870000";"2183700";"3297";"204144.4"
"28368213000";"2183700";"3297";"204152.7"
"28369292000";"2183700";"3297";"204161.0"
"28370372000";"2183700";"3297";"204169.0"
"28371452000";"2183700";"3297";"204176.9"
"28372533000";"2183700";"3297";"204184.9"
"28373881000";"2126700";"3297";"204193.2"
"28374960000";"2126700";"3297";"204201.5"
"28376041000";"2126700";"3297";"204209.5"
"28377120000";"2126700";"3297";"204217.4"
"28378199000";"2126700";"3297";"204225.4"
"28379542000";"2126700";"3297";"204233.7"
"28380621000";"2126700";"3297";"204241.6"
"28381702000";"2185900";"3297";"204249.6"
"28382781000";"2185900";"3297";"204257.5"
"28383866000";"2185900";"3297";"204265.9"
"28385209000";"2185900";"3297";"204274.2"
"28386289000";"2185900";"3297";"204282.2"
"28387370000";"2185900";"3297";"204290.1"
"28388455000";"2185900";"3297";"204298.1"
"28389535000";"2197200";"3297";"204306.4"
"28390879000";"2197200";"3297";"204314.7"
"28391959000";"2197200";"3297";"204322.7"
"28393044000";"2197200";"3297";"204330.6"
"28394124000";"2197200";"3297";"204338.9"
"28395205000";"2197200";"3297";"204346.9"
"28396547000";"2197200";"3297";"204355.2"
"28397628000";"2126200";"3297";"204363.2"
"28398708000";"2126200";"3297";"204371.1"
"28399788000";"2126200";"3297";"204379.1"
"28400867000";"2126200";"3297";"204387.0"
"28402210000";"2126200";"3297";"204396.9"
"28403296000";"2126200";"3297";"204404.8"
"28404375000";"2227800";"3297";"204412.8"
"28405456000";"2227800";"3297";"204420.7"
"28406536000";"2227800";"3297";"204429.1"
"28407879000";"2227800";"3297";"204437.4"
"28408959000";"2227800";"3297";"204445.3"
"28410039000";"2227800";"3297";"204453.3"
"28411118000";"2227800";"3297";"204461.2"
"28412197000";"2200300";"3297";"204469.6"
"28413546000";"2200300";"3297";"204477.9"
"28414625000";"2200300";"3297";"204485.8"
"28415705000";"2200300";"3297";"204493.8"
"28416784000";"2200300";"3297";"204501.8"
"28417865000";"2200300";"3297";"204509.7"
"28419208000";"2160100";"3297";"204519.6"
"28420288000";"2160100";"3297";"204527.5"
"28421369000";"2160100";"3297";"204535.5"
"28422449000";"2160100";"3297";"204543.4"
"28423534000";"2160100";"3297";"204551.4"
"28424878000";"2160100";"3297";"204561.2"
"28425957000";"2227200";"3297";"204569.2"
"28427037000";"2227200";"3297";"204577.1"
"28428118000";"2227200";"3297";"204585.4"
"28429198000";"2227200";"3297";"204593.4"
"28430545000";"2227200";"3297";"204601.7"
"28431625000";"2227200";"3297";"204609.7"
"28432705000";"2227200";"3297";"204618.0"
"28433791000";"2197000";"3297";"204626.0"
"28434871000";"2197000";"3297";"204633.9"
"28436214000";"2197000";"3297";"204642.2"
"28437294000";"2197000";"3297";"204650.2"
"28438375000";"2197000";"3297";"204658.1"
"28439454000";"2197000";"3297";"204666.1"
"28440534000";"2197000";"3297";"204674.0"
"28441877000";"2113800";"3297";"204682.4"
"28442962000";"2113800";"3297";"204690.7"
"28444042000";"2113800";"3297";"204698.6"
"28445121000";"2113800";"3297";"204706.6"
"28446202000";"2113800";"3297";"204714.5"
"28447545000";"2113800";"3296";"204722.9"
"28448625000";"2113800";"3296";"204730.8"
"28449705000";"2198500";"3296";"204739.1"
"28450785000";"2198500";"3296";"204747.1"
"28451864000";"2198500";"3296";"204755.1"
"28453212000";"2198500";"3296";"204763.4"
"28454292000";"2198500";"3296";"204771.7"
"28455371000";"2198500";"3296";"204779.7"
"28456451000";"2198500";"3296";"204787.6"
"28457532000";"2184300";"3296";"204795.6"
"28458874000";"2184300";"3296";"204803.9"
"28459954000";"2184300";"3296";"204811.8"
"28461034000";"2184300";"3296";"204819.8"
"28462114000";"2184300";"3296";"204827.7"
"28463200000";"2184300";"3296";"204835.7"
"28464543000";"2184300";"3296";"204844.0"
"28465623000";"2112400";"3296";"204852.0"
"28466702000";"2112400";"3296";"204859.9"
"28467783000";"2112400";"3296";"204868.3"
"28468863000";"2112400";"3296";"204876.2"
"28470205000";"2112400";"3296";"204884.5"
"28471285000";"2112400";"3296";"204892.5"
"28472370000";"2112400";"3296";"204900.8"
"28473456000";"2197000";"3296";"204908.8"
"28474536000";"2197000";"3296";"204916.7"
"28475879000";"2197000";"3296";"204925.0"
"28476959000";"2197000";"3296";"204933.0"
"28478039000";"2197000";"3296";"204940.9"
"28479119000";"2197000";"3296";"204949.3"
"28480199000";"2197000";"3296";"204957.2"
"28481542000";"2170900";"3296";"204966.7"
"28482622000";"2170900";"3296";"204974.6"
"28483706000";"2170900";"3296";"204983.0"
"28484787000";"2170900";"3296";"204990.9"
"28485866000";"2170900";"3296";"204998.9"
"28487209000";"2170900";"3296";"205008.7"
"28488289000";"2245100";"3296";"205016.7"
"28489369000";"2245100";"3296";"205024.6"
"28490449000";"2245100";"3296";"205032.6"
"28491530000";"2245100";"3296";"205040.9"
"28492878000";"2245100";"3296";"205049.2"
"28493958000";"2245100";"3296";"205057.2"
"28495038000";"2245100";"3296";"205065.1"
"28496118000";"2198300";"3296";"205073.5"
"28497198000";"2198300";"3296";"205081.4"
"28498540000";"2198300";"3296";"205089.7"
"28499620000";"2198300";"3296";"205097.7"
"28500700000";"2198300";"3296";"205105.6"
"28501781000";"2198300";"3296";"205113.6"
"28502867000";"2198300";"3297";"205121.6"
"28504209000";"2169500";"3297";"205131.4"
"28505289000";"2169500";"3297";"205139.3"
"28506369000";"2169500";"3297";"205147.3"
"28507448000";"2169500";"3297";"205155.3"
"28508528000";"2169500";"3297";"205163.6"
"28509871000";"2169500";"3297";"205171.9"
"28510951000";"2169500";"3297";"205179.9"
"28512031000";"2185500";"3297";"205187.8"
"28513116000";"2185500";"3297";"205196.1"
"28514201000";"2185500";"3297";"205204.1"
"28515544000";"2185500";"3297";"205212.4"
"28516624000";"2185500";"3297";"205220.4"
"28517703000";"2185500";"3297";"205228.3"
"28518782000";"2185500";"3297";"205236.3"
"28519863000";"2182800";"3297";"205244.2"
"28521205000";"2182800";"3297";"205254.1"
"28522286000";"2182800";"3297";"205262.0"
"28523372000";"2182800";"3297";"205270.0"
"28524451000";"2182800";"3297";"205277.9"
"28525530000";"2182800";"3297";"205285.9"
"28526873000";"2160100";"3297";"205294.2"
"28527953000";"2160100";"3297";"205302.2"
"28529034000";"2160100";"3297";"205310.1"
"28530113000";"2160100";"3297";"205318.4"
"28531194000";"2160100";"3297";"205326.4"
"28532536000";"2160100";"3297";"205334.7"
"28533621000";"2160100";"3297";"205342.7"
"28534702000";"2198500";"3297";"205351.0"
"28535781000";"2198500";"3297";"205358.9"
"28536861000";"2198500";"3297";"205366.9"
"28538204000";"2198500";"3297";"205375.2"
"28539284000";"2198500";"3297";"205383.2"
"28540364000";"2198500";"3297";"205391.1"
"28541445000";"2198500";"3298";"205399.1"
"28542525000";"2170400";"3297";"205407.0"
"28543872000";"2170400";"3297";"205415.3"
"28544952000";"2170400";"3297";"205423.3"
"28546032000";"2170400";"3297";"205431.3"
"28547112000";"2170400";"3297";"205439.2"
"28548192000";"2170400";"3297";"205447.2"
"28549534000";"2170400";"3297";"205455.5"
"28550614000";"2127200";"3297";"205463.8"
"28551694000";"2127200";"3297";"205471.8"
"28552773000";"2127200";"3297";"205479.7"
"28553858000";"2127200";"3297";"205488.0"
"28555201000";"2127200";"3297";"205496.4"
"28556286000";"2127200";"3297";"205504.3"
"28557366000";"2127200";"3297";"205512.3"
"28558446000";"2182800";"3297";"205520.2"
"28559527000";"2182800";"3297";"205528.2"
"28560869000";"2182800";"3297";"205536.5"
"28561950000";"2182800";"3297";"205544.4"
"28563034000";"2182800";"3297";"205552.8"
"28564115000";"2182800";"3297";"205560.7"
"28565194000";"2182800";"3297";"205568.7"
"28566537000";"2169400";"3297";"205578.2"
"28567617000";"2169400";"3297";"205586.5"
"28568698000";"2169400";"3297";"205594.4"
"28569778000";"2169400";"3297";"205602.4"
"28570858000";"2169400";"3297";"205610.3"
"28572201000";"2169400";"3297";"205620.2"
"28573287000";"2244100";"3296";"205628.1"
"28574367000";"2244100";"3297";"205636.1"
"28575447000";"2244100";"3297";"205644.4"
"28576528000";"2244100";"3297";"205652.4"
"28577869000";"2244100";"3297";"205660.7"
"28578949000";"2244100";"3297";"205668.6"
"28580029000";"2244100";"3297";"205676.6"
"28581109000";"2185500";"3297";"205684.6"
"28582189000";"2185500";"3297";"205692.5"
"28583537000";"2185500";"3297";"205700.8"
"28584617000";"2185500";"3297";"205708.8"
"28585697000";"2185500";"3297";"205716.7"
"28586778000";"2185500";"3297";"205724.7"
"28587857000";"2185500";"3297";"205733.0"
"28589200000";"2169700";"3297";"205742.5"
"28590280000";"2169700";"3297";"205750.8"
"28591360000";"2169700";"3297";"205758.8"
"28592441000";"2169700";"3297";"205766.7"
"28593527000";"2169700";"3297";"205774.7"
"28594870000";"2169700";"3297";"205783.0"
"28595950000";"2169700";"3297";"205791.3"
"28597030000";"2197900";"3297";"205799.3"
"28598115000";"2197900";"3297";"205807.2"
"28599194000";"2197900";"3296";"205815.2"
"28600537000";"2197900";"3297";"205825.0"
"28601617000";"2197900";"3297";"205833.0"
"28602698000";"2197900";"3297";"205840.9"
"28603783000";"2225900";"3297";"205848.9"
"28604863000";"2225900";"3297";"205856.8"
"28606205000";"2225900";"3297";"205865.2"
"28607285000";"2225900";"3297";"205873.1"
"28608364000";"2225900";"3297";"205881.1"
"28609445000";"2225900";"3297";"205889.4"
"28610524000";"2225900";"3297";"205897.3"
"28611866000";"2128900";"3297";"205905.7"
"28612951000";"2128900";"3297";"205913.6"
"28614031000";"2128900";"3297";"205921.6"
"28615111000";"2128900";"3297";"205929.9"
"28616191000";"2128900";"3297";"205937.9"
"28617534000";"2128900";"3297";"205947.3"
"28618615000";"2227400";"3297";"205955.3"
"28619695000";"2227400";"3297";"205963.6"
"28620775000";"2227400";"3297";"205971.6"
"28621856000";"2227400";"3297";"205979.5"
"28623203000";"2227400";"3297";"205987.8"
"28624282000";"2227400";"3297";"205995.8"
"28625363000";"2227400";"3297";"206003.7"
"28626443000";"2183700";"3297";"206011.7"
"28627523000";"2183700";"3297";"206019.6"
"28628866000";"2183700";"3297";"206028.0"
"28629946000";"2183700";"3297";"206035.9"
"28631027000";"2183700";"3297";"206044.2"
"28632106000";"2183700";"3297";"206052.2"
"28633191000";"2183700";"3297";"206060.1"
"28634535000";"2126500";"3297";"206068.5"
"28635614000";"2126500";"3297";"206076.8"
"28636694000";"2126500";"3297";"206084.8"
"28637774000";"2126500";"3297";"206092.7"
"28638854000";"2126500";"3297";"206100.7"
"28640202000";"2126500";"3297";"206109.0"
"28641281000";"2126500";"3297";"206116.9"
"28642361000";"2184400";"3297";"206124.9"
"28643447000";"2184400";"3297";"206132.8"
"28644526000";"2184400";"3297";"206141.2"
"28645868000";"2184400";"3297";"206150.6"
"28646948000";"2184400";"3297";"206158.6"
"28648028000";"2184400";"3297";"206166.9"
"28649108000";"2244900";"3297";"206174.9"
"28650187000";"2244900";"3297";"206182.8"
"28651530000";"2244900";"3297";"206191.1"
"28652609000";"2244900";"3297";"206199.1"
"28653696000";"2244900";"3296";"206207.4"
"28654775000";"2244900";"3296";"206215.4"
"28655855000";"2244900";"3296";"206223.3"
"28657198000";"2127000";"3296";"206231.6"
"28658278000";"2127000";"3296";"206239.6"
"28659358000";"2127000";"3296";"206247.6"
"28660438000";"2127000";"3296";"206255.9"
"28661518000";"2127000";"3296";"206263.8"
"28662867000";"2127000";"3296";"206272.2"
"28663948000";"2127000";"3296";"206280.1"
"28665027000";"2183500";"3296";"206288.1"
"28666107000";"2183500";"3296";"206296.0"
"28667187000";"2183500";"3296";"206304.0"
"28668530000";"2183500";"3296";"206313.8"
"28669610000";"2183500";"3296";"206321.8"
"28670690000";"2183500";"3296";"206329.7"
"28671770000";"2246400";"3296";"206338.1"
"28672856000";"2246400";"3296";"206346.0"
"28674199000";"2246400";"3296";"206354.3"
"28675278000";"2246400";"3296";"206362.3"
"28676359000";"2246400";"3296";"206370.2"
"28677439000";"2246400";"3296";"206378.6"
"28678519000";"2246400";"3296";"206386.5"
"28679862000";"2126400";"3296";"206394.8"
"28680942000";"2126400";"3296";"206402.8"
"28682026000";"2126400";"3296";"206410.7"
"28683112000";"2126400";"3296";"206419.1"
"28684192000";"2126400";"3296";"206427.0"
"28685536000";"2126400";"3296";"206436.9"
"28686616000";"2242800";"3297";"206444.8"
"28687695000";"2242800";"3297";"206452.8"
"28688775000";"2242800";"3297";"206460.7"
"28689854000";"2242800";"3297";"206468.7"
"28691198000";"2242800";"3297";"206477.0"
"28692278000";"2242800";"3297";"206485.3"
"28693363000";"2242800";"3296";"206493.3"
"28694444000";"2183900";"3296";"206501.2"
"28695525000";"2183900";"3296";"206509.6"
"28696867000";"2183900";"3296";"206517.5"
"28697948000";"2183900";"3296";"206525.8"
"28699029000";"2183900";"3296";"206533.8"
"28700109000";"2183900";"3297";"206541.7"
"28701189000";"2183900";"3296";"206549.7"
"28702531000";"2184700";"3297";"206559.5"
"28703616000";"2184700";"3297";"206567.5"
"28704697000";"2184700";"3297";"206575.4"
"28705777000";"2184700";"3297";"206583.4"
"28706857000";"2184700";"3297";"206591.4"
"28708199000";"2184700";"3297";"206601.2"
"28709279000";"2227800";"3297";"206609.1"
"28710360000";"2227800";"3297";"206617.1"
"28711440000";"2227800";"3297";"206625.4"
"28712519000";"2227800";"3297";"206633.4"
"28713867000";"2227800";"3297";"206643.2"
"28714947000";"2227800";"3297";"206651.2"
"28716026000";"2245100";"3297";"206659.1"
"28717106000";"2245100";"3297";"206667.1"
"28718186000";"2245100";"3297";"206675.4"
"28719530000";"2245100";"3296";"206683.4"
"28720609000";"2245100";"3296";"206691.7"
"28721690000";"2245100";"3296";"206699.6"
"28722770000";"2245100";"3296";"206707.6"
"28723860000";"2182100";"3297";"206715.6"
"28725202000";"2182100";"3297";"206723.9"
"28726282000";"2182100";"3297";"206731.8"
"28727361000";"2182100";"3297";"206739.8"
"28728441000";"2182100";"3296";"206747.7"
"28729521000";"2182100";"3296";"206756.1"
"28730864000";"2182100";"3296";"206764.4"
"28731944000";"2128600";"3297";"206772.3"
"28733030000";"2128600";"3297";"206780.7"
"28734110000";"2128600";"3297";"206788.6"
"28735189000";"2128600";"3297";"206796.6"
"28736531000";"2128600";"3297";"206806.4"
"28737612000";"2128600";"3296";"206814.4"
"28738691000";"2245100";"3297";"206822.3"
"28739770000";"2245100";"3296";"206830.3"
"28740850000";"2245100";"3296";"206838.2"
"28742193000";"2245100";"3296";"206846.5"
"28743278000";"2245100";"3296";"206854.5"
"28744359000";"2245100";"3296";"206862.8"
"28745439000";"2245100";"3296";"206870.8"
"28746519000";"2183900";"3296";"206878.7"
"28747861000";"2183900";"3296";"206887.1"
"28748942000";"2183900";"3297";"206895.0"
"28750022000";"2183900";"3297";"206903.0"
"28751102000";"2183900";"3297";"206911.3"
"28752183000";"2183900";"3297";"206919.2"
"28753531000";"2183900";"3297";"206927.6"
"28754611000";"2126400";"3297";"206935.5"
"28755690000";"2126400";"3297";"206943.5"
"28756771000";"2126400";"3297";"206951.8"
"28757851000";"2126400";"3297";"206959.8"
"28759194000";"2126400";"3297";"206968.1"
"28760274000";"2126400";"3297";"206976.0"
"28761354000";"2126400";"3297";"206984.0"
"28762434000";"2185200";"3297";"206991.9"
"28763520000";"2185200";"3297";"206999.9"
"28764862000";"2185200";"3297";"207009.7"
"28765946000";"2185200";"3297";"207017.7"
"28767025000";"2185200";"3297";"207025.6"
"28768106000";"2185200";"3297";"207033.6"
"28769186000";"2243400";"3297";"207041.9"
"28770529000";"2243400";"3297";"207051.8"
"28771608000";"2243400";"3297";"207059.7"
"28772688000";"2243400";"3297";"207067.7"
"28773774000";"2243400";"3297";"207075.6"
"28774854000";"2243400";"3297";"207084.0"
"28776197000";"2176600";"3297";"207092.3"
"28777276000";"2176600";"3297";"207100.2"
"28778355000";"2176600";"3297";"207108.2"
"28779435000";"2176600";"3297";"207116.1"
"28780515000";"2176600";"3297";"207124.1"
"28781857000";"2176600";"3297";"207132.4"
"28782943000";"2176600";"3297";"207140.7"
"28784023000";"2184400";"3297";"207148.7"
"28785103000";"2184400";"3297";"207156.6"
"28786183000";"2184400";"3297";"207164.6"
"28787526000";"2184400";"3297";"207172.9"
"28788606000";"2184400";"3297";"207180.9"
"28789686000";"2184400";"3297";"207188.8"
"28790767000";"2184400";"3297";"207197.2"
"28791846000";"2185200";"3297";"207205.1"
"28793193000";"2185200";"3297";"207213.4"
"28794274000";"2185200";"3297";"207221.4"
"28795354000";"2185200";"3297";"207229.7"
"28796434000";"2185200";"3297";"207237.7"
"28797514000";"2185200";"3297";"207245.6"
"28798856000";"2185200";"3297";"207253.9"
"28799935000";"2127200";"3297";"207261.9"
"28801015000";"2127200";"3297";"207269.8"
"28802095000";"2127200";"3297";"207277.8"
"28803180000";"2127200";"3297";"207285.7"
"28804522000";"2127200";"3297";"207294.1"
"28805603000";"2127200";"3297";"207302.0"
"28806683000";"2127200";"3297";"207310.3"
"28807768000";"2182500";"3297";"207318.3"
"28808848000";"2182500";"3297";"207326.3"
"28810190000";"2182500";"3297";"207334.6"
"28811271000";"2182500";"3297";"207342.5"
"28812350000";"2182500";"3297";"207350.9"
"28813436000";"2182500";"3297";"207358.8"
"28814515000";"2182500";"3297";"207366.8"
"28815858000";"2126900";"3296";"207375.1"
"28816938000";"2126900";"3296";"207383.0"
"28818018000";"2126900";"3296";"207391.4"
"28819098000";"2126900";"3296";"207399.3"
"28820178000";"2126900";"3297";"207407.3"
"28821521000";"2126900";"3297";"207415.6"
"28822602000";"2126900";"3297";"207423.5"
"28823687000";"2183500";"3297";"207431.5"
"28824767000";"2183500";"3296";"207439.8"
"28825847000";"2183500";"3296";"207447.8"
"28827190000";"2183500";"3296";"207456.1"
"28828269000";"2183500";"3296";"207464.1"
"28829349000";"2183500";"3296";"207472.0"
"28830429000";"2183500";"3296";"207480.0"
"28831509000";"2200500";"3296";"207488.3"
"28832858000";"2200500";"3296";"207496.6"
"28833937000";"2200500";"3296";"207504.6"
"28835016000";"2200500";"3296";"207512.5"
"28836096000";"2200500";"3296";"207520.5"
"28837177000";"2200500";"3297";"207528.8"
"28838518000";"2200500";"3297";"207537.1"
"28839598000";"2127000";"3297";"207545.1"
"28840677000";"2127000";"3297";"207553.0"
"28841758000";"2127000";"3297";"207561.0"
"28842838000";"2127000";"3297";"207568.9"
"28844186000";"2127000";"3297";"207577.3"
"28845265000";"2127000";"3297";"207585.2"
"28846346000";"2127000";"3297";"207593.2"
"28847427000";"2169000";"3297";"207601.1"
"28848506000";"2169000";"3297";"207609.4"
"28849854000";"2169000";"3297";"207617.8"
"28850933000";"2169000";"3297";"207625.7"
"28852013000";"2169000";"3297";"207633.7"
"28853099000";"2169000";"3297";"207642.0"
"28854179000";"2169000";"3297";"207650.0"
"28855523000";"2139600";"3297";"207658.3"
"28856603000";"2139600";"3296";"207666.2"
"28857683000";"2139600";"3296";"207674.6"
"28858762000";"2139600";"3297";"207682.5"
"28859843000";"2139600";"3297";"207690.5"
"28861185000";"2139600";"3297";"207698.8"
"28862266000";"2139600";"3297";"207706.7"
"28863351000";"2183700";"3297";"207714.7"
"28864431000";"2183700";"3296";"207722.6"
"28865511000";"2183700";"3296";"207730.6"
"28866855000";"2183700";"3296";"207738.9"
"28867935000";"2183700";"3297";"207746.9"
"28869015000";"2183700";"3297";"207755.2"
"28870096000";"2183700";"3297";"207763.1"
"28871175000";"2185000";"3297";"207771.1"
"28872519000";"2185000";"3297";"207779.4"
"28873604000";"2185000";"3297";"207787.8"
"28874684000";"2185000";"3297";"207795.7"
"28875763000";"2185000";"3297";"207803.7"
"28876844000";"2185000";"3297";"207811.6"
"28878186000";"2185000";"3297";"207819.9"
"28879266000";"2126700";"3296";"207827.9"
"28880346000";"2126700";"3297";"207836.2"
"28881426000";"2126700";"3297";"207844.2"
"28882505000";"2126700";"3297";"207852.1"
"28883853000";"2126700";"3296";"207860.4"
"28884933000";"2126700";"3297";"207868.4"
"28886013000";"2126700";"3297";"207876.3"
"28887093000";"2184100";"3297";"207884.3"
"28888174000";"2184100";"3297";"207892.3"
"28889516000";"2184100";"3296";"207900.6"
"28890596000";"2184100";"3296";"207908.9"
"28891681000";"2184100";"3297";"207916.9"
"28892761000";"2184100";"3296";"207924.8"
"28893847000";"2184100";"3296";"207932.8"
"28895189000";"2125300";"3296";"207941.1"
"28896270000";"2125300";"3296";"207949.4"
"28897349000";"2125300";"3296";"207957.4"
"28898429000";"2125300";"3296";"207965.3"
"28899509000";"2125300";"3296";"207973.3"
"28900851000";"2125300";"3296";"207983.1"
"28901931000";"2246800";"3296";"207991.1"
"28903017000";"2246800";"3296";"207999.0"
"28904096000";"2246800";"3296";"208007.0"
"28905176000";"2246800";"3296";"208015.3"
"28906519000";"2246800";"3296";"208023.6"
"28907599000";"2246800";"3296";"208031.6"
"28908679000";"2246800";"3296";"208039.5"
"28909758000";"2184100";"3296";"208047.5"
"28910839000";"2184100";"3296";"208055.4"
"28912182000";"2184100";"3296";"208065.3"
"28913269000";"2184100";"3296";"208073.6"
"28914348000";"2184100";"3296";"208081.6"
"28915429000";"2184100";"3296";"208089.5"
"28916508000";"2244100";"3296";"208097.5"
"28917852000";"2244100";"3296";"208105.8"
"28918933000";"2244100";"3296";"208113.7"
"28920012000";"2244100";"3296";"208121.7"
"28921093000";"2244100";"3296";"208130.0"
"28922172000";"2244100";"3296";"208138.0"
"28923521000";"2244100";"3296";"208146.3"
"28924601000";"2126400";"3296";"208154.3"
"28925681000";"2126400";"3296";"208162.2"
"28926761000";"2126400";"3296";"208170.2"
"28927840000";"2126400";"3296";"208178.1"
"28929183000";"2126400";"3296";"208186.4"
"28930264000";"2126400";"3296";"208194.4"
"28931344000";"2126400";"3296";"208202.7"
"28932425000";"2185000";"3296";"208210.7"
"28933515000";"2185000";"3296";"208218.6"
"28934858000";"2185000";"3296";"208228.5"
"28935937000";"2185000";"3296";"208236.4"
"28937018000";"2185000";"3296";"208244.4"
"28938098000";"2185000";"3296";"208252.7"
"28939178000";"2242800";"3296";"208260.7"
"28940521000";"2242800";"3296";"208269.0"
"28941601000";"2242800";"3296";"208276.9"
"28942682000";"2242800";"3296";"208284.9"
"28943767000";"2242800";"3296";"208292.8"
"28944848000";"2242800";"3296";"208300.8"
"28946192000";"2159300";"3296";"208310.6"
"28947271000";"2159300";"3296";"208318.6"
"28948350000";"2159300";"3296";"208326.5"
"28949431000";"2159300";"3296";"208334.5"
"28950510000";"2159300";"3296";"208342.8"
"28951853000";"2159300";"3297";"208351.1"
"28952938000";"2159300";"3296";"208359.1"
"28954018000";"2199000";"3296";"208367.4"
"28955098000";"2199000";"3297";"208375.4"
"28956178000";"2199000";"3296";"208383.3"
"28957522000";"2199000";"3296";"208391.6"
"28958602000";"2199000";"3296";"208399.6"
"28959681000";"2199000";"3296";"208407.6"
"28960762000";"2199000";"3297";"208415.9"
"28961842000";"2185000";"3297";"208423.8"
"28963189000";"2185000";"3297";"208432.2"
"28964269000";"2185000";"3297";"208440.1"
"28965349000";"2185000";"3297";"208448.1"
"28966430000";"2185000";"3297";"208456.0"
"28967509000";"2185000";"3297";"208464.0"
"28968851000";"2160500";"3297";"208473.8"
"28969932000";"2160500";"3297";"208481.8"
"28971012000";"2160500";"3296";"208489.7"
"28972092000";"2160500";"3296";"208498.0"
"28973177000";"2160500";"3296";"208506.0"
"28974519000";"2160500";"3296";"208514.3"
"28975604000";"2160500";"3296";"208522.3"
"28976685000";"2182300";"3297";"208530.2"
"28977765000";"2182300";"3297";"208538.6"
"28978844000";"2182300";"3296";"208546.5"
"28980187000";"2182300";"3296";"208554.8"
"28981267000";"2182300";"3296";"208562.8"
"28982348000";"2182300";"3296";"208570.7"
"28983433000";"2182300";"3296";"208578.7"
"28984513000";"2183900";"3296";"208586.6"
"28985856000";"2183900";"3296";"208595.0"
"28986936000";"2183900";"3296";"208602.9"
"28988017000";"2183900";"3296";"208610.9"
"28989097000";"2183900";"3296";"208619.2"
"28990177000";"2183900";"3297";"208627.2"
"28991521000";"2183900";"3297";"208635.5"
"28992600000";"2127700";"3297";"208643.4"
"28993686000";"2127700";"3297";"208651.8"
"28994766000";"2127700";"3296";"208659.7"
"28995846000";"2127700";"3296";"208667.7"
"28997188000";"2127700";"3296";"208676.0"
"28998269000";"2127700";"3296";"208683.9"
"28999349000";"2127700";"3296";"208691.9"
"29000430000";"2198100";"3296";"208700.2"
"29001510000";"2198100";"3296";"208708.2"
"29002858000";"2198100";"3296";"208716.5"
"29003938000";"2198100";"3296";"208724.4"
"29005018000";"2198100";"3297";"208732.4"
"29006097000";"2198100";"3296";"208740.3"
"29007177000";"2198100";"3296";"208748.3"
"29008519000";"2112900";"3296";"208756.6"
"29009598000";"2112900";"3296";"208764.6"
"29010678000";"2112900";"3297";"208772.5"
"29011758000";"2112900";"3297";"208780.9"
"29012837000";"2112900";"3297";"208788.8"
"29014185000";"2112900";"3297";"208797.1"
"29015265000";"2112900";"3297";"208805.1"
"29016345000";"2199200";"3297";"208813.4"
"29017430000";"2199200";"3297";"208821.4"
"29018510000";"2199200";"3297";"208829.3"
"29019853000";"2199200";"3297";"208837.6"
"29020933000";"2199200";"3297";"208845.6"
"29022013000";"2199200";"3297";"208853.5"
"29023098000";"2199200";"3297";"208861.9"
"29024178000";"2182300";"3297";"208869.8"
"29025520000";"2182300";"3297";"208878.2"
"29026599000";"2182300";"3297";"208886.1"
"29027680000";"2182300";"3297";"208894.1"
"29028760000";"2182300";"3297";"208902.0"
"29029840000";"2182300";"3297";"208910.0"
"29031182000";"2182300";"3297";"208918.3"
"29032263000";"2128400";"3297";"208926.6"
"29033347000";"2128400";"3297";"208934.6"
"29034427000";"2128400";"3297";"208942.5"
"29035507000";"2128400";"3297";"208950.9"
"29036850000";"2128400";"3297";"208960.3"
"29037930000";"2128400";"3297";"208968.3"
"29039009000";"2245100";"3297";"208976.6"
"29040090000";"2245100";"3297";"208984.6"
"29041169000";"2245100";"3297";"208992.5"
"29042512000";"2245100";"3297";"209000.8"
"29043597000";"2245100";"3297";"209008.8"
"29044676000";"2245100";"3297";"209016.7"
"29045755000";"2245100";"3297";"209024.7"
"29046835000";"2169900";"3297";"209032.6"
"29048178000";"2169900";"3297";"209041.0"
"29049259000";"2169900";"3297";"209048.9"
"29050338000";"2169900";"3297";"209057.2"
"29051418000";"2169900";"3297";"209065.2"
"29052497000";"2169900";"3297";"209073.1"
"29053846000";"2169900";"3297";"209081.5"
"29054926000";"2126700";"3297";"209089.4"
"29056006000";"2126700";"3297";"209097.7"
"29057086000";"2126700";"3297";"209105.7"
"29058166000";"2126700";"3297";"209113.7"
"29059513000";"2126700";"3297";"209122.0"
"29060592000";"2126700";"3297";"209129.9"
"29061672000";"2126700";"3297";"209137.9"
"29062752000";"2184300";"3297";"209145.8"
"29063837000";"2184300";"3297";"209153.8"
"29065179000";"2184300";"3297";"209162.1"
"29066259000";"2184300";"3297";"209170.1"
"29067338000";"2184300";"3297";"209178.4"
"29068419000";"2184300";"3297";"209186.3"
"29069499000";"2184300";"3297";"209194.3"
"29070841000";"2127200";"3297";"209202.6"
"29071920000";"2127200";"3297";"209210.6"
"29073006000";"2127200";"3297";"209218.9"
"29074086000";"2127200";"3297";"209226.9"
"29075166000";"2127200";"3296";"209234.8"
"29076509000";"2127200";"3296";"209244.6"
"29077589000";"2244700";"3296";"209252.6"
"29078670000";"2244700";"3296";"209260.6"
"29079750000";"2244700";"3296";"209268.9"
"29080830000";"2244700";"3296";"209276.8"
"29082172000";"2244700";"3296";"209285.2"
"29083258000";"2244700";"3296";"209293.1"
"29084339000";"2244700";"3296";"209301.1"
"29085419000";"2183400";"3296";"209309.0"
"29086498000";"2183400";"3296";"209317.0"
"29087841000";"2183400";"3297";"209325.3"
"29088921000";"2183400";"3296";"209333.2"
"29090001000";"2183400";"3297";"209341.6"
"29091081000";"2183400";"3297";"209349.5"
"29092161000";"2183400";"3297";"209357.5"
"29093509000";"2126900";"3297";"209365.8"
"29094589000";"2126900";"3297";"209373.7"
"29095669000";"2126900";"3297";"209382.1"
"29096750000";"2126900";"3297";"209390.0"
"29097829000";"2126900";"3297";"209398.0"
"29099171000";"2126900";"3297";"209406.3"
"29100251000";"2126900";"3296";"209414.3"
"29101336000";"2184300";"3297";"209422.2"
"29102416000";"2184300";"3297";"209430.2"
"29103500000";"2184300";"3297";"209438.1"
"29104842000";"2184300";"3297";"209448.0"
"29105922000";"2184300";"3297";"209455.9"
"29107002000";"2184300";"3297";"209463.9"
"29108081000";"2228400";"3297";"209471.8"
"29109162000";"2228400";"3297";"209479.8"
"29110505000";"2228400";"3297";"209488.1"
"29111584000";"2228400";"3297";"209496.0"
"29112664000";"2228400";"3297";"209504.4"
"29113749000";"2228400";"3297";"209512.3"
"29114828000";"2228400";"3296";"209520.3"
"29116172000";"2126900";"3297";"209528.6"
"29117252000";"2126900";"3296";"209536.6"
"29118332000";"2126900";"3296";"209544.9"
"29119412000";"2126900";"3297";"209552.8"
"29120492000";"2126900";"3297";"209560.8"
"29121834000";"2126900";"3297";"209570.3"
"29122919000";"2244900";"3297";"209578.6"
"29123998000";"2244900";"3297";"209586.5"
"29125079000";"2244900";"3297";"209594.5"
"29126158000";"2244900";"3297";"209602.4"
"29127500000";"2244900";"3297";"209610.8"
"29128581000";"2244900";"3297";"209618.7"
"29129660000";"2244900";"3297";"209626.7"
"29130740000";"2171100";"3297";"209634.6"
"29131820000";"2171100";"3297";"209642.6"
"29133168000";"2171100";"3297";"209650.9"
"29134249000";"2171100";"3297";"209659.2"
"29135329000";"2171100";"3297";"209667.2"
"29136409000";"2171100";"3297";"209675.1"
"29137488000";"2171100";"3297";"209683.1"
"29138832000";"2126400";"3297";"209691.4"
"29139913000";"2126400";"3297";"209699.4"
"29140992000";"2126400";"3296";"209707.3"
"29142073000";"2126400";"3296";"209715.6"
"29143163000";"2126400";"3297";"209723.6"
"29144505000";"2126400";"3297";"209731.9"
"29145584000";"2126400";"3297";"209739.9"
"29146664000";"2182800";"3297";"209747.8"
"29147744000";"2182800";"3297";"209755.8"
"29148824000";"2182800";"3297";"209763.7"
"29150167000";"2182800";"3297";"209772.0"
"29151247000";"2182800";"3297";"209780.0"
"29152327000";"2182800";"3297";"209788.3"
"29153413000";"2182800";"3297";"209796.3"
"29154492000";"2183900";"3297";"209804.2"
"29155835000";"2183900";"3297";"209812.6"
"29156915000";"2183900";"3297";"209820.9"
"29157994000";"2183900";"3297";"209828.8"
"29159073000";"2183900";"3297";"209836.8"
"29160153000";"2183900";"3297";"209844.7"
"29161495000";"2183900";"3297";"209853.1"
"29162575000";"2128700";"3297";"209861.0"
"29163660000";"2128700";"3297";"209869.0"
"29164739000";"2128700";"3297";"209876.9"
"29165820000";"2128700";"3297";"209884.9"
"29167164000";"2128700";"3297";"209893.2"
"29168244000";"2128700";"3297";"209901.1"
"29169324000";"2128700";"3297";"209909.5"
"29170404000";"2183500";"3297";"209917.4"
"29171484000";"2183500";"3297";"209925.4"
"29172828000";"2183500";"3297";"209933.7"
"29173913000";"2183500";"3297";"209941.7"
"29174993000";"2183500";"3297";"209950.0"
"29176073000";"2183500";"3297";"209957.9"
"29177152000";"2183500";"3297";"209965.9"
"29178494000";"2126900";"3297";"209974.2"
"29179575000";"2126900";"3296";"209982.2"
"29180654000";"2126900";"3296";"209990.1"
"29181735000";"2126900";"3296";"209998.1"
"29182814000";"2126900";"3296";"210006.4"
"29184162000";"2126900";"3296";"210014.3"
"29185247000";"2126900";"3296";"210022.7"
"29186326000";"2182800";"3296";"210030.6"
"29187406000";"2182800";"3296";"210038.6"
"29188485000";"2182800";"3296";"210046.5"
"29189828000";"2182800";"3296";"210054.9"
"29190907000";"2182800";"3296";"210062.8"
"29191987000";"2182800";"3296";"210071.1"
"29193072000";"2182800";"3296";"210079.1"
"29194153000";"2184300";"3296";"210087.0"
"29195495000";"2184300";"3296";"210095.4"
"29196576000";"2184300";"3296";"210103.7"
"29197655000";"2184300";"3296";"210111.6"
"29198735000";"2184300";"3296";"210119.6"
"29199815000";"2184300";"3296";"210127.6"
"29201157000";"2184300";"3296";"210135.9"
"29202238000";"2128200";"3296";"210143.8"
"29203322000";"2128200";"3296";"210151.8"
"29204403000";"2128200";"3296";"210159.7"
"29205483000";"2128200";"3296";"210168.1"
"29206826000";"2128200";"3296";"210176.0"
"29207906000";"2128200";"3296";"210184.3"
"29208986000";"2128200";"3296";"210192.3"
"29210067000";"2183500";"3296";"210200.2"
"29211146000";"2183500";"3296";"210208.2"
"29212490000";"2183500";"3296";"210216.5"
"29213575000";"2183500";"3296";"210224.8"
"29214655000";"2183500";"3296";"210232.8"
"29215735000";"2183500";"3296";"210240.7"
"29216814000";"2183500";"3296";"210248.7"
"29218156000";"2184200";"3296";"210258.5"
"29219237000";"2184200";"3296";"210266.5"
"29220316000";"2184200";"3296";"210274.4"
"29221397000";"2184200";"3296";"210282.4"
"29222476000";"2184200";"3296";"210290.7"
"29223824000";"2184200";"3296";"210298.7"
"29224905000";"2184200";"3296";"210307.0"
"29225985000";"2183700";"3296";"210315.0"
"29227070000";"2183700";"3296";"210322.9"
"29228150000";"2183700";"3296";"210330.9"
"29229492000";"2183700";"3296";"210339.2"
"29230572000";"2183700";"3296";"210347.1"
"29231653000";"2183700";"3296";"210355.5"
"29232733000";"2183700";"3296";"210363.4"
"29233818000";"2182300";"3297";"210371.4"
"29235161000";"2182300";"3297";"210379.7"
"29236240000";"2182300";"3296";"210387.6"
"29237321000";"2182300";"3297";"210396.0"
"29238401000";"2182300";"3297";"210403.9"
"29239481000";"2182300";"3297";"210411.9"
"29240824000";"2178200";"3297";"210421.7"
"29241903000";"2178200";"3297";"210429.7"
"29242989000";"2178200";"3297";"210437.6"
"29244069000";"2178200";"3296";"210445.6"
"29245149000";"2178200";"3297";"210453.9"
"29246491000";"2178200";"3297";"210461.9"
"29247571000";"2178200";"3297";"210470.2"
"29248651000";"2184100";"3297";"210478.1"
"29249730000";"2184100";"3297";"210486.1"
"29250810000";"2184100";"3297";"210494.0"
"29252153000";"2184100";"3297";"210502.4"
"29253238000";"2184100";"3297";"210510.7"
"29254318000";"2184100";"3297";"210518.7"
"29255398000";"2184100";"3297";"210526.6"
"29256478000";"2184300";"3297";"210534.6"
"29257820000";"2184300";"3297";"210542.9"
"29258901000";"2184300";"3297";"210551.2"
"29259981000";"2184300";"3297";"210559.2"
"29261061000";"2184300";"3297";"210567.1"
"29262141000";"2184300";"3297";"210575.1"
"29263489000";"2184300";"3297";"210583.4"
"29264569000";"2126500";"3297";"210591.3"
"29265648000";"2126500";"3297";"210599.3"
"29266729000";"2126500";"3296";"210607.2"
"29267808000";"2126500";"3297";"210615.6"
"29269156000";"2126500";"3297";"210625.0"
"29270235000";"2126500";"3297";"210633.0"
"29271315000";"2245300";"3297";"210641.3"
"29272396000";"2245300";"3297";"210649.3"
"29273481000";"2245300";"3297";"210657.2"
"29274824000";"2245300";"3297";"210665.6"
"29275904000";"2245300";"3297";"210673.9"
"29276984000";"2245300";"3297";"210681.8"
"29278064000";"2245300";"3297";"210689.8"
"29279143000";"2183900";"3297";"210697.7"
"29280487000";"2183900";"3296";"210706.1"
"29281566000";"2183900";"3296";"210714.0"
"29282646000";"2183900";"3296";"210722.0"
"29283732000";"2183900";"3296";"210729.9"
"29284812000";"2183900";"3296";"210738.3"
"29286154000";"2183900";"3296";"210746.2"
"29287233000";"2126900";"3296";"210754.5"
"29288313000";"2126900";"3296";"210762.5"
"29289393000";"2126900";"3296";"210770.4"
"29290474000";"2126900";"3296";"210778.4"
"29291816000";"2126900";"3296";"210788.2"
"29292903000";"2126900";"3296";"210796.2"
"29293982000";"2244500";"3296";"210804.5"
"29295063000";"2244500";"3296";"210812.5"
"29296143000";"2244500";"3296";"210820.4"
"29297485000";"2244500";"3296";"210828.7"
"29298565000";"2244500";"3296";"210836.7"
"29299646000";"2244500";"3296";"210844.6"
"29300725000";"2244500";"3296";"210852.6"
"29301806000";"2185200";"3296";"210860.9"
"29303154000";"2185200";"3296";"210868.9"
"29304234000";"2185200";"3297";"210877.2"
"29305313000";"2185200";"3296";"210885.2"
"29306393000";"2185200";"3297";"210893.1"
"29307472000";"2185200";"3297";"210901.1"
"29308815000";"2185200";"3297";"210909.4"
"29309895000";"2112800";"3296";"210917.3"
"29310979000";"2112800";"3297";"210925.3"
"29312060000";"2112800";"3297";"210933.6"
"29313145000";"2112800";"3297";"210941.6"
"29314487000";"2112800";"3297";"210949.9"
"29315566000";"2112800";"3297";"210957.8"
"29316646000";"2112800";"3296";"210966.2"
"29317726000";"2197900";"3297";"210974.1"
"29318806000";"2197900";"3297";"210982.1"
"29320148000";"2197900";"3297";"210990.4"
"29321228000";"2197900";"3297";"210998.3"
"29322307000";"2197900";"3297";"211006.3"
"29323392000";"2197900";"3297";"211014.3"
"29324471000";"2197900";"3297";"211022.2"
"29325815000";"2112900";"3297";"211030.5"
"29326896000";"2112900";"3297";"211038.5"
"29327975000";"2112900";"3297";"211046.8"
"29329056000";"2112900";"3297";"211054.8"
"29330135000";"2112900";"3297";"211062.7"
"29331479000";"2112900";"3297";"211071.0"
"29332558000";"2112900";"3297";"211079.0"
"29333643000";"2198500";"3297";"211087.3"
"29334723000";"2198500";"3297";"211095.3"
"29335803000";"2198500";"3297";"211103.2"
"29337146000";"2198500";"3297";"211113.1"
"29338226000";"2198500";"3297";"211121.0"
"29339306000";"2198500";"3297";"211129.0"
"29340386000";"2229300";"3297";"211136.9"
"29341466000";"2229300";"3297";"211144.9"
"29342809000";"2229300";"3296";"211154.7"
"29343895000";"2229300";"3296";"211162.7"
"29344976000";"2229300";"3296";"211170.6"
"29346055000";"2229300";"3296";"211178.6"
"29347135000";"2244500";"3296";"211186.9"
"29348478000";"2244500";"3297";"211195.2"
"29349557000";"2244500";"3297";"211203.2"
"29350638000";"2244500";"3297";"211211.1"
"29351717000";"2244500";"3297";"211219.1"
"29352802000";"2244500";"3297";"211227.4"
"29354150000";"2244500";"3297";"211235.7"
"29355230000";"2125500";"3297";"211243.7"
"29356310000";"2125500";"3297";"211251.6"
"29357390000";"2125500";"3297";"211259.6"
"29358470000";"2125500";"3296";"211267.9"
"29359813000";"2125500";"3296";"211275.9"
"29360893000";"2125500";"3296";"211284.2"
"29361972000";"2125500";"3296";"211292.2"
"29363058000";"2183900";"3296";"211300.1"
"29364138000";"2183900";"3296";"211308.1"
"29365481000";"2183900";"3296";"211316.4"
"29366561000";"2183900";"3296";"211324.3"
"29367641000";"2183900";"3296";"211332.3"
"29368720000";"2183900";"3296";"211340.2"
"29369801000";"2183900";"3296";"211348.6"
"29371142000";"2128600";"3296";"211356.9"
"29372222000";"2128600";"3296";"211364.8"
"29373307000";"2128600";"3296";"211372.8"
"29374387000";"2128600";"3296";"211380.7"
"29375467000";"2128600";"3296";"211389.1"
"29376810000";"2128600";"3296";"211397.4"
"29377891000";"2128600";"3296";"211405.4"
"29378970000";"2183700";"3296";"211413.3"
"29380050000";"2183700";"3296";"211421.3"
"29381131000";"2183700";"3296";"211429.2"
"29382473000";"2183700";"3296";"211437.5"
"29383559000";"2183700";"3296";"211445.5"
"29384640000";"2183700";"3296";"211453.4"
"29385720000";"2183700";"3296";"211461.8"
"29386800000";"2183400";"3297";"211469.7"
"29388142000";"2183400";"3297";"211478.0"
"29389223000";"2183400";"3297";"211486.0"
"29390303000";"2183400";"3297";"211493.9"
"29391383000";"2183400";"3297";"211501.9"
"29392464000";"2183400";"3297";"211510.2"
"29393811000";"2183400";"3297";"211518.6"
"29394895000";"2125700";"3297";"211526.5"
"29395974000";"2125700";"3297";"211534.5"
"29397054000";"2125700";"3297";"211542.4"
"29398135000";"2125700";"3297";"211550.7"
"29399479000";"2125700";"3297";"211560.2"
"29400558000";"2125700";"3297";"211568.2"
"29401639000";"2246200";"3298";"211576.5"
"29402719000";"2246200";"3297";"211584.4"
"29403805000";"2246200";"3297";"211592.4"
"29405146000";"2246200";"3297";"211602.2"
"29406226000";"2246200";"3297";"211610.2"
"29407306000";"2246200";"3297";"211618.1"
"29408385000";"2228000";"3298";"211626.1"
"29409465000";"2228000";"3297";"211634.0"
"29410808000";"2228000";"3297";"211642.4"
"29411888000";"2228000";"3297";"211650.3"
"29412974000";"2228000";"3297";"211658.7"
"29414053000";"2228000";"3298";"211666.6"
"29415134000";"2228000";"3298";"211674.9"
"29416476000";"2141000";"3298";"211683.3"
"29417557000";"2141000";"3298";"211691.2"
"29418636000";"2141000";"3298";"211699.2"
"29419715000";"2141000";"3297";"211707.1"
"29420796000";"2141000";"3297";"211715.1"
"29422138000";"2141000";"3297";"211723.4"
"29423225000";"2141000";"3297";"211731.3"
"29424304000";"2183900";"3297";"211739.7"
"29425384000";"2183900";"3297";"211747.6"
"29426464000";"2183900";"3297";"211755.6"
"29427808000";"2183900";"3297";"211763.9"
"29428888000";"2183900";"3297";"211771.9"
"29429968000";"2183900";"3297";"211779.8"
"29431048000";"2183900";"3297";"211787.8"
"29432128000";"2185000";"3297";"211796.1"
"29433477000";"2185000";"3297";"211804.4"
"29434556000";"2185000";"3297";"211812.4"
"29435637000";"2185000";"3297";"211820.3"
"29436721000";"2185000";"3297";"211828.6"
"29437802000";"2185000";"3297";"211836.6"
"29439145000";"2185000";"3297";"211844.9"
"29440225000";"2125200";"3298";"211852.9"
"29441305000";"2125200";"3297";"211860.8"
"29442385000";"2125200";"3297";"211868.8"
"29443471000";"2125200";"3297";"211876.7"
"29444814000";"2125200";"3297";"211885.0"
"29445893000";"2125200";"3297";"211893.0"
"29446972000";"2125200";"3297";"211901.0"
"29448053000";"2169100";"3297";"211908.9"
"29449133000";"2169100";"3297";"211917.2"
"29450475000";"2169100";"3297";"211925.2"
"29451555000";"2169100";"3297";"211933.5"
"29452636000";"2169100";"3297";"211941.5"
"29453721000";"2169100";"3297";"211949.4"
"29454801000";"2169100";"3297";"211957.7"
"29456144000";"2141000";"3297";"211966.1"
"29457224000";"2141000";"3297";"211974.0"
"29458304000";"2141000";"3297";"211982.0"
"29459385000";"2141000";"3297";"211989.9"
"29460464000";"2141000";"3297";"211997.9"
"29461807000";"2141000";"3297";"212006.2"
"29462893000";"2141000";"3297";"212014.2"
"29463973000";"2183400";"3297";"212022.5"
"29465054000";"2183400";"3297";"212030.4"
"29466134000";"2183400";"3297";"212038.4"
"29467477000";"2183400";"3297";"212048.2"
"29468558000";"2183400";"3297";"212056.2"
"29469637000";"2183400";"3297";"212064.1"
"29470717000";"2229100";"3297";"212072.1"
"29471797000";"2229100";"3297";"212080.0"
"29473146000";"2229100";"3297";"212089.9"
"29474225000";"2229100";"3297";"212098.2"
"29475305000";"2229100";"3297";"212106.2"
"29476384000";"2229100";"3297";"212114.1"
"29477463000";"2245300";"3297";"212122.1"
"29478811000";"2245300";"3297";"212130.4"
"29479891000";"2245300";"3297";"212138.3"
"29480970000";"2245300";"3297";"212146.7"
"29482050000";"2245300";"3297";"212154.6"
"29483136000";"2245300";"3297";"212162.6"
"29484478000";"2158700";"3297";"212172.1"
"29485558000";"2158700";"3297";"212180.4"
"29486637000";"2158700";"3297";"212188.3"
"29487717000";"2158700";"3297";"212196.3"
"29488796000";"2158700";"3297";"212204.2"
"29490140000";"2158700";"3297";"212214.1"
"29491220000";"2246800";"3297";"212222.0"
"29492300000";"2246800";"3297";"212230.0"
"29493386000";"2246800";"3297";"212238.3"
"29494466000";"2246800";"3297";"212246.3"
"29495809000";"2246800";"3297";"212254.6"
"29496889000";"2246800";"3297";"212262.5"
"29497969000";"2246800";"3297";"212270.5"
"29499049000";"2198300";"3297";"212278.8"
"29500129000";"2198300";"3297";"212286.8"
"29501473000";"2198300";"3297";"212295.1"
"29502553000";"2198300";"3297";"212303.1"
"29503637000";"2198300";"3297";"212311.0"
"29504718000";"2198300";"3297";"212319.0"
"29505797000";"2198300";"3297";"212326.9"
"29507139000";"2112600";"3297";"212335.2"
"29508218000";"2112600";"3297";"212343.2"
"29509299000";"2112600";"3297";"212351.1"
"29510378000";"2112600";"3297";"212359.5"
"29511459000";"2112600";"3297";"212367.4"
"29512802000";"2112600";"3297";"212375.7"
"29513888000";"2112600";"3297";"212383.7"
"29514967000";"2183900";"3297";"212391.6"
"29516048000";"2183900";"3297";"212400.0"
"29517128000";"2183900";"3297";"212407.9"
"29518470000";"2183900";"3297";"212417.8"
"29519550000";"2183900";"3297";"212425.7"
"29520634000";"2183900";"3297";"212433.7"
"29521714000";"2245100";"3297";"212441.6"
"29522794000";"2245100";"3297";"212449.6"
"29524142000";"2245100";"3297";"212459.4"
"29525223000";"2245100";"3296";"212467.4"
"29526302000";"2245100";"3296";"212475.3"
"29527383000";"2245100";"3296";"212483.3"
"29528463000";"2244500";"3297";"212491.6"
"29529806000";"2244500";"3297";"212499.9"
"29530886000";"2244500";"3297";"212507.9"
"29531965000";"2244500";"3297";"212515.8"
"29533050000";"2244500";"3297";"212523.8"
"29534130000";"2244500";"3297";"212532.1"
"29535473000";"2176800";"3297";"212542.0"
"29536552000";"2176800";"3297";"212549.9"
"29537632000";"2176800";"3297";"212557.9"
"29538712000";"2176800";"3297";"212565.8"
"29539792000";"2176800";"3297";"212574.2"
"29541136000";"2176800";"3297";"212582.1"
"29542216000";"2176800";"3297";"212590.4"
"29543302000";"2183500";"3297";"212598.4"
"29544382000";"2183500";"3297";"212606.3"
"29545462000";"2183500";"3297";"212614.3"
"29546805000";"2183500";"3297";"212622.6"
"29547884000";"2183500";"3297";"212630.6"
"29548965000";"2183500";"3297";"212638.5"
"29550045000";"2183500";"3297";"212646.9"
"29551125000";"2185300";"3297";"212654.8"
"29552467000";"2185300";"3297";"212663.1"
"29553552000";"2185300";"3297";"212671.1"
"29554633000";"2185300";"3297";"212679.4"
"29555712000";"2185300";"3297";"212687.4"
"29556793000";"2185300";"3297";"212695.3"
"29558135000";"2176600";"3297";"212705.2"
"29559215000";"2176600";"3297";"212713.1"
"29560294000";"2176600";"3297";"212721.1"
"29561374000";"2176600";"3297";"212729.0"
"29562459000";"2176600";"3297";"212737.0"
"29563808000";"2176600";"3297";"212745.3"
"29564887000";"2176600";"3297";"212753.6"
"29565967000";"2182800";"3297";"212761.6"
"29567047000";"2182800";"3297";"212769.5"
"29568127000";"2182800";"3297";"212777.5"
"29569470000";"2182800";"3297";"212785.8"
"29570549000";"2182800";"3297";"212793.8"
"29571629000";"2182800";"3297";"212801.7"
"29572708000";"2182800";"3297";"212810.0"
"29573794000";"2184100";"3297";"212818.0"
"29575136000";"2184100";"3297";"212826.3"
"29576217000";"2184100";"3297";"212834.3"
"29577296000";"2184100";"3297";"212842.6"
"29578375000";"2184100";"3297";"212850.6"
"29579455000";"2184100";"3297";"212858.5"
"29580798000";"2184100";"3297";"212866.8"
"29581877000";"2128700";"3297";"212874.8"
"29582963000";"2128700";"3297";"212883.1"
"29584043000";"2128700";"3297";"212891.1"
"29585123000";"2128700";"3297";"212899.0"
"29586466000";"2128700";"3297";"212908.9"
"29587545000";"2128700";"3297";"212916.8"
"29588624000";"2245100";"3297";"212924.8"
"29589705000";"2245100";"3297";"212932.7"
"29590784000";"2245100";"3297";"212940.7"
"29592128000";"2245100";"3297";"212949.0"
"29593213000";"2245100";"3297";"212957.3"
"29594293000";"2245100";"3297";"212965.3"
"29595374000";"2245100";"3297";"212973.2"
"29596455000";"2197900";"3297";"212981.6"
"29597797000";"2197900";"3297";"212989.9"
"29598877000";"2197900";"3297";"212997.8"
"29599957000";"2197900";"3297";"213005.8"
"29601038000";"2197900";"3297";"213013.7"
"29602118000";"2197900";"3297";"213021.7"
"29603466000";"2159900";"3297";"213031.5"
"29604551000";"2159900";"3297";"213039.5"
"29605631000";"2159900";"3297";"213047.4"
"29606712000";"2159900";"3296";"213055.4"
"29607792000";"2159900";"3296";"213063.7"
"29609134000";"2159900";"3296";"213072.0"
"29610214000";"2159900";"3297";"213080.0"
"29611294000";"2183700";"3297";"213087.9"
"29612375000";"2183700";"3296";"213095.9"
"29613459000";"2183700";"3296";"213104.2"
"29614803000";"2183700";"3296";"213112.6"
"29615883000";"2183700";"3297";"213120.5"
"29616963000";"2183700";"3297";"213128.5"
"29618042000";"2183700";"3297";"213136.4"
"29619122000";"2198700";"3296";"213144.7"
"29620465000";"2198700";"3296";"213153.1"
"29621545000";"2198700";"3296";"213161.0"
"29622625000";"2198700";"3296";"213169.0"
"29623710000";"2198700";"3296";"213176.9"
"29624790000";"2198700";"3296";"213184.9"
"29626133000";"2159900";"3296";"213194.7"
"29627214000";"2159900";"3296";"213202.7"
"29628293000";"2159900";"3296";"213210.6"
"29629373000";"2159900";"3296";"213218.6"
"29630453000";"2159900";"3296";"213226.9"
"29631795000";"2159900";"3296";"213236.4"
"29632880000";"2245100";"3296";"213244.7"
"29633961000";"2245100";"3296";"213252.7"
"29635040000";"2245100";"3296";"213260.6"
"29636119000";"2245100";"3296";"213268.9"
"29637462000";"2245100";"3296";"213277.3"
"29638542000";"2245100";"3296";"213285.2"
"29639623000";"2245100";"3296";"213293.2"
"29640703000";"2185300";"3296";"213301.1"
"29641783000";"2185300";"3296";"213309.1"
"29643132000";"2185300";"3296";"213317.4"
"29644212000";"2185300";"3296";"213325.3"
"29645292000";"2185300";"3296";"213333.7"
"29646377000";"2185300";"3296";"213341.6"
"29647456000";"2185300";"3296";"213349.6"
"29648798000";"2182600";"3296";"213359.4"
"29649878000";"2182600";"3296";"213367.4"
"29650958000";"2182600";"3296";"213375.3"
"29652037000";"2182600";"3296";"213383.3"
"29653123000";"2182600";"3296";"213391.6"
"29654466000";"2182600";"3296";"213401.1"
"29655547000";"2244500";"3296";"213409.4"
"29656627000";"2244500";"3296";"213417.4"
"29657706000";"2244500";"3296";"213425.3"
"29658787000";"2244500";"3296";"213433.3"
"29660129000";"2244500";"3296";"213441.6"
"29661210000";"2244500";"3296";"213449.9"
"29662291000";"2244500";"3296";"213457.9"
"29663376000";"2183700";"3296";"213465.8"
"29664456000";"2183700";"3296";"213473.8"
"29665797000";"2183700";"3296";"213482.1"
"29666878000";"2183700";"3296";"213490.1"
"29667957000";"2183700";"3296";"213498.0"
"29669038000";"2183700";"3296";"213506.0"
"29670118000";"2183700";"3296";"213514.3"
"29671460000";"2128400";"3296";"213522.6"
"29672540000";"2128400";"3296";"213530.6"
"29673626000";"2128400";"3296";"213538.5"
"29674706000";"2128400";"3296";"213546.8"
"29675786000";"2128400";"3296";"213554.8"
"29677129000";"2128400";"3296";"213563.1"
"29678209000";"2128400";"3296";"213571.1"
"29679290000";"2183400";"3296";"213579.0"
"29680369000";"2183400";"3296";"213587.4"
"29681449000";"2183400";"3296";"213595.3"
"29682792000";"2183400";"3296";"213603.6"
"29683877000";"2183400";"3297";"213611.6"
"29684958000";"2183400";"3297";"213619.5"
"29686037000";"2183400";"3297";"213627.5"
"29687117000";"2184100";"3297";"213635.4"
"29688464000";"2184100";"3297";"213643.8"
"29689544000";"2184100";"3296";"213651.7"
"29690625000";"2184100";"3297";"213660.0"
"29691704000";"2184100";"3297";"213668.0"
"29692784000";"2184100";"3297";"213675.9"
"29694133000";"2184100";"3296";"213684.3"
"29695213000";"2139600";"3296";"213692.6"
"29696293000";"2139600";"3297";"213700.6"
"29697374000";"2139600";"3297";"213708.5"
"29698453000";"2139600";"3297";"213716.5"
"29699795000";"2139600";"3297";"213724.8"
"29700875000";"2139600";"3297";"213732.7"
"29701955000";"2139600";"3297";"213741.1"
"29703041000";"2183900";"3297";"213749.0"
"29704121000";"2183900";"3297";"213757.0"
"29705463000";"2183900";"3297";"213765.3"
"29706544000";"2183900";"3297";"213773.2"
"29707624000";"2183900";"3297";"213781.2"
"29708704000";"2183900";"3297";"213789.1"
"29709783000";"2183900";"3297";"213797.5"
"29711125000";"2128400";"3297";"213805.8"
"29712206000";"2128400";"3297";"213813.8"
"29713290000";"2128400";"3297";"213821.7"
"29714371000";"2128400";"3297";"213829.7"
"29715450000";"2128400";"3297";"213838.0"
"29716793000";"2128400";"3297";"213846.3"
"29717873000";"2128400";"3297";"213854.3"
"29718953000";"2183900";"3297";"213862.2"
"29720033000";"2183900";"3297";"213870.5"
"29721112000";"2183900";"3297";"213878.5"
"29722454000";"2183900";"3297";"213886.8"
"29723539000";"2183900";"3297";"213894.8"
"29724620000";"2183900";"3297";"213902.7"
"29725700000";"2183900";"3297";"213910.7"
"29726780000";"2184100";"3297";"213918.6"
"29728124000";"2184100";"3297";"213926.9"
"29729204000";"2184100";"3297";"213934.9"
"29730289000";"2184100";"3297";"213943.2"
"29731370000";"2184100";"3297";"213951.2"
"29732450000";"2184100";"3297";"213959.1"
"29733799000";"2184100";"3297";"213967.5"
"29734878000";"2139100";"3297";"213975.8"
"29735957000";"2139100";"3297";"213983.7"
"29737038000";"2139100";"3297";"213991.7"
"29738117000";"2139100";"3297";"213999.6"
"29739461000";"2139100";"3297";"214008.0"
"29740540000";"2139100";"3296";"214015.9"
"29741621000";"2139100";"3296";"214023.9"
"29742702000";"2185200";"3297";"214032.2"
"29743788000";"2185200";"3297";"214040.2"
"29745129000";"2185200";"3297";"214048.5"
"29746209000";"2185200";"3297";"214056.4"
"29747289000";"2185200";"3297";"214064.4"
"29748369000";"2185200";"3297";"214072.3"
"29749448000";"2185200";"3297";"214080.3"
"29750792000";"2112600";"3297";"214088.6"
"29751872000";"2112600";"3297";"214096.6"
"29752958000";"2112600";"3297";"214104.9"
"29754037000";"2112600";"3297";"214112.8"
"29755117000";"2112600";"3297";"214120.8"
"29756460000";"2112600";"3297";"214129.1"
"29757540000";"2112600";"3297";"214137.5"
"29758620000";"2198700";"3297";"214145.4"
"29759699000";"2198700";"3297";"214153.4"
"29760780000";"2198700";"3297";"214161.3"
"29762122000";"2198700";"3297";"214169.6"
"29763209000";"2198700";"3296";"214177.6"
"29764288000";"2198700";"3296";"214185.5"
"29765369000";"2198700";"3296";"214193.5"
"29766448000";"2183700";"3296";"214201.8"
"29767790000";"2183700";"3296";"214211.3"
"29768870000";"2183700";"3296";"214219.2"
"29769950000";"2183700";"3296";"214227.2"
"29771030000";"2183700";"3296";"214235.5"
"29772115000";"2183700";"3296";"214243.5"
"29773464000";"2158500";"3296";"214251.8"
"29774544000";"2158500";"3296";"214259.7"
"29775625000";"2158500";"3296";"214267.7"
"29776704000";"2158500";"3296";"214276.0"
"29777785000";"2158500";"3296";"214284.0"
"29779127000";"2158500";"3296";"214293.4"
"29780208000";"2246200";"3296";"214301.8"
"29781287000";"2246200";"3296";"214309.7"
"29782366000";"2246200";"3296";"214317.7"
"29783451000";"2246200";"3296";"214325.6"
"29784794000";"2246200";"3296";"214335.1"
"29785874000";"2246200";"3296";"214343.4"
"29786954000";"2228000";"3296";"214351.4"
"29788033000";"2228000";"3296";"214359.3"
"29789113000";"2228000";"3296";"214367.3"
"29790456000";"2228000";"3296";"214375.6"
"29791536000";"2228000";"3296";"214383.6"
"29792617000";"2228000";"3296";"214391.5"
"29793702000";"2228000";"3296";"214399.5"
"29794782000";"2183900";"3296";"214407.8"
"29796126000";"2183900";"3296";"214416.1"
"29797206000";"2183900";"3296";"214424.1"
"29798286000";"2183900";"3296";"214432.0"
"29799365000";"2183900";"3296";"214440.0"
"29800445000";"2183900";"3296";"214447.9"
"29801788000";"2161700";"3296";"214457.8"
"29802873000";"2161700";"3296";"214465.7"
"29803952000";"2161700";"3296";"214473.7"
"29805032000";"2161700";"3296";"214481.6"
"29806113000";"2161700";"3296";"214489.6"
"29807456000";"2161700";"3296";"214499.4"
"29808536000";"2227600";"3296";"214507.4"
"29809616000";"2227600";"3296";"214515.3"
"29810695000";"2227600";"3296";"214523.3"
"29811775000";"2227600";"3296";"214531.6"
"29813122000";"2227600";"3296";"214539.9"
"29814207000";"2227600";"3296";"214547.9"
"29815287000";"2227600";"3296";"214555.8"
"29816367000";"2197800";"3296";"214564.2"
"29817447000";"2197800";"3296";"214572.1"
"29818789000";"2197800";"3296";"214580.4"
"29819870000";"2197800";"3296";"214588.4"
"29820949000";"2197800";"3296";"214596.4"
"29822028000";"2197800";"3296";"214604.3"
"29823114000";"2197800";"3296";"214612.6"
"29824456000";"2112900";"3296";"214620.6"
"29825537000";"2112900";"3296";"214628.9"
"29826617000";"2112900";"3297";"214636.9"
"29827697000";"2112900";"3297";"214644.8"
"29828777000";"2112900";"3297";"214652.8"
"29830120000";"2112900";"3296";"214661.1"
"29831200000";"2112900";"3296";"214669.0"
"29832280000";"2185000";"3297";"214677.0"
"29833366000";"2185000";"3297";"214685.3"
"29834445000";"2185000";"3297";"214693.3"
"29835788000";"2185000";"3297";"214701.6"
"29836867000";"2185000";"3297";"214709.5"
"29837946000";"2185000";"3296";"214717.5"
"29839027000";"2185000";"3296";"214725.5"
"29840107000";"2198800";"3296";"214733.8"
"29841449000";"2198800";"3296";"214741.7"
"29842530000";"2198800";"3296";"214750.1"
"29843616000";"2198800";"3296";"214758.0"
"29844696000";"2198800";"3296";"214766.0"
"29845776000";"2198800";"3296";"214773.9"
"29847118000";"2159900";"3296";"214783.8"
"29848199000";"2159900";"3296";"214791.7"
"29849278000";"2159900";"3296";"214799.7"
"29850357000";"2159900";"3296";"214807.6"
"29851438000";"2159900";"3296";"214815.6"
"29852780000";"2159900";"3296";"214825.4"
"29853866000";"2227800";"3296";"214833.4"
"29854945000";"2227800";"3296";"214841.7"
"29856031000";"2227800";"3296";"214849.7"
"29857111000";"2227800";"3296";"214857.6"
"29858453000";"2227800";"3296";"214865.9"
"29859533000";"2227800";"3296";"214873.9"
"29860613000";"2227800";"3296";"214881.8"
"29861693000";"2184100";"3296";"214889.8"
"29862773000";"2184100";"3296";"214898.1"
"29864122000";"2184100";"3296";"214906.4"
"29865203000";"2184100";"3297";"214914.4"
"29866282000";"2184100";"3297";"214922.3"
"29867362000";"2184100";"3297";"214930.3"
"29868442000";"2184100";"3297";"214938.2"
"29869784000";"2126700";"3297";"214946.6"
"29870864000";"2126700";"3297";"214954.5"
"29871944000";"2126700";"3297";"214962.5"
"29873031000";"2126700";"3297";"214970.8"
"29874110000";"2126700";"3297";"214978.8"
"29875452000";"2126700";"3297";"214987.1"
"29876532000";"2126700";"3297";"214995.0"
"29877612000";"2198500";"3297";"215003.4"
"29878693000";"2198500";"3297";"215011.3"
"29879772000";"2198500";"3297";"215019.3"
"29881115000";"2198500";"3297";"215029.1"
"29882195000";"2198500";"3297";"215037.1"
"29883281000";"2198500";"3297";"215045.0"
"29884362000";"2227200";"3297";"215053.0"
"29885441000";"2227200";"3297";"215060.9"
"29886783000";"2227200";"3297";"215069.2"
"29887863000";"2227200";"3297";"215077.2"
"29888944000";"2227200";"3297";"215085.1"
"29890023000";"2227200";"3297";"215093.1"
"29891104000";"2227200";"3297";"215101.4"
"29892446000";"2128400";"3297";"215109.7"
"29893531000";"2128400";"3297";"215117.7"
"29894611000";"2128400";"3297";"215125.7"
"29895691000";"2128400";"3297";"215134.0"
"29896771000";"2128400";"3297";"215141.9"
"29898118000";"2128400";"3297";"215150.3"
"29899198000";"2128400";"3297";"215158.2"
"29900277000";"2183200";"3297";"215166.2"
"29901357000";"2183200";"3297";"215174.1"
"29902437000";"2183200";"3297";"215182.4"
"29903785000";"2183200";"3297";"215191.9"
"29904865000";"2183200";"3297";"215199.9"
"29905945000";"2183200";"3296";"215207.8"
"29907025000";"2244500";"3297";"215216.1"
"29908106000";"2244500";"3297";"215224.1"
"29909449000";"2244500";"3297";"215232.4"
"29910529000";"2244500";"3297";"215240.4"
"29911609000";"2244500";"3297";"215248.3"
"29912688000";"2244500";"3297";"215256.3"
"29913773000";"2244500";"3297";"215264.6"
"29915116000";"2126900";"3297";"215272.9"
"29916195000";"2126900";"3297";"215280.9"
"29917274000";"2126900";"3297";"215288.8"
"29918354000";"2126900";"3297";"215296.8"
"29919434000";"2126900";"3297";"215305.1"
"29920778000";"2126900";"3297";"215313.4"
"29921858000";"2126900";"3297";"215321.4"
"29922944000";"2183900";"3297";"215329.3"
"29924023000";"2183900";"3297";"215337.3"
"29925104000";"2183900";"3297";"215345.3"
"29926447000";"2183900";"3296";"215355.1"
"29927526000";"2183900";"3297";"215363.0"
"29928605000";"2183900";"3297";"215371.0"
"29929685000";"2229700";"3296";"215379.0"
"29930766000";"2229700";"3296";"215387.3"
"29932109000";"2229700";"3297";"215395.6"
"29933194000";"2229700";"3297";"215403.6"
"29934274000";"2229700";"3296";"215411.5"
"29935355000";"2229700";"3296";"215419.5"
"29936435000";"2229700";"3296";"215427.8"
"29937776000";"2141000";"3296";"215436.1"
"29938857000";"2141000";"3296";"215444.1"
"29939941000";"2141000";"3296";"215452.0"
"29941020000";"2141000";"3296";"215460.0"
"29942101000";"2141000";"3296";"215467.9"
"29943450000";"2141000";"3296";"215476.2"
"29944531000";"2141000";"3296";"215484.2"
"29945610000";"2167400";"3296";"215492.1"
"29946691000";"2167400";"3296";"215500.1"
"29947770000";"2167400";"3296";"215508.4"
"29949113000";"2167400";"3296";"215517.9"
"29950193000";"2167400";"3296";"215525.9"
"29951273000";"2167400";"3296";"215534.2"
"29952353000";"2246400";"3296";"215542.1"
"29953439000";"2246400";"3296";"215550.1"
"29954782000";"2246400";"3296";"215558.4"
"29955862000";"2246400";"3296";"215566.4"
"29956942000";"2246400";"3296";"215574.3"
"29958022000";"2246400";"3296";"215582.6"
"29959101000";"2246400";"3296";"215590.6"
"29960444000";"2126900";"3296";"215598.9"
"29961523000";"2126900";"3296";"215606.9"
"29962602000";"2126900";"3296";"215614.8"
"29963689000";"2126900";"3296";"215622.8"
"29964769000";"2126900";"3296";"215630.7"
"29966112000";"2126900";"3296";"215639.0"
"29967192000";"2126900";"3296";"215647.0"
"29968273000";"2183500";"3296";"215655.3"
"29969353000";"2183500";"3297";"215663.3"
"29970433000";"2183500";"3297";"215671.2"
"29971776000";"2183500";"3297";"215681.1"
"29972862000";"2183500";"3297";"215689.0"
"29973942000";"2183500";"3297";"215697.0"
"29975022000";"2244500";"3297";"215705.3"
"29976101000";"2244500";"3297";"215713.3"
"29977445000";"2244500";"3297";"215721.6"
"29978525000";"2244500";"3297";"215729.5"
"29979605000";"2244500";"3297";"215737.5"
"29980686000";"2244500";"3297";"215745.4"
"29981771000";"2244500";"3297";"215753.4"
"29983118000";"2168000";"3297";"215763.2"
"29984199000";"2168000";"3297";"215771.2"
"29985278000";"2168000";"3297";"215779.2"
"29986358000";"2168000";"3297";"215787.1"
"29987438000";"2168000";"3297";"215795.1"
"29988781000";"2168000";"3297";"215804.9"
"29989861000";"2229500";"3297";"215812.9"
"29990940000";"2229500";"3297";"215820.8"
"29992021000";"2229500";"3297";"215828.8"
"29993106000";"2229500";"3297";"215837.1"
"29994448000";"2229500";"3297";"215845.4"
"29995528000";"2229500";"3297";"215853.4"
"29996609000";"2229500";"3297";"215861.3"
"29997689000";"2198700";"3297";"215869.6"
"29998769000";"2198700";"3297";"215877.6"
"30000112000";"2198700";"3297";"215887.4"
"30001192000";"2198700";"3297";"215895.4"
"30002272000";"2198700";"3297";"215903.4"
"30003358000";"2198700";"3297";"215911.3"
"30004438000";"2227200";"3297";"215919.3"
"30005780000";"2227200";"3297";"215929.1"
"30006860000";"2227200";"3297";"215937.1"
"30007941000";"2227200";"3297";"215945.0"
"30009020000";"2227200";"3297";"215953.0"
"30010100000";"2227200";"3297";"215960.9"
"30011443000";"2161700";"3297";"215969.2"
"30012523000";"2161700";"3297";"215977.2"
"30013609000";"2161700";"3297";"215985.5"
"30014688000";"2161700";"3297";"215993.5"
"30015769000";"2161700";"3297";"216001.4"
"30017111000";"2161700";"3297";"216009.7"
"30018191000";"2161700";"3297";"216017.7"
"30019270000";"2199000";"3297";"216026.0"
"30020350000";"2199000";"3297";"216034.0"
"30021430000";"2199000";"3297";"216041.9"
"30022773000";"2199000";"3297";"216051.4"
"30023863000";"2199000";"3297";"216059.7"
"30024943000";"2199000";"3297";"216067.7"
"30026023000";"2225900";"3297";"216075.6"
"30027104000";"2225900";"3297";"216083.6"
"30028446000";"2225900";"3297";"216091.9"
"30029525000";"2225900";"3297";"216099.9"
"30030605000";"2225900";"3297";"216107.8"
"30031685000";"2225900";"3296";"216115.8"
"30032766000";"2225900";"3296";"216123.7"
"30034115000";"2112200";"3296";"216132.0"
"30035195000";"2112200";"3296";"216140.4"
"30036275000";"2112200";"3296";"216148.3"
"30037354000";"2112200";"3296";"216156.3"
"30038433000";"2112200";"3296";"216164.2"
"30039777000";"2112200";"3296";"216172.5"
"30040857000";"2112200";"3296";"216180.5"
"30041938000";"2185200";"3296";"216188.4"
"30043024000";"2185200";"3297";"216196.8"
"30044105000";"2185200";"3296";"216204.7"
"30045447000";"2185200";"3296";"216213.1"
"30046528000";"2185200";"3296";"216221.0"
"30047607000";"2185200";"3296";"216229.0"
"30048688000";"2185200";"3296";"216236.9"
"30049768000";"2183400";"3296";"216244.9"
"30051111000";"2183400";"3296";"216253.2"
"30052191000";"2183400";"3296";"216261.5"
"30053277000";"2183400";"3297";"216269.5"
"30054357000";"2183400";"3297";"216277.4"
"30055436000";"2183400";"3296";"216285.4"
"30056780000";"2183400";"3296";"216293.7"
"30057860000";"2140600";"3296";"216302.0"
"30058940000";"2140600";"3296";"216310.0"
"30060021000";"2140600";"3296";"216317.9"
"30061100000";"2140600";"3296";"216325.9"
"30062442000";"2140600";"3296";"216335.7"
"30063527000";"2140600";"3296";"216343.7"
"30064607000";"2228000";"3296";"216351.6"
"30065692000";"2228000";"3296";"216359.6"
"30066771000";"2228000";"3296";"216367.5"
"30068114000";"2228000";"3296";"216375.9"
"30069193000";"2228000";"3297";"216383.8"
"30070273000";"2228000";"3296";"216391.8"
"30071353000";"2228000";"3296";"216399.7"
"30072433000";"2169700";"3296";"216407.7"
"30073781000";"2169700";"3296";"216416.0"
"30074862000";"2169700";"3296";"216424.3"
"30075941000";"2169700";"3296";"216432.3"
"30077020000";"2169700";"3296";"216440.2"
"30078100000";"2169700";"3296";"216448.2"
"30079443000";"2169700";"3296";"216456.5"
"30080522000";"2127000";"3296";"216464.4"
"30081602000";"2127000";"3296";"216472.8"
"30082682000";"2127000";"3296";"216480.7"
"30083768000";"2127000";"3296";"216488.7"
"30085109000";"2127000";"3296";"216497.0"
"30086189000";"2127000";"3296";"216505.0"
"30087269000";"2127000";"3296";"216512.9"
"30088349000";"2184300";"3296";"216520.9"
"30089429000";"2184300";"3296";"216528.8"
"30090771000";"2184300";"3296";"216537.1"
"30091851000";"2184300";"3296";"216545.1"
"30092937000";"2184300";"3296";"216553.4"
"30094017000";"2184300";"3296";"216561.4"
"30095097000";"2184300";"3296";"216569.7"
"30096439000";"2184200";"3296";"216579.2"
"30097520000";"2184200";"3296";"216587.5"
"30098599000";"2184200";"3296";"216595.5"
"30099678000";"2184200";"3296";"216603.4"
"30100758000";"2184200";"3296";"216611.4"
"30102101000";"2184200";"3296";"216621.2"
"30103187000";"2244700";"3296";"216629.2"
"30104266000";"2244700";"3296";"216637.1"
"30105346000";"2244700";"3296";"216645.1"
"30106426000";"2244700";"3296";"216653.0"
"30107773000";"2244700";"3296";"216661.3"
"30108853000";"2244700";"3296";"216669.3"
"30109933000";"2244700";"3296";"216677.2"
"30111014000";"2169300";"3296";"216685.2"
"30112094000";"2169300";"3296";"216693.1"
"30113442000";"2169300";"3296";"216701.5"
"30114522000";"2169300";"3296";"216709.8"
"30115602000";"2169300";"3295";"216717.7"
"30116682000";"2169300";"3295";"216725.7"
"30117763000";"2169300";"3296";"216734.0"
"30119105000";"2140800";"3296";"216742.4"
"30120186000";"2140800";"3296";"216750.3"
"30121265000";"2140800";"3296";"216758.3"
"30122345000";"2140800";"3296";"216766.2"
"30123430000";"2140800";"3296";"216774.2"
"30124773000";"2140800";"3296";"216782.5"
"30125853000";"2140800";"3296";"216790.4"
"30126933000";"2169300";"3296";"216798.4"
"30128012000";"2169300";"3296";"216806.3"
"30129093000";"2169300";"3295";"216814.3"
"30130436000";"2169300";"3295";"216822.6"
"30131516000";"2169300";"3295";"216830.6"
"30132596000";"2169300";"3295";"216838.9"
"30133681000";"2169300";"3295";"216846.8"
"30134762000";"2183500";"3296";"216854.8"
"30136105000";"2183500";"3296";"216863.1"
"30137184000";"2183500";"3296";"216871.5"
"30138265000";"2183500";"3296";"216879.4"
"30139344000";"2183500";"3296";"216887.4"
"30140423000";"2183500";"3296";"216895.3"
"30141767000";"2183500";"3296";"216903.6"
"30142853000";"2126700";"3296";"216911.6"
"30143933000";"2126700";"3296";"216919.5"
"30145013000";"2126700";"3296";"216927.5"
"30146094000";"2126700";"3296";"216935.8"
"30147436000";"2126700";"3296";"216945.3"
"30148516000";"2126700";"3296";"216953.2"
"30149601000";"2227400";"3296";"216961.2"
"30150681000";"2227400";"3296";"216969.5"
"30151761000";"2227400";"3296";"216977.5"
"30153109000";"2227400";"3296";"216987.3"
"30154190000";"2227400";"3296";"216995.3"
"30155269000";"2227400";"3296";"217003.2"
"30156349000";"2262000";"3296";"217011.6"
"30157429000";"2262000";"3296";"217019.5"
"30158772000";"2262000";"3296";"217029.4"
"30159852000";"2262000";"3296";"217037.3"
"30160933000";"2262000";"3296";"217045.3"
"30162012000";"2262000";"3296";"217053.2"
"30163098000";"2244500";"3296";"217061.5"
"30164441000";"2244500";"3296";"217069.5"
"30165521000";"2244500";"3296";"217077.4"
"30166602000";"2244500";"3296";"217085.8"
"30167682000";"2244500";"3296";"217093.7"
"30168761000";"2244500";"3296";"217101.7"
"30170105000";"2244500";"3297";"217110.0"
"30171185000";"2113400";"3297";"217117.9"
"30172264000";"2113400";"3297";"217125.9"
"30173349000";"2113400";"3297";"217133.8"
"30174429000";"2113400";"3297";"217141.8"
"30175771000";"2113400";"3297";"217150.1"
"30176852000";"2113400";"3297";"217158.5"
"30177931000";"2113400";"3297";"217166.4"
"30179011000";"2184400";"3297";"217174.4"
"30180091000";"2184400";"3296";"217182.3"
"30181434000";"2184400";"3296";"217190.6"
"30182515000";"2184400";"3296";"217198.6"
"30183600000";"2184400";"3296";"217206.5"
"30184680000";"2184400";"3297";"217214.5"
"30185760000";"2184400";"3297";"217222.8"
"30187104000";"2169000";"3297";"217232.3"
"30188183000";"2169000";"3297";"217240.2"
"30189263000";"2169000";"3297";"217248.2"
"30190343000";"2169000";"3297";"217256.1"
"30191428000";"2169000";"3297";"217264.5"
"30192771000";"2169000";"3296";"217272.8"
"30193857000";"2169000";"3296";"217280.7"
"30194936000";"2182600";"3296";"217288.7"
"30196017000";"2182600";"3296";"217297.0"
"30197097000";"2182600";"3296";"217305.0"
"30198439000";"2182600";"3296";"217313.3"
"30199519000";"2182600";"3296";"217321.3"
"30200599000";"2182600";"3296";"217329.2"
"30201678000";"2182600";"3296";"217337.2"
"30202758000";"2200300";"3296";"217345.5"
"30204106000";"2200300";"3296";"217353.4"
"30205185000";"2200300";"3296";"217361.8"
"30206265000";"2200300";"3297";"217369.7"
"30207344000";"2200300";"3296";"217377.7"
"30208424000";"2200300";"3296";"217385.6"
"30209766000";"2200300";"3296";"217393.9"
"30210846000";"2113100";"3296";"217401.9"
"30211926000";"2113100";"3296";"217409.8"
"30213011000";"2113100";"3296";"217418.2"
"30214091000";"2113100";"3296";"217426.1"
"30215434000";"2113100";"3296";"217434.5"
"30216513000";"2113100";"3296";"217442.4"
"30217594000";"2113100";"3296";"217450.4"
"30218674000";"2198700";"3297";"217458.7"
"30219754000";"2198700";"3296";"217466.6"
"30221097000";"2198700";"3297";"217475.0"
"30222177000";"2198700";"3297";"217482.9"
"30223262000";"2198700";"3297";"217490.9"
"30224343000";"2198700";"3296";"217498.8"
"30225422000";"2198700";"3296";"217506.8"
"30226765000";"2112400";"3296";"217515.1"
"30227845000";"2112400";"3296";"217523.0"
"30228925000";"2112400";"3296";"217531.4"
"30230005000";"2112400";"3296";"217539.3"
"30231084000";"2112400";"3296";"217547.3"
"30232427000";"2112400";"3296";"217555.6"
"30233518000";"2112400";"3296";"217563.6"
"30234597000";"2182800";"3296";"217571.5"
"30235678000";"2182800";"3296";"217579.8"
"30236758000";"2182800";"3296";"217587.8"
"30238101000";"2182800";"3296";"217596.1"
"30239181000";"2182800";"3296";"217604.1"
"30240261000";"2182800";"3296";"217612.0"
"30241341000";"2182800";"3296";"217620.4"
"30242420000";"2199900";"3296";"217628.3"
"30243769000";"2199900";"3296";"217636.6"
"30244848000";"2199900";"3296";"217644.6"
"30245928000";"2199900";"3296";"217652.5"
"30247008000";"2199900";"3296";"217660.5"
"30248087000";"2199900";"3296";"217668.4"
"30249431000";"2199900";"3296";"217676.8"
"30250510000";"2112600";"3296";"217684.7"
"30251590000";"2112600";"3296";"217692.7"
"30252670000";"2112600";"3296";"217701.0"
"30253756000";"2112600";"3296";"217708.9"
"30255098000";"2112600";"3296";"217717.3"
"30256178000";"2112600";"3296";"217725.2"
"30257259000";"2112600";"3296";"217733.2"
"30258339000";"2198300";"3296";"217741.5"
"30259418000";"2198300";"3296";"217749.5"
"30260761000";"2198300";"3296";"217757.8"
"30261840000";"2198300";"3296";"217765.7"
"30262926000";"2198300";"3296";"217773.7"
"30264007000";"2198300";"3296";"217781.6"
"30265088000";"2198300";"3296";"217790.0"
"30266430000";"2112600";"3296";"217797.9"
"30267511000";"2112600";"3296";"217806.2"
"30268590000";"2112600";"3296";"217814.2"
"30269670000";"2112600";"3296";"217822.1"
"30270750000";"2112600";"3296";"217830.1"
"30272093000";"2112600";"3296";"217838.4"
"30273178000";"2112600";"3296";"217846.4"
"30274257000";"2198700";"3296";"217854.7"
"30275342000";"2198700";"3296";"217862.6"
"30276422000";"2198700";"3296";"217870.6"
"30277763000";"2198700";"3296";"217878.9"
"30278844000";"2198700";"3296";"217886.9"
"30279924000";"2198700";"3296";"217895.2"
"30281004000";"2198700";"3296";"217903.2"
"30282083000";"2184400";"3296";"217911.1"
"30283432000";"2184400";"3296";"217919.4"
"30284511000";"2184400";"3297";"217927.4"
"30285591000";"2184400";"3297";"217935.3"
"30286672000";"2184400";"3296";"217943.3"
"30287751000";"2184400";"3296";"217951.2"
"30289093000";"2184400";"3296";"217959.6"
"30290174000";"2112600";"3296";"217967.5"
"30291254000";"2112600";"3296";"217975.8"
"30292334000";"2112600";"3296";"217983.8"
"30293419000";"2112600";"3296";"217991.8"
"30294762000";"2112600";"3296";"218001.6"
"30295841000";"2112600";"3296";"218009.5"
"30296922000";"2261800";"3296";"218017.9"
"30298001000";"2261800";"3296";"218025.8"
"30299082000";"2261800";"3296";"218033.8"
"30300425000";"2261800";"3296";"218042.1"
"30301505000";"2261800";"3296";"218050.1"
"30302585000";"2261800";"3296";"218058.0"
"30303670000";"2261800";"3296";"218066.3"
"30304750000";"2183900";"3296";"218074.3"
"30306092000";"2183900";"3296";"218082.6"
"30307171000";"2183900";"3296";"218090.6"
"30308252000";"2183900";"3296";"218098.5"
"30309332000";"2183900";"3296";"218106.5"
"30310411000";"2183900";"3296";"218114.8"
"30311754000";"2183900";"3296";"218123.1"
"30312834000";"2128400";"3296";"218131.1"
"30313920000";"2128400";"3296";"218139.0"
"30314999000";"2128400";"3296";"218147.0"
"30316080000";"2128400";"3296";"218155.3"
"30317427000";"2128400";"3296";"218163.6"
"30318508000";"2128400";"3296";"218171.6"
"30319587000";"2128400";"3296";"218179.5"
"30320667000";"2197200";"3296";"218187.9"
"30321747000";"2197200";"3296";"218195.8"
"30323095000";"2197200";"3296";"218204.1"
"30324175000";"2197200";"3296";"218212.1"
"30325255000";"2197200";"3296";"218220.1"
"30326335000";"2197200";"3296";"218228.0"
"30327416000";"2197200";"3296";"218236.3"
"30328759000";"2169200";"3296";"218245.8"
"30329838000";"2169200";"3296";"218253.8"
"30330919000";"2169200";"3296";"218262.1"
"30331999000";"2169200";"3296";"218270.0"
"30333084000";"2169200";"3296";"218278.0"
"30334426000";"2169200";"3296";"218287.8"
"30335506000";"2245100";"3296";"218295.8"
"30336586000";"2245100";"3296";"218303.7"
"30337666000";"2245100";"3296";"218312.1"
"30338746000";"2245100";"3296";"218320.0"
"30340088000";"2245100";"3296";"218328.3"
"30341168000";"2245100";"3296";"218336.3"
"30342249000";"2245100";"3295";"218344.3"
"30343333000";"2198800";"3296";"218352.6"
"30344414000";"2198800";"3296";"218360.5"
"30345756000";"2198800";"3296";"218368.9"
"30346836000";"2198800";"3296";"218376.8"
"30347915000";"2198800";"3296";"218384.8"
"30348995000";"2198800";"3296";"218392.7"
"30350074000";"2198800";"3296";"218400.7"
"30351417000";"2114300";"3296";"218409.0"
"30352497000";"2114300";"3296";"218416.9"
"30353582000";"2114300";"3296";"218425.3"
"30354663000";"2114300";"3296";"218433.2"
"30355742000";"2114300";"3296";"218441.2"
"30357085000";"2114300";"3296";"218449.5"
"30358165000";"2114300";"3296";"218457.8"
"30359250000";"2197200";"3296";"218465.8"
"30360329000";"2197200";"3296";"218473.7"
"30361410000";"2197200";"3296";"218481.7"
"30362753000";"2197200";"3296";"218490.0"
"30363838000";"2197200";"3296";"218498.0"
"30364919000";"2197200";"3296";"218506.3"
"30365999000";"2197200";"3296";"218514.2"
"30367079000";"2183500";"3296";"218522.2"
"30368422000";"2183500";"3296";"218530.5"
"30369502000";"2183500";"3296";"218538.5"
"30370583000";"2183500";"3296";"218546.4"
"30371662000";"2183500";"3296";"218554.4"
"30372743000";"2183500";"3296";"218562.7"
"30374092000";"2183500";"3296";"218571.0"
"30375171000";"2126500";"3296";"218579.0"
"30376250000";"2126500";"3296";"218586.9"
"30377330000";"2126500";"3296";"218594.9"
"30378410000";"2126500";"3296";"218603.2"
"30379754000";"2126500";"3296";"218611.5"
"30380833000";"2126500";"3296";"218619.5"
"30381912000";"2126500";"3296";"218627.4"
"30382998000";"2198800";"3296";"218635.8"
"30384078000";"2198800";"3296";"218643.7"
"30385421000";"2198800";"3296";"218652.0"
"30386501000";"2198800";"3297";"218660.0"
"30387581000";"2198800";"3296";"218668.0"
"30388662000";"2198800";"3296";"218675.9"
"30389742000";"2198800";"3296";"218683.9"
"30391084000";"2170700";"3296";"218693.7"
"30392165000";"2170700";"3296";"218701.7"
"30393251000";"2170700";"3296";"218709.6"
"30394330000";"2170700";"3296";"218717.9"
"30395411000";"2170700";"3296";"218725.9"
"30396753000";"2170700";"3296";"218734.2"
"30397833000";"2170700";"3296";"218742.2"
"30398913000";"2198300";"3296";"218750.5"
"30399993000";"2198300";"3296";"218758.4"
"30401078000";"2198300";"3296";"218766.4"
"30402420000";"2198300";"3296";"218776.2"
"30403505000";"2198300";"3296";"218784.2"
"30404585000";"2198300";"3296";"218792.1"
"30405664000";"2226700";"3296";"218800.1"
"30406745000";"2226700";"3296";"218808.1"
"30408087000";"2226700";"3296";"218817.9"
"30409168000";"2226700";"3296";"218825.9"
"30410247000";"2226700";"3296";"218833.8"
"30411327000";"2226700";"3296";"218842.1"
"30412407000";"2246400";"3296";"218850.1"
"30413756000";"2246400";"3296";"218858.4"
"30414835000";"2246400";"3296";"218866.4"
"30415915000";"2246400";"3296";"218874.3"
"30416995000";"2246400";"3297";"218882.6"
"30418075000";"2246400";"3297";"218890.6"
"30419418000";"2246400";"3297";"218898.9"
"30420497000";"2126900";"3297";"218906.9"
"30421578000";"2126900";"3297";"218914.8"
"30422658000";"2126900";"3297";"218923.2"
"30423744000";"2126900";"3297";"218931.1"
"30425086000";"2126900";"3297";"218940.6"
"30426166000";"2126900";"3297";"218948.9"
"30427246000";"2244500";"3297";"218956.9"
"30428327000";"2244500";"3297";"218964.8"
"30429406000";"2244500";"3297";"218972.8"
"30430748000";"2244500";"3297";"218981.1"
"30431828000";"2244500";"3297";"218989.0"
"30432914000";"2244500";"3297";"218997.0"
"30433994000";"2244500";"3296";"219005.3"
"30435073000";"2184100";"3296";"219013.3"
"30436416000";"2184100";"3296";"219021.6"
"30437497000";"2184100";"3296";"219029.5"
"30438577000";"2184100";"3296";"219037.9"
"30439657000";"2184100";"3296";"219045.8"
"30440737000";"2184100";"3296";"219053.8"
"30442080000";"2184100";"3296";"219062.1"
"30443171000";"2125000";"3296";"219070.1"
"30444250000";"2125000";"3296";"219078.0"
"30445331000";"2125000";"3296";"219086.3"
"30446410000";"2125000";"3296";"219094.3"
"30447753000";"2125000";"3296";"219103.8"
"30448833000";"2125000";"3296";"219112.1"
"30449913000";"2246600";"3296";"219120.0"
"30450993000";"2246600";"3296";"219128.0"
"30452072000";"2246600";"3296";"219135.9"
"30453421000";"2246600";"3296";"219144.3"
"30454501000";"2246600";"3296";"219152.2"
"30455582000";"2246600";"3296";"219160.6"
"30456661000";"2246600";"3296";"219168.5"
"30457741000";"2183900";"3296";"219176.5"
"30459084000";"2183900";"3296";"219184.8"
"30460165000";"2183900";"3296";"219193.1"
"30461244000";"2183900";"3296";"219201.1"
"30462324000";"2183900";"3296";"219209.0"
"30463409000";"2183900";"3296";"219217.0"
"30464752000";"2183900";"3296";"219225.3"
"30465833000";"2126500";"3296";"219233.2"
"30466912000";"2126500";"3296";"219241.2"
"30467993000";"2126500";"3296";"219249.5"
"30469072000";"2126500";"3296";"219257.5"
"30470415000";"2126500";"3296";"219266.9"
"30471495000";"2126500";"3296";"219275.3"
"30472576000";"2246400";"3296";"219283.2"
"30473662000";"2246400";"3296";"219291.2"
"30474741000";"2246400";"3296";"219299.1"
"30476085000";"2246400";"3296";"219307.5"
"30477165000";"2246400";"3296";"219315.8"
"30478245000";"2246400";"3296";"219323.7"
"30479324000";"2246400";"3296";"219331.7"
"30480405000";"2198100";"3296";"219340.0"
"30481747000";"2198100";"3296";"219348.3"
"30482826000";"2198100";"3296";"219356.3"
"30483911000";"2198100";"3296";"219364.2"
"30484996000";"2198100";"3296";"219372.2"
"30486075000";"2198100";"3296";"219380.2"
"30487419000";"2198100";"3296";"219388.5"
"30488499000";"2111700";"3296";"219396.4"
"30489580000";"2111700";"3296";"219404.4"
"30490660000";"2111700";"3296";"219412.7"
"30491740000";"2111700";"3296";"219420.7"
"30493089000";"2111700";"3296";"219429.0"
"30494169000";"2111700";"3296";"219436.9"
"30495249000";"2111700";"3296";"219445.3"
"30496329000";"2197900";"3296";"219453.2"
"30497409000";"2197900";"3296";"219461.2"
"30498752000";"2197900";"3296";"219469.5"
"30499833000";"2197900";"3296";"219477.8"
"30500912000";"2197900";"3296";"219485.8"
"30501993000";"2197900";"3296";"219493.7"
"30503077000";"2197900";"3296";"219501.7"
"30504420000";"2183800";"3296";"219511.5"
"30505499000";"2183800";"3296";"219519.5"
"30506578000";"2183800";"3296";"219527.4"
"30507658000";"2183800";"3296";"219535.4"
"30508739000";"2183800";"3296";"219543.3"
"30510082000";"2183800";"3296";"219551.7"
"30511162000";"2183800";"3296";"219559.6"
"30512242000";"2185500";"3296";"219567.9"
"30513328000";"2185500";"3296";"219575.9"
"30514407000";"2185500";"3296";"219583.8"
"30515749000";"2185500";"3296";"219592.2"
"30516829000";"2185500";"3296";"219600.5"
"30517908000";"2185500";"3296";"219608.5"
"30518988000";"2185500";"3296";"219616.4"
"30520068000";"2184400";"3296";"219624.4"
"30521411000";"2184400";"3296";"219634.2"
"30522490000";"2184400";"3296";"219642.2"
"30523576000";"2184400";"3296";"219650.1"
"30524656000";"2184400";"3296";"219658.4"
"30525736000";"2184400";"3296";"219666.4"
"30527083000";"2175200";"3296";"219674.7"
"30528163000";"2175200";"3296";"219682.7"
"30529243000";"2175200";"3296";"219690.6"
"30530322000";"2175200";"3296";"219698.6"
"30531402000";"2175200";"3296";"219706.5"
"30532745000";"2175200";"3296";"219714.8"
"30533829000";"2175200";"3296";"219723.2"
"30534908000";"2184600";"3296";"219731.1"
"30535989000";"2184600";"3296";"219739.1"
"30537069000";"2184600";"3296";"219747.0"
"30538412000";"2184600";"3296";"219755.7"
"30539492000";"2184600";"3296";"219763.7"
"30540572000";"2184600";"3296";"219771.6"
"30541652000";"2184600";"3296";"219779.6"
"30542732000";"2185000";"3296";"219787.5"
"30544081000";"2185000";"3296";"219797.4"
"30545161000";"2185000";"3296";"219805.3"
"30546242000";"2185000";"3296";"219813.3"
"30547322000";"2185000";"3296";"219821.6"
"30548402000";"2185000";"3296";"219829.6"
"30549745000";"2176000";"3296";"219837.9"
"30550825000";"2176000";"3296";"219845.8"
"30551905000";"2176000";"3296";"219853.8"
"30552991000";"2176000";"3296";"219862.1"
"30554071000";"2176000";"3296";"219870.1"
"30555414000";"2176000";"3296";"219879.9"
"30556493000";"2244700";"3296";"219887.9"
"30557573000";"2244700";"3296";"219895.8"
"30558653000";"2244700";"3296";"219904.2"
"30559733000";"2244700";"3296";"219912.1"
"30561076000";"2244700";"3296";"219920.4"
"30562156000";"2244700";"3296";"219928.4"
"30563242000";"2244700";"3296";"219936.3"
"30564321000";"2183700";"3296";"219944.3"
"30565402000";"2183700";"3296";"219952.2"
"30566745000";"2183700";"3296";"219962.1"
"30567825000";"2183700";"3296";"219970.0"
"30568910000";"2183700";"3296";"219978.4"
"30569989000";"2183700";"3296";"219986.3"
"30571070000";"2244700";"3296";"219994.3"
"30572412000";"2244700";"3296";"220002.6"
"30573498000";"2244700";"3296";"220010.6"
"30574577000";"2244700";"3296";"220018.9"
"30575657000";"2244700";"3296";"220026.8"
"30576736000";"2244700";"3296";"220034.8"
"30578080000";"2244700";"3296";"220043.1"
"30579159000";"2141300";"3296";"220051.4"
"30580239000";"2141300";"3297";"220059.4"
"30581319000";"2141300";"3296";"220067.4"
"30582398000";"2141300";"3296";"220075.3"
"30583747000";"2141300";"3296";"220083.6"
"30584828000";"2141300";"3296";"220092.0"
"30585908000";"2141300";"3296";"220099.9"
"30586988000";"2183700";"3296";"220107.9"
"30588067000";"2183700";"3296";"220115.8"
"30589409000";"2183700";"3296";"220124.1"
"30590489000";"2183700";"3296";"220132.1"
"30591569000";"2183700";"3296";"220140.0"
"30592649000";"2183700";"3297";"220148.0"
"30593735000";"2183700";"3297";"220156.3"
"30595077000";"2127000";"3297";"220164.6"
"30596158000";"2127000";"3296";"220172.6"
"30597237000";"2127000";"3296";"220180.5"
"30598316000";"2127000";"3297";"220188.9"
"30599396000";"2127000";"3297";"220196.8"
"30600739000";"2127000";"3297";"220205.2"
"30601819000";"2127000";"3297";"220213.1"
"30602904000";"2184300";"3297";"220221.1"
"30603984000";"2184300";"3297";"220229.4"
"30605064000";"2184300";"3297";"220237.3"
"30606407000";"2184300";"3297";"220245.7"
"30607487000";"2184300";"3297";"220253.6"
"30608566000";"2184300";"3297";"220261.6"
"30609646000";"2184300";"3297";"220269.5"
"30610730000";"2199200";"3297";"220277.9"
"30612073000";"2199200";"3297";"220286.2"
"30613158000";"2199200";"3297";"220294.1"
"30614238000";"2199200";"3297";"220302.1"
"30615317000";"2199200";"3297";"220310.0"
"30616398000";"2199200";"3297";"220318.4"
"30617740000";"2199200";"3297";"220326.7"
"30618821000";"2126700";"3297";"220334.6"
"30619900000";"2126700";"3297";"220342.6"
"30620981000";"2126700";"3297";"220350.9"
"30622061000";"2126700";"3297";"220358.9"
"30623410000";"2126700";"3297";"220367.2"
"30624490000";"2126700";"3297";"220375.1"
"30625571000";"2126700";"3297";"220383.1"
"30626650000";"2183400";"3297";"220391.1"
"30627729000";"2183400";"3297";"220399.0"
"30629072000";"2183400";"3297";"220407.3"
"30630153000";"2183400";"3297";"220415.3"
"30631233000";"2183400";"3297";"220423.6"
"30632312000";"2183400";"3297";"220431.6"
"30633397000";"2183400";"3297";"220439.5"
"30634739000";"2127200";"3297";"220447.8"
"30635819000";"2127200";"3297";"220455.8"
"30636899000";"2127200";"3297";"220464.1"
"30637979000";"2127200";"3297";"220472.1"
"30639059000";"2127200";"3297";"220480.0"
"30640401000";"2127200";"3297";"220489.9"
"30641481000";"2246800";"3297";"220497.8"
"30642561000";"2246800";"3297";"220505.8"
"30643648000";"2246800";"3297";"220514.1"
"30644727000";"2246800";"3297";"220522.1"
"30646071000";"2246800";"3297";"220530.4"
"30647151000";"2246800";"3297";"220538.3"
"30648231000";"2246800";"3297";"220546.3"
"30649311000";"2183400";"3297";"220554.2"
"30650391000";"2183400";"3297";"220562.2"
"30651734000";"2183400";"3297";"220572.0"
"30652819000";"2183400";"3296";"220580.0"
"30653905000";"2183400";"3296";"220587.9"
"30654985000";"2183400";"3296";"220596.3"
"30656065000";"2242800";"3297";"220604.2"
"30657407000";"2242800";"3297";"220612.5"
"30658487000";"2242800";"3297";"220620.5"
"30659567000";"2242800";"3297";"220628.8"
"30660647000";"2242800";"3297";"220636.8"
"30661727000";"2242800";"3297";"220644.7"
"30663075000";"2242800";"3296";"220653.1"
"30664154000";"2141300";"3296";"220661.4"
"30665234000";"2141300";"3297";"220669.3"
"30666313000";"2141300";"3297";"220677.3"
"30667393000";"2141300";"3297";"220685.2"
"30668737000";"2141300";"3297";"220695.1"
"30669816000";"2141300";"3297";"220703.0"
"30670896000";"2229700";"3297";"220711.0"
"30671976000";"2229700";"3297";"220718.9"
"30673061000";"2229700";"3296";"220726.9"
"30674404000";"2229700";"3296";"220735.2"
"30675484000";"2229700";"3296";"220743.6"
"30676564000";"2229700";"3296";"220751.5"
"30677644000";"2229700";"3296";"220759.5"
"30678723000";"2198800";"3296";"220767.8"
"30680066000";"2198800";"3296";"220776.1"
"30681146000";"2198800";"3296";"220784.1"
"30682226000";"2198800";"3296";"220792.0"
"30683312000";"2198800";"3296";"220800.0"
"30684391000";"2198800";"3296";"220807.9"
"30685735000";"2159900";"3296";"220817.8"
"30686814000";"2159900";"3296";"220825.7"
"30687895000";"2159900";"3296";"220833.7"
"30688974000";"2159900";"3296";"220842.0"
"30690055000";"2159900";"3296";"220850.0"
"30691397000";"2159900";"3296";"220858.3"
"30692477000";"2159900";"3296";"220866.2"
"30693562000";"2183900";"3296";"220874.2"
"30694646000";"2183900";"3296";"220882.5"
"30695726000";"2183900";"3296";"220890.5"
"30697068000";"2183900";"3296";"220898.8"
"30698147000";"2183900";"3296";"220906.7"
"30699228000";"2183900";"3296";"220915.1"
"30700307000";"2183900";"3296";"220923.0"
"30701388000";"2199400";"3296";"220931.0"
"30702730000";"2199400";"3296";"220939.3"
"30703815000";"2199400";"3296";"220947.2"
"30704896000";"2199400";"3296";"220955.2"
"30705975000";"2199400";"3296";"220963.1"
"30707055000";"2199400";"3296";"220971.5"
"30708398000";"2160100";"3296";"220980.9"
"30709478000";"2160100";"3296";"220988.9"
"30710558000";"2160100";"3296";"220997.2"
"30711637000";"2160100";"3296";"221005.2"
"30712718000";"2160100";"3296";"221013.1"
"30714065000";"2160100";"3296";"221021.5"
"30715145000";"2160100";"3296";"221029.4"
"30716225000";"2199000";"3296";"221037.7"
"30717305000";"2199000";"3296";"221045.7"
"30718384000";"2199000";"3296";"221053.6"
"30719726000";"2199000";"3296";"221063.5"
"30720805000";"2199000";"3296";"221071.4"
"30721886000";"2199000";"3296";"221079.4"
"30722972000";"2244900";"3296";"221087.7"
"30724052000";"2244900";"3296";"221095.7"
"30725394000";"2244900";"3296";"221104.0"
"30726474000";"2244900";"3296";"221112.0"
"30727553000";"2244900";"3296";"221119.9"
"30728633000";"2244900";"3296";"221127.9"
"30729713000";"2244900";"3296";"221136.2"
"30731056000";"2128700";"3296";"221144.5"
"30732136000";"2128700";"3296";"221152.5"
"30733222000";"2128700";"3296";"221160.4"
"30734301000";"2128700";"3296";"221168.4"
"30735381000";"2128700";"3296";"221176.3"
"30736729000";"2128700";"3296";"221185.0"
"30737808000";"2128700";"3296";"221193.0"
"30738887000";"2182800";"3296";"221200.9"
"30739967000";"2182800";"3296";"221208.9"
"30741047000";"2182800";"3296";"221217.2"
"30742390000";"2182800";"3296";"221225.5"
"30743475000";"2182800";"3297";"221233.5"
"30744554000";"2182800";"3297";"221241.4"
"30745633000";"2182800";"3297";"221249.4"
"30746713000";"2184600";"3297";"221257.3"
"30748056000";"2184600";"3296";"221265.7"
"30749136000";"2184600";"3296";"221273.6"
"30750216000";"2184600";"3296";"221281.6"
"30751296000";"2184600";"3297";"221289.9"
"30752376000";"2184600";"3297";"221297.9"
"30753725000";"2184600";"3297";"221306.2"
"30754805000";"2126200";"3297";"221314.1"
"30755884000";"2126200";"3297";"221322.1"
"30756964000";"2126200";"3296";"221330.4"
"30758043000";"2126200";"3296";"221338.4"
"30759386000";"2126200";"3296";"221346.7"
"30760467000";"2126200";"3296";"221354.6"
"30761548000";"2126200";"3296";"221363.0"
"30762628000";"2200100";"3297";"221370.9"
"30763713000";"2200100";"3297";"221378.9"
"30765056000";"2200100";"3297";"221387.2"
"30766137000";"2200100";"3297";"221395.1"
"30767216000";"2200100";"3297";"221403.1"
"30768295000";"2200100";"3297";"221411.0"
"30769376000";"2200100";"3296";"221419.0"
"30770719000";"2112400";"3296";"221427.3"
"30771799000";"2112400";"3297";"221435.7"
"30772885000";"2112400";"3297";"221443.6"
"30773965000";"2112400";"3297";"221451.6"
"30775045000";"2112400";"3297";"221459.5"
"30776387000";"2112400";"3296";"221467.8"
"30777468000";"2112400";"3297";"221476.2"
"30778553000";"2197000";"3297";"221484.1"
"30779632000";"2197000";"3297";"221492.4"
"30780712000";"2197000";"3297";"221500.4"
"30782055000";"2197000";"3297";"221508.7"
"30783140000";"2197000";"3297";"221516.7"
"30784220000";"2197000";"3297";"221524.6"
"30785299000";"2197000";"3297";"221532.6"
"30786378000";"2184400";"3297";"221540.5"
"30787722000";"2184400";"3297";"221548.9"
"30788802000";"2184400";"3297";"221556.8"
"30789882000";"2184400";"3297";"221565.1"
"30790963000";"2184400";"3297";"221573.1"
"30792043000";"2184400";"3297";"221581.0"
"30793392000";"2175600";"3297";"221590.9"
"30794471000";"2175600";"3297";"221598.8"
"30795551000";"2175600";"3297";"221606.8"
"30796631000";"2175600";"3297";"221614.7"
"30797711000";"2175600";"3297";"221623.1"
"30799053000";"2175600";"3297";"221631.4"
"30800132000";"2175600";"3297";"221639.3"
"30801212000";"2186100";"3297";"221647.3"
"30802292000";"2186100";"3297";"221655.6"
"30803377000";"2186100";"3297";"221663.6"
"30804720000";"2186100";"3297";"221673.1"
"30805800000";"2186100";"3297";"221681.4"
"30806879000";"2186100";"3297";"221689.3"
"30807959000";"2245100";"3297";"221697.3"
"30809039000";"2245100";"3297";"221705.2"
"30810382000";"2245100";"3297";"221715.1"
"30811462000";"2245100";"3297";"221723.0"
"30812542000";"2245100";"3297";"221731.0"
"30813628000";"2245100";"3297";"221738.9"
"30814708000";"2244500";"3297";"221747.3"
"30816051000";"2244500";"3297";"221755.6"
"30817130000";"2244500";"3297";"221763.5"
"30818211000";"2244500";"3297";"221771.5"
"30819291000";"2244500";"3297";"221779.8"
"30820375000";"2244500";"3297";"221787.8"
"30821717000";"2244500";"3297";"221796.1"
"30822798000";"2127000";"3297";"221804.1"
"30823882000";"2127000";"3297";"221812.0"
"30824961000";"2127000";"3297";"221820.0"
"30826042000";"2127000";"3297";"221827.9"
"30827385000";"2127000";"3297";"221836.2"
"30828465000";"2127000";"3297";"221844.2"
"30829545000";"2127000";"3297";"221852.5"
"30830625000";"2184100";"3297";"221860.5"
"30831705000";"2184100";"3297";"221868.4"
"30833053000";"2184100";"3297";"221876.7"
"30834133000";"2184100";"3297";"221884.7"
"30835213000";"2184100";"3297";"221892.6"
"30836293000";"2184100";"3297";"221901.0"
"30837374000";"2184100";"3297";"221908.9"
"30838716000";"2126500";"3297";"221917.3"
"30839796000";"2126500";"3297";"221925.2"
"30840877000";"2126500";"3297";"221933.5"
"30841957000";"2126500";"3297";"221941.5"
"30843043000";"2126500";"3297";"221949.4"
"30844385000";"2126500";"3297";"221957.8"
"30845465000";"2126500";"3297";"221965.7"
"30846545000";"2183700";"3297";"221973.7"
"30847625000";"2183700";"3297";"221981.6"
"30848705000";"2183700";"3297";"221990.0"
"30850048000";"2183700";"3297";"221998.3"
"30851128000";"2183700";"3297";"222006.2"
"30852208000";"2183700";"3297";"222014.2"
"30853294000";"2183700";"3297";"222022.1"
"30854373000";"2183700";"3297";"222030.1"
"30855717000";"2183700";"3297";"222038.4"
"30856798000";"2183700";"3297";"222046.7"
"30857877000";"2183700";"3297";"222054.7"
"30858956000";"2183700";"3297";"222062.6"
"30860036000";"2183700";"3297";"222071.0"
"30861379000";"2183700";"3297";"222079.3"
"30862464000";"2141100";"3297";"222087.2"
"30863548000";"2141100";"3297";"222095.2"
"30864628000";"2141100";"3297";"222103.2"
"30865708000";"2141100";"3297";"222111.1"
"30867051000";"2141100";"3297";"222119.4"
"30868131000";"2141100";"3297";"222127.4"
"30869210000";"2141100";"3297";"222135.3"
"30870290000";"2184300";"3297";"222143.7"
"30871370000";"2184300";"3297";"222151.6"
"30872713000";"2184300";"3297";"222159.9"
"30873798000";"2184300";"3297";"222167.9"
"30874878000";"2184300";"3297";"222175.8"
"30875958000";"2184300";"3297";"222184.2"
"30877038000";"2184300";"3297";"222192.1"
"30878382000";"2126500";"3297";"222200.4"
"30879462000";"2126500";"3297";"222208.4"
"30880542000";"2126500";"3297";"222216.7"
"30881623000";"2126500";"3297";"222224.7"
"30882702000";"2126500";"3297";"222232.6"
"30884050000";"2126500";"3297";"222241.0"
"30885130000";"2126500";"3297";"222248.9"
"30886210000";"2183700";"3297";"222256.9"
"30887290000";"2183700";"3297";"222264.8"
"30888369000";"2183700";"3297";"222272.8"
"30889712000";"2183700";"3297";"222282.6"
"30890793000";"2183700";"3297";"222290.6"
"30891873000";"2183700";"3296";"222298.5"
"30892958000";"2244700";"3296";"222306.8"
"30894039000";"2244700";"3296";"222314.8"
"30895381000";"2244700";"3296";"222323.1"
"30896462000";"2244700";"3296";"222331.1"
"30897541000";"2244700";"3296";"222339.4"
"30898622000";"2244700";"3296";"222347.4"
"30899701000";"2244700";"3296";"222355.3"
"30901043000";"2128200";"3296";"222363.6"
"30902124000";"2128200";"3296";"222371.6"
"30903210000";"2128200";"3296";"222379.9"
"30904293000";"2128200";"3296";"222387.9"
"30905374000";"2128200";"3296";"222395.8"
"30906716000";"2128200";"3296";"222404.1"
"30907796000";"2128200";"3296";"222412.1"
"30908876000";"2182500";"3296";"222420.0"
"30909956000";"2182500";"3296";"222428.4"
"30911036000";"2182500";"3296";"222436.3"
"30912379000";"2182500";"3296";"222445.8"
"30913465000";"2182500";"3296";"222454.1"
"30914544000";"2182500";"3296";"222462.1"
"30915623000";"2245100";"3296";"222470.0"
"30916703000";"2245100";"3296";"222478.4"
"30918046000";"2245100";"3296";"222487.8"
"30919126000";"2245100";"3296";"222496.2"
"30920206000";"2245100";"3296";"222504.1"
"30921287000";"2245100";"3296";"222512.1"
"30922366000";"2246400";"3296";"222520.0"
"30923715000";"2246400";"3296";"222529.9"
"30924794000";"2246400";"3296";"222537.8"
"30925875000";"2246400";"3296";"222546.1"
"30926955000";"2246400";"3296";"222554.1"
"30928034000";"2246400";"3296";"222562.1"
"30929377000";"2242500";"3296";"222571.9"
"30930457000";"2242500";"3297";"222579.8"
"30931537000";"2242500";"3297";"222587.8"
"30932618000";"2242500";"3297";"222595.8"
"30933704000";"2242500";"3297";"222603.7"
"30935047000";"2242500";"3296";"222612.0"
"30936128000";"2242500";"3297";"222620.4"
"30937207000";"2183400";"3296";"222628.3"
"30938287000";"2183400";"3296";"222636.3"
"30939367000";"2183400";"3296";"222644.6"
"30940710000";"2183400";"3296";"222652.9"
"30941790000";"2183400";"3296";"222660.9"
"30942876000";"2183400";"3296";"222668.8"
"30943955000";"2183400";"3296";"222676.8"
"30945035000";"2183700";"3296";"222684.7"
"30946383000";"2183700";"3296";"222693.4"
"30947463000";"2183700";"3297";"222701.4"
"30948544000";"2183700";"3297";"222709.3"
"30949623000";"2183700";"3297";"222717.3"
"30950702000";"2183700";"3297";"222725.2"
"30952045000";"2183700";"3297";"222733.6"
"30953130000";"2125500";"3297";"222741.5"
"30954210000";"2125500";"3297";"222749.8"
"30955290000";"2125500";"3297";"222757.8"
"30956371000";"2125500";"3297";"222765.7"
"30957713000";"2125500";"3297";"222774.1"
"30958793000";"2125500";"3297";"222782.0"
"30959873000";"2125500";"3297";"222790.4"
"30960953000";"2200100";"3297";"222798.3"
"30962033000";"2200100";"3297";"222806.3"
"30963381000";"2200100";"3297";"222814.6"
"30964462000";"2200100";"3297";"222822.5"
"30965543000";"2200100";"3297";"222830.5"
"30966623000";"2200100";"3297";"222838.8"
"30967703000";"2200100";"3297";"222846.8"
"30969046000";"2126200";"3297";"222855.1"
"30970126000";"2126200";"3297";"222863.0"
"30971207000";"2126200";"3297";"222871.0"
"30972286000";"2126200";"3297";"222878.9"
"30973372000";"2126200";"3297";"222886.9"
"30974715000";"2126200";"3297";"222895.2"
"30975795000";"2126200";"3297";"222903.5"
"30976876000";"2183400";"3297";"222911.5"
"30977955000";"2183400";"3297";"222919.5"
"30979036000";"2183400";"3297";"222927.8"
"30980378000";"2183400";"3297";"222937.3"
"30981459000";"2183400";"3297";"222945.6"
"30982540000";"2183400";"3297";"222953.5"
"30983625000";"2244300";"3297";"222961.5"
"30984705000";"2244300";"3297";"222969.4"
"30986048000";"2244300";"3297";"222977.8"
"30987128000";"2244300";"3296";"222985.7"
"30988213000";"2244300";"3296";"222994.0"
"30989292000";"2244300";"3297";"223002.0"
"30990373000";"2244300";"3297";"223010.0"
"30991715000";"2184000";"3297";"223019.8"
"30992795000";"2184000";"3297";"223027.7"
"30993881000";"2184000";"3297";"223035.7"
"30994961000";"2184000";"3297";"223043.7"
"30996041000";"2184000";"3297";"223052.0"
"30997385000";"2184000";"3297";"223060.3"
"30998464000";"2184000";"3297";"223068.3"
"30999543000";"2183900";"3297";"223076.2"
"31000622000";"2183900";"3297";"223084.2"
"31001702000";"2183900";"3297";"223092.5"
"31003050000";"2183900";"3297";"223100.8"
"31004130000";"2183900";"3297";"223108.8"
"31005210000";"2183900";"3297";"223116.7"
"31006291000";"2183900";"3297";"223124.7"
"31007370000";"2184300";"3297";"223132.6"
"31008713000";"2184300";"3297";"223142.5"
"31009793000";"2184300";"3297";"223150.4"
"31010873000";"2184300";"3297";"223158.4"
"31011953000";"2184300";"3297";"223166.3"
"31013039000";"2184300";"3297";"223174.7"
"31014381000";"2176400";"3297";"223183.0"
"31015461000";"2176400";"3297";"223190.9"
"31016540000";"2176400";"3297";"223198.9"
"31017621000";"2176400";"3297";"223207.2"
"31018700000";"2176400";"3297";"223215.2"
"31020043000";"2176400";"3297";"223223.5"
"31021123000";"2176400";"3297";"223231.4"
"31022204000";"2200100";"3297";"223239.8"
"31023289000";"2200100";"3296";"223247.7"
"31024369000";"2200100";"3296";"223255.7"
"31025712000";"2200100";"3296";"223264.0"
"31026792000";"2200100";"3296";"223272.0"
"31027872000";"2200100";"3296";"223279.9"
"31028953000";"2200100";"3296";"223287.9"
"31030038000";"2182100";"3296";"223296.2"
"31031381000";"2182100";"3296";"223304.5"
"31032461000";"2182100";"3296";"223312.5"
"31033546000";"2182100";"3296";"223320.4"
"31034627000";"2182100";"3296";"223328.4"
"31035706000";"2182100";"3296";"223336.3"
"31037049000";"2182100";"3296";"223344.6"
"31038129000";"2126700";"3296";"223353.0"
"31039209000";"2126700";"3296";"223360.9"
"31040288000";"2126700";"3296";"223368.9"
"31041367000";"2126700";"3296";"223377.2"
"31042710000";"2126700";"3296";"223385.5"
"31043795000";"2126700";"3297";"223393.5"
"31044875000";"2126700";"3296";"223401.4"
"31045955000";"2184400";"3296";"223409.4"
"31047035000";"2184400";"3296";"223417.3"
"31048378000";"2184400";"3296";"223427.2"
"31049457000";"2184400";"3296";"223435.1"
"31050537000";"2184400";"3296";"223443.1"
"31051617000";"2184400";"3296";"223451.0"
"31052698000";"2229300";"3296";"223459.0"
"31054046000";"2229300";"3296";"223467.3"
"31055127000";"2229300";"3296";"223475.6"
"31056207000";"2229300";"3296";"223483.6"
"31057286000";"2229300";"3296";"223491.6"
"31058366000";"2229300";"3296";"223499.9"
"31059708000";"2229300";"3296";"223508.2"
"31060789000";"2141000";"3296";"223516.2"
"31061868000";"2141000";"3296";"223524.1"
"31062953000";"2141000";"3296";"223532.4"
"31064033000";"2141000";"3296";"223540.4"
"31065376000";"2141000";"3296";"223548.7"
"31066457000";"2141000";"3296";"223556.7"
"31067536000";"2141000";"3296";"223564.6"
"31068616000";"2184100";"3296";"223572.6"
"31069696000";"2184100";"3296";"223580.5"
"31071038000";"2184100";"3296";"223588.8"
"31072124000";"2184100";"3296";"223597.2"
"31073209000";"2184100";"3296";"223605.1"
"31074289000";"2184100";"3296";"223613.1"
"31075369000";"2184100";"3296";"223621.0"
"31076712000";"2125300";"3296";"223629.4"
"31077793000";"2125300";"3297";"223637.7"
"31078872000";"2125300";"3296";"223645.6"
"31079952000";"2125300";"3296";"223653.6"
"31081032000";"2125300";"3296";"223661.9"
"31082374000";"2125300";"3296";"223671.4"
"31083460000";"2261800";"3296";"223679.7"
"31084539000";"2261800";"3297";"223687.7"
"31085619000";"2261800";"3297";"223695.6"
"31086700000";"2261800";"3297";"223703.6"
"31088042000";"2261800";"3297";"223711.9"
"31089122000";"2261800";"3297";"223719.9"
"31090202000";"2261800";"3296";"223727.8"
"31091282000";"2170800";"3296";"223735.8"
"31092362000";"2170800";"3297";"223744.1"
"31093710000";"2170800";"3296";"223752.4"
"31094790000";"2170800";"3296";"223760.4"
"31095870000";"2170800";"3296";"223768.3"
"31096950000";"2170800";"3296";"223776.3"
"31098030000";"2170800";"3296";"223784.6"
"31099373000";"2141000";"3296";"223792.9"
"31100453000";"2141000";"3296";"223800.9"
"31101532000";"2141000";"3296";"223808.8"
"31102612000";"2141000";"3296";"223816.8"
"31103697000";"2141000";"3296";"223825.1"
"31105039000";"2141000";"3296";"223835.0"
"31106119000";"2245300";"3297";"223842.9"
"31107200000";"2245300";"3297";"223850.9"
"31108280000";"2245300";"3297";"223858.8"
"31109360000";"2245300";"3297";"223866.8"
"31110703000";"2245300";"3296";"223875.1"
"31111782000";"2245300";"3296";"223883.0"
"31112867000";"2245300";"3296";"223891.0"
"31113951000";"2168100";"3296";"223898.9"
"31115032000";"2168100";"3297";"223907.3"
"31116375000";"2168100";"3297";"223915.6"
"31117454000";"2168100";"3297";"223923.5"
"31118533000";"2168100";"3297";"223931.5"
"31119614000";"2168100";"3297";"223939.8"
"31120693000";"2168100";"3297";"223947.8"
"31122036000";"2199700";"3297";"223957.6"
"31123121000";"2199700";"3297";"223965.6"
"31124201000";"2199700";"3297";"223973.5"
"31125281000";"2199700";"3297";"223981.5"
"31126361000";"2199700";"3297";"223989.4"
"31127702000";"2199700";"3297";"223997.8"
"31128782000";"2199700";"3297";"224005.7"
"31129861000";"2169900";"3297";"224013.7"
"31130942000";"2169900";"3297";"224021.6"
"31132021000";"2169900";"3297";"224029.6"
"31133370000";"2169900";"3297";"224037.9"
"31134449000";"2169900";"3297";"224046.2"
"31135530000";"2169900";"3297";"224054.2"
"31136609000";"2169900";"3297";"224062.1"
"31137689000";"2184100";"3297";"224070.1"
"31139032000";"2184100";"3297";"224079.9"
"31140112000";"2184100";"3297";"224087.9"
"31141191000";"2184100";"3297";"224096.2"
"31142272000";"2184100";"3297";"224104.2"
"31143358000";"2184100";"3297";"224112.1"
"31144700000";"2242100";"3297";"224122.0"
"31145781000";"2242100";"3297";"224129.9"
"31146861000";"2242100";"3297";"224137.9"
"31147941000";"2242100";"3297";"224145.8"
"31149022000";"2242100";"3297";"224153.8"
"31150364000";"2242100";"3297";"224162.1"
"31151444000";"2242100";"3297";"224170.0"
"31152524000";"2170400";"3297";"224178.0"
"31153610000";"2170400";"3297";"224185.9"
"31154690000";"2170400";"3297";"224194.3"
"31156038000";"2170400";"3297";"224202.6"
"31157118000";"2170400";"3297";"224210.5"
"31158197000";"2170400";"3297";"224218.5"
"31159276000";"2170400";"3297";"224226.8"
"31160357000";"2197200";"3297";"224234.8"
"31161699000";"2197200";"3297";"224243.1"
"31162779000";"2197200";"3297";"224251.1"
"31163864000";"2197200";"3297";"224259.0"
"31164944000";"2197200";"3297";"224267.0"
"31166025000";"2197200";"3297";"224274.9"
"31167367000";"2197200";"3297";"224283.2"
"31168448000";"2112400";"3297";"224291.2"
"31169527000";"2112400";"3297";"224299.1"
"31170608000";"2112400";"3297";"224307.5"
"31171688000";"2112400";"3297";"224315.4"
"31173036000";"2112400";"3297";"224325.3"
"31174115000";"2112400";"3297";"224333.2"
"31175196000";"2244700";"3297";"224341.2"
"31176275000";"2244700";"3297";"224349.1"
"31177356000";"2244700";"3297";"224357.1"
"31178699000";"2244700";"3296";"224365.4"
"31179779000";"2244700";"3296";"224373.7"
"31180860000";"2244700";"3296";"224381.7"
"31181939000";"2244700";"3296";"224389.6"
"31183025000";"2198300";"3296";"224398.0"
"31184368000";"2198300";"3296";"224405.9"
"31185449000";"2198300";"3296";"224414.2"
"31186529000";"2198300";"3296";"224422.2"
"31187609000";"2198300";"3296";"224430.1"
"31188689000";"2198300";"3297";"224438.1"
"31190032000";"2198300";"3297";"224446.4"
"31191113000";"2113300";"3297";"224454.4"
"31192192000";"2113300";"3297";"224462.3"
"31193278000";"2113300";"3297";"224470.3"
"31194357000";"2113300";"3297";"224478.2"
"31195699000";"2113300";"3297";"224486.5"
"31196780000";"2113300";"3297";"224494.5"
"31197864000";"2113300";"3297";"224502.8"
"31198944000";"2182800";"3297";"224510.8"
"31200025000";"2182800";"3297";"224518.7"
"31201367000";"2182800";"3296";"224527.1"
"31202448000";"2182800";"3296";"224535.0"
"31203532000";"2182800";"3296";"224543.0"
"31204613000";"2182800";"3297";"224551.3"
"31205694000";"2182800";"3297";"224559.2"
"31207035000";"2169500";"3296";"224568.7"
"31208116000";"2169500";"3297";"224576.7"
"31209196000";"2169500";"3297";"224585.0"
"31210276000";"2169500";"3297";"224592.9"
"31211356000";"2169500";"3297";"224600.9"
"31212699000";"2169500";"3297";"224609.2"
"31213785000";"2169500";"3297";"224617.2"
"31214864000";"2183500";"3297";"224625.1"
"31215944000";"2183500";"3297";"224633.1"
"31217025000";"2183500";"3297";"224641.4"
"31218368000";"2183500";"3297";"224649.7"
"31219447000";"2183500";"3297";"224657.7"
"31220526000";"2183500";"3297";"224665.6"
"31221605000";"2183500";"3297";"224673.6"
"31222686000";"2200500";"3297";"224681.9"
"31224034000";"2200500";"3298";"224689.9"
"31225114000";"2200500";"3298";"224698.2"
"31226193000";"2200500";"3298";"224706.1"
"31227273000";"2200500";"3298";"224714.1"
"31228353000";"2200500";"3298";"224722.1"
"31229696000";"2200500";"3298";"224730.4"
"31230777000";"2112400";"3298";"224738.3"
"31231856000";"2112400";"3298";"224746.3"
"31232941000";"2112400";"3298";"224754.6"
"31234021000";"2112400";"3298";"224762.6"
"31235364000";"2112400";"3298";"224770.9"
"31236444000";"2112400";"3298";"224778.8"
"31237525000";"2112400";"3298";"224786.8"
"31238605000";"2183700";"3298";"224794.7"
"31239749000";"2183700";"3298";"224803.1"
"31241092000";"2183700";"3298";"224811.4"
"31242171000";"2183700";"3298";"224819.3"
"31243257000";"2183700";"3298";"224827.3"
"31244337000";"2183700";"3298";"224835.2"
"31245417000";"2183700";"3298";"224843.6"
"31246760000";"2166600";"3298";"224853.0"
"31247840000";"2166600";"3298";"224861.0"
"31248920000";"2166600";"3298";"224868.9"
"31250000000";"2166600";"3298";"224877.3"
"31251081000";"2166600";"3298";"224885.2"
"31252423000";"2166600";"3298";"224893.6"
"31253509000";"2166600";"3298";"224901.5"
"31254588000";"2183700";"3298";"224909.5"
"31255667000";"2183700";"3298";"224917.4"
"31256748000";"2183700";"3298";"224925.4"
"31258090000";"2183700";"3298";"224933.7"
"31259170000";"2183700";"3298";"224942.0"
"31260250000";"2183700";"3298";"224950.0"
"31261330000";"2183700";"3298";"224957.9"
"31262409000";"2185900";"3298";"224965.9"
"31263758000";"2185900";"3298";"224974.2"
"31264837000";"2185900";"3298";"224982.1"
"31265918000";"2185900";"3297";"224990.1"
"31266997000";"2185900";"3297";"224998.0"
"31268076000";"2185900";"3297";"225006.0"
"31269419000";"2185900";"3297";"225014.3"
"31270499000";"2112800";"3297";"225022.3"
"31271579000";"2112800";"3297";"225030.2"
"31272659000";"2112800";"3297";"225038.6"
"31273744000";"2112800";"3297";"225046.5"
"31275086000";"2112800";"3297";"225054.8"
"31276165000";"2112800";"3297";"225062.8"
"31277246000";"2112800";"3297";"225070.7"
"31278325000";"2184400";"3297";"225078.7"
"31279405000";"2184400";"3297";"225086.6"
"31280748000";"2184400";"3297";"225095.0"
"31281833000";"2184400";"3297";"225103.3"
"31282919000";"2184400";"3297";"225111.2"
"31283999000";"2184400";"3297";"225119.2"
"31285079000";"2184400";"3296";"225127.1"
"31286421000";"2125200";"3296";"225135.5"
"31287501000";"2125200";"3296";"225143.4"
"31288581000";"2125200";"3296";"225151.8"
"31289661000";"2125200";"3296";"225159.7"
"31290741000";"2125200";"3296";"225167.7"
"31292084000";"2125200";"3296";"225177.1"
"31293169000";"2244700";"3296";"225185.5"
"31294250000";"2244700";"3296";"225193.4"
"31295330000";"2244700";"3296";"225201.4"
"31296409000";"2244700";"3296";"225209.3"
"31297752000";"2244700";"3296";"225217.6"
"31298832000";"2244700";"3296";"225225.6"
"31299912000";"2244700";"3296";"225233.9"
"31300992000";"2185300";"3296";"225241.9"
"31302073000";"2185300";"3296";"225249.8"
"31303420000";"2185300";"3296";"225258.1"
"31304499000";"2185300";"3296";"225266.1"
"31305580000";"2185300";"3296";"225274.0"
"31306660000";"2185300";"3296";"225282.0"
"31307740000";"2185300";"3296";"225290.0"
"31309082000";"2112600";"3296";"225298.3"
"31310163000";"2112600";"3296";"225306.2"
"31311242000";"2112600";"3296";"225314.2"
"31312322000";"2112600";"3296";"225322.5"
"31313408000";"2112600";"3296";"225330.5"
"31314751000";"2112600";"3296";"225338.8"
"31315831000";"2112600";"3296";"225346.7"
"31316911000";"2183700";"3296";"225354.7"
"31317990000";"2183700";"3296";"225362.6"
"31319070000";"2183700";"3296";"225370.6"
"31320412000";"2183700";"3296";"225378.9"
"31321492000";"2183700";"3296";"225387.2"
"31322572000";"2183700";"3297";"225395.2"
"31323663000";"2183700";"3297";"225403.1"
"31324743000";"2182800";"3297";"225411.1"
"31326085000";"2182800";"3297";"225419.4"
"31327166000";"2182800";"3297";"225427.4"
"31328247000";"2182800";"3297";"225435.3"
"31329327000";"2182800";"3297";"225443.7"
"31330407000";"2182800";"3297";"225451.6"
"31331751000";"2182800";"3297";"225459.9"
"31332831000";"2127400";"3297";"225467.9"
"31333916000";"2127400";"3297";"225475.8"
"31334997000";"2127400";"3297";"225483.8"
"31336076000";"2127400";"3297";"225491.7"
"31337418000";"2127400";"3297";"225500.1"
"31338498000";"2127400";"3297";"225508.0"
"31339578000";"2127400";"3297";"225516.3"
"31340659000";"2183900";"3297";"225524.3"
"31341738000";"2183900";"3297";"225532.2"
"31343087000";"2183900";"3297";"225540.6"
"31344167000";"2183900";"3297";"225548.5"
"31345247000";"2183900";"3297";"225556.5"
"31346327000";"2183900";"3297";"225564.4"
"31347407000";"2183900";"3297";"225572.4"
"31348750000";"2169500";"3297";"225582.2"
"31349829000";"2169500";"3296";"225590.2"
"31350909000";"2169500";"3296";"225598.1"
"31351990000";"2169500";"3296";"225606.1"
"31353075000";"2169500";"3296";"225614.0"
"31354418000";"2169500";"3296";"225622.4"
"31355498000";"2169500";"3296";"225630.3"
"31356579000";"2183500";"3296";"225638.6"
"31357659000";"2183500";"3296";"225646.6"
"31358739000";"2183500";"3296";"225654.5"
"31360082000";"2183500";"3296";"225662.9"
"31361163000";"2183500";"3296";"225670.8"
"31362243000";"2183500";"3296";"225679.1"
"31363329000";"2183500";"3296";"225687.1"
"31364409000";"2183400";"3296";"225695.1"
"31365756000";"2183400";"3296";"225703.4"
"31366837000";"2183400";"3296";"225711.3"
"31367916000";"2183400";"3296";"225719.3"
"31368997000";"2183400";"3296";"225727.2"
"31370077000";"2183400";"3296";"225735.6"
"31371419000";"2183400";"3296";"225743.5"
"31372499000";"2126700";"3296";"225751.8"
"31373585000";"2126700";"3296";"225759.8"
"31374666000";"2126700";"3296";"225767.7"
"31375746000";"2126700";"3296";"225775.7"
"31377089000";"2126700";"3296";"225784.0"
"31378170000";"2126700";"3296";"225792.3"
"31379249000";"2126700";"3296";"225800.3"
"31380329000";"2183400";"3296";"225808.2"
"31381409000";"2183400";"3296";"225816.2"
"31382752000";"2183400";"3296";"225824.5"
"31383837000";"2183400";"3296";"225832.9"
"31384917000";"2183400";"3296";"225840.8"
"31385996000";"2183400";"3296";"225848.8"
"31387075000";"2183400";"3296";"225856.7"
"31388418000";"2127200";"3296";"225865.0"
"31389498000";"2127200";"3296";"225873.0"
"31390577000";"2127200";"3296";"225880.9"
"31391657000";"2127200";"3296";"225888.9"
"31392736000";"2127200";"3296";"225896.8"
"31394085000";"2127200";"3296";"225905.2"
"31395164000";"2127200";"3296";"225913.1"
"31396244000";"2169700";"3296";"225921.1"
"31397324000";"2169700";"3296";"225929.4"
"31398405000";"2169700";"3296";"225937.4"
"31399747000";"2169700";"3296";"225945.7"
"31400827000";"2169700";"3296";"225953.6"
"31401907000";"2169700";"3296";"225962.0"
"31402992000";"2169700";"3296";"225969.9"
"31404072000";"2198700";"3296";"225977.9"
"31405415000";"2198700";"3296";"225986.2"
"31406496000";"2198700";"3296";"225994.1"
"31407581000";"2198700";"3296";"226002.1"
"31408661000";"2198700";"3296";"226010.4"
"31409742000";"2198700";"3296";"226018.4"
"31411084000";"2159500";"3296";"226027.8"
"31412169000";"2159500";"3296";"226035.8"
"31413255000";"2159500";"3296";"226044.1"
"31414335000";"2159500";"3296";"226052.1"
"31415415000";"2159500";"3296";"226060.0"
"31416759000";"2159500";"3296";"226068.3"
"31417838000";"2159500";"3296";"226076.3"
"31418919000";"2196900";"3296";"226084.6"
"31419999000";"2196900";"3296";"226092.6"
"31421079000";"2196900";"3296";"226100.5"
"31422421000";"2196900";"3296";"226108.9"
"31423507000";"2196900";"3296";"226116.8"
"31424586000";"2196900";"3296";"226125.1"
"31425666000";"2196900";"3297";"226133.1"
"31426745000";"2184300";"3297";"226141.0"
"31428087000";"2184300";"3296";"226149.4"
"31429168000";"2184300";"3296";"226157.3"
"31430248000";"2184300";"3296";"226165.3"
"31431328000";"2184300";"3296";"226173.2"
"31432408000";"2184300";"3296";"226181.2"
"31433756000";"2160100";"3296";"226191.0"
"31434836000";"2160100";"3296";"226199.0"
"31435915000";"2160100";"3296";"226206.9"
"31436995000";"2160100";"3296";"226215.3"
"31438075000";"2160100";"3296";"226223.2"
"31439418000";"2160100";"3296";"226233.1"
"31440497000";"2246800";"3296";"226241.0"
"31441577000";"2246800";"3296";"226249.0"
"31442656000";"2246800";"3296";"226256.9"
"31443742000";"2246800";"3296";"226265.2"
"31445084000";"2246800";"3296";"226273.2"
"31446165000";"2246800";"3296";"226281.5"
"31447246000";"2246800";"3296";"226289.5"
"31448326000";"2183700";"3296";"226297.4"
"31449465000";"2183700";"3296";"226305.4"
"31450808000";"2183700";"3296";"226313.7"
"31451888000";"2183700";"3296";"226321.6"
"31452974000";"2183700";"3296";"226330.0"
"31454054000";"2183700";"3296";"226337.9"
"31455134000";"2183700";"3296";"226345.9"
"31456475000";"2111400";"3296";"226354.2"
"31457555000";"2111400";"3296";"226362.2"
"31458635000";"2111400";"3296";"226370.5"
"31459714000";"2111400";"3296";"226378.4"
"31460794000";"2111400";"3296";"226386.4"
"31462138000";"2111400";"3296";"226394.7"
"31463224000";"2111400";"3297";"226402.7"
"31464305000";"2198100";"3297";"226411.0"
"31465384000";"2198100";"3297";"226418.9"
"31466464000";"2198100";"3297";"226426.9"
"31467805000";"2198100";"3297";"226435.2"
"31468885000";"2198100";"3297";"226443.2"
"31469964000";"2198100";"3297";"226451.1"
"31471045000";"2198100";"3297";"226459.1"
"31472125000";"2171300";"3296";"226467.0"
"31473473000";"2171300";"3296";"226475.3"
"31474553000";"2171300";"3296";"226483.3"
"31475633000";"2171300";"3297";"226491.6"
"31476713000";"2171300";"3297";"226499.6"
"31477793000";"2171300";"3297";"226507.5"
"31479136000";"2171300";"3297";"226515.9"
"31480215000";"2141100";"3297";"226524.2"
"31481296000";"2141100";"3297";"226532.1"
"31482375000";"2141100";"3297";"226540.1"
"31483460000";"2141100";"3297";"226548.0"
"31484803000";"2141100";"3296";"226556.4"
"31485883000";"2141100";"3296";"226564.3"
"31486963000";"2141100";"3296";"226572.3"
"31488042000";"2184100";"3297";"226580.6"
"31489123000";"2184100";"3297";"226588.6"
"31490465000";"2184100";"3297";"226598.0"
"31491550000";"2184100";"3297";"226606.4"
"31492629000";"2184100";"3297";"226614.3"
"31493714000";"2184100";"3297";"226622.3"
"31494794000";"2226300";"3297";"226630.2"
"31496138000";"2226300";"3297";"226638.5"
"31497218000";"2226300";"3297";"226646.5"
"31498298000";"2226300";"3297";"226654.8"
"31499378000";"2226300";"3297";"226662.8"
"31500457000";"2226300";"3297";"226670.7"
"31501800000";"2178200";"3296";"226680.6"
"31502886000";"2178200";"3296";"226688.5"
"31503966000";"2178200";"3296";"226696.9"
"31505046000";"2178200";"3296";"226704.8"
"31506126000";"2178200";"3296";"226712.8"
"31507468000";"2178200";"3296";"226722.2"
"31508549000";"2227400";"3297";"226730.2"
"31509628000";"2227400";"3297";"226738.5"
"31510709000";"2227400";"3297";"226746.5"
"31511788000";"2227400";"3297";"226754.4"
"31513136000";"2227400";"3297";"226762.7"
"31514216000";"2227400";"3297";"226770.7"
"31515296000";"2227400";"3297";"226778.6"
"31516376000";"2184100";"3297";"226786.6"
"31517456000";"2184100";"3297";"226794.9"
"31518800000";"2184100";"3297";"226803.2"
"31519880000";"2184100";"3297";"226811.2"
"31520959000";"2184100";"3297";"226819.1"
"31522039000";"2184100";"3297";"226827.5"
"31523125000";"2184100";"3297";"226835.4"
"31524468000";"2140600";"3297";"226843.8"
"31525548000";"2140600";"3297";"226851.7"
"31526628000";"2140600";"3297";"226859.7"
"31527708000";"2140600";"3297";"226867.6"
"31528788000";"2140600";"3297";"226875.6"
"31530131000";"2140600";"3297";"226883.9"
"31531211000";"2140600";"3297";"226891.8"
"31532291000";"2170600";"3297";"226899.8"
"31533381000";"2170600";"3297";"226908.1"
"31534460000";"2170600";"3297";"226916.1"
"31535803000";"2170600";"3297";"226924.4"
"31536883000";"2170600";"3297";"226932.3"
"31537962000";"2170600";"3297";"226940.3"
"31539042000";"2170600";"3297";"226948.6"
"31540122000";"2197600";"3297";"226956.6"
"31541465000";"2197600";"3297";"226966.4"
"31542544000";"2197600";"3297";"226974.4"
"31543629000";"2197600";"3297";"226982.3"
"31544709000";"2197600";"3297";"226990.3"
"31545789000";"2197600";"3297";"226998.6"
"31547131000";"2160700";"3297";"227006.6"
"31548211000";"2160700";"3297";"227014.9"
"31549292000";"2160700";"3297";"227022.8"
"31550372000";"2160700";"3297";"227030.8"
"31551452000";"2160700";"3297";"227038.7"
"31552795000";"2160700";"3297";"227047.1"
"31553880000";"2160700";"3297";"227055.0"
"31554960000";"2183700";"3297";"227063.0"
"31556040000";"2183700";"3297";"227070.9"
"31557120000";"2183700";"3297";"227079.3"
"31558462000";"2183700";"3297";"227087.6"
"31559541000";"2183700";"3297";"227095.5"
"31560621000";"2183700";"3297";"227103.5"
"31561701000";"2183700";"3297";"227111.8"
"31562780000";"2200700";"3297";"227119.8"
"31564128000";"2200700";"3297";"227128.1"
"31565209000";"2200700";"3297";"227136.0"
"31566288000";"2200700";"3297";"227144.0"
"31567368000";"2200700";"3297";"227151.9"
"31568448000";"2200700";"3297";"227159.9"
"31569791000";"2200700";"3296";"227168.2"
"31570871000";"2112600";"3296";"227176.2"
"31571951000";"2112600";"3297";"227184.5"
"31573036000";"2112600";"3296";"227192.5"
"31574115000";"2112600";"3296";"227200.4"
"31575463000";"2112600";"3296";"227210.3"
"31576542000";"2112600";"3296";"227218.2"
"31577622000";"2260700";"3296";"227226.5"
"31578702000";"2260700";"3296";"227234.5"
"31579782000";"2260700";"3296";"227242.4"
"31581125000";"2260700";"3296";"227250.8"
"31582205000";"2260700";"3296";"227258.7"
"31583290000";"2260700";"3296";"227267.0"
"31584370000";"2260700";"3296";"227275.0"
"31585450000";"2183700";"3296";"227283.0"
"31586793000";"2183700";"3297";"227291.3"
"31587872000";"2183700";"3297";"227299.2"
"31588953000";"2183700";"3296";"227307.2"
"31590032000";"2183700";"3296";"227315.1"
"31591113000";"2183700";"3296";"227323.1"
"31592456000";"2183700";"3296";"227331.4"
"31593541000";"2126700";"3296";"227339.7"
"31594622000";"2126700";"3297";"227347.7"
"31595702000";"2126700";"3297";"227355.6"
"31596782000";"2126700";"3297";"227363.6"
"31598124000";"2126700";"3296";"227371.9"
"31599204000";"2126700";"3296";"227379.9"
"31600284000";"2126700";"3296";"227388.2"
"31601365000";"2185200";"3297";"227396.1"
"31602444000";"2185200";"3296";"227404.1"
"31603792000";"2185200";"3296";"227412.4"
"31604871000";"2185200";"3296";"227420.4"
"31605951000";"2185200";"3296";"227428.3"
"31607031000";"2185200";"3296";"227436.7"
"31608111000";"2185200";"3296";"227444.6"
"31609454000";"2112800";"3296";"227452.5"
"31610535000";"2112800";"3297";"227460.9"
"31611615000";"2112800";"3297";"227468.8"
"31612695000";"2112800";"3297";"227476.8"
"31613781000";"2112800";"3297";"227484.7"
"31615123000";"2112800";"3296";"227493.1"
"31616203000";"2112800";"3296";"227501.0"
"31617287000";"2182500";"3296";"227509.0"
"31618368000";"2182500";"3296";"227517.3"
"31619447000";"2182500";"3296";"227525.2"
"31620789000";"2182500";"3296";"227533.6"
"31621870000";"2182500";"3296";"227541.5"
"31622954000";"2182500";"3296";"227549.9"
"31624034000";"2182500";"3296";"227557.8"
"31625114000";"2199000";"3296";"227565.8"
"31626457000";"2199000";"3296";"227574.1"
"31627536000";"2199000";"3296";"227582.0"
"31628617000";"2199000";"3296";"227590.0"
"31629696000";"2199000";"3296";"227597.9"
"31630777000";"2199000";"3296";"227606.3"
"31632120000";"2199000";"3296";"227614.2"
"31633205000";"2126500";"3296";"227622.5"
"31634286000";"2126500";"3296";"227630.5"
"31635365000";"2126500";"3296";"227638.4"
"31636444000";"2126500";"3296";"227646.4"
"31637787000";"2126500";"3296";"227654.7"
"31638868000";"2126500";"3296";"227663.1"
"31639948000";"2126500";"3296";"227671.0"
"31641028000";"2185300";"3296";"227679.0"
"31642108000";"2185300";"3296";"227686.9"
"31643456000";"2185300";"3296";"227695.2"
"31644537000";"2185300";"3296";"227703.2"
"31645617000";"2185300";"3296";"227711.5"
"31646698000";"2185300";"3297";"227719.5"
"31647778000";"2185300";"3296";"227727.4"
"31649121000";"2126200";"3297";"227735.7"
"31650201000";"2126200";"3297";"227743.7"
"31651281000";"2126200";"3296";"227751.6"
"31652362000";"2126200";"3296";"227759.6"
"31653448000";"2126200";"3296";"227767.5"
"31654791000";"2126200";"3296";"227775.9"
"31655871000";"2126200";"3296";"227784.2"
"31656951000";"2183200";"3296";"227792.2"
"31658031000";"2183200";"3296";"227800.1"
"31659110000";"2183200";"3296";"227808.1"
"31660458000";"2183200";"3296";"227817.9"
"31661538000";"2183200";"3296";"227825.9"
"31662618000";"2183200";"3296";"227834.2"
"31663703000";"2243400";"3296";"227842.1"
"31664783000";"2243400";"3296";"227850.1"
"31666126000";"2243400";"3296";"227859.9"
"31667207000";"2243400";"3296";"227867.9"
"31668287000";"2243400";"3296";"227875.8"
"31669367000";"2243400";"3296";"227883.8"
"31670446000";"2229500";"3296";"227891.7"
"31671789000";"2229500";"3296";"227900.1"
"31672874000";"2229500";"3296";"227908.0"
"31673955000";"2229500";"3296";"227916.0"
"31675035000";"2229500";"3296";"227923.9"
"31676115000";"2229500";"3296";"227932.3"
"31677459000";"2229500";"3296";"227940.6"
"31678538000";"2126200";"3296";"227948.5"
"31679618000";"2126200";"3296";"227956.5"
"31680698000";"2126200";"3296";"227964.8"
"31681777000";"2126200";"3296";"227972.8"
"31683125000";"2126200";"3296";"227982.6"
"31684205000";"2126200";"3296";"227990.6"
"31685285000";"2245100";"3297";"227998.5"
"31686366000";"2245100";"3297";"228006.5"
"31687445000";"2245100";"3297";"228014.4"
"31688789000";"2245100";"3297";"228022.7"
"31689869000";"2245100";"3296";"228030.7"
"31690949000";"2245100";"3296";"228038.6"
"31692029000";"2245100";"3296";"228047.0"
"31693114000";"2183700";"3296";"228054.9"
"31694457000";"2183700";"3296";"228063.3"
"31695536000";"2183700";"3296";"228071.2"
"31696617000";"2183700";"3296";"228079.2"
"31697696000";"2183700";"3296";"228087.5"
"31698776000";"2183700";"3296";"228095.4"
"31700119000";"2183700";"3296";"228103.8"
"31701204000";"2141100";"3296";"228112.1"
"31702284000";"2141100";"3296";"228120.0"
"31703370000";"2141100";"3296";"228128.0"
"31704451000";"2141100";"3296";"228135.9"
"31705793000";"2141100";"3296";"228145.8"
"31706872000";"2141100";"3296";"228153.7"
"31707953000";"2227400";"3296";"228161.7"
"31709033000";"2227400";"3296";"228170.0"
"31710113000";"2227400";"3296";"228178.0"
"31711455000";"2227400";"3296";"228186.3"
"31712535000";"2227400";"3296";"228194.3"
"31713621000";"2227400";"3296";"228202.2"
"31714701000";"2227400";"3296";"228210.2"
"31715782000";"2183500";"3296";"228218.1"
"31717124000";"2183500";"3296";"228228.0"
"31718204000";"2183500";"3296";"228235.9"
"31719285000";"2183500";"3296";"228244.2"
"31720364000";"2183500";"3296";"228252.2"
"31721445000";"2183500";"3296";"228260.1"
"31722788000";"2244000";"3296";"228270.0"
"31723873000";"2244000";"3296";"228277.9"
"31724953000";"2244000";"3296";"228286.3"
"31726033000";"2244000";"3296";"228294.2"
"31727114000";"2244000";"3296";"228302.2"
"31728457000";"2244000";"3296";"228310.5"
"31729537000";"2244000";"3296";"228318.5"
"31730617000";"2183500";"3296";"228326.4"
"31731697000";"2183500";"3296";"228334.4"
"31732777000";"2183500";"3296";"228342.3"
"31734126000";"2183500";"3296";"228350.6"
"31735206000";"2183500";"3296";"228359.0"
"31736286000";"2183500";"3296";"228366.9"
"31737366000";"2183500";"3296";"228374.9"
"31738447000";"2183400";"3296";"228382.8"
"31739790000";"2183400";"3296";"228391.5"
"31740871000";"2183400";"3296";"228399.5"
"31741950000";"2183400";"3296";"228407.4"
"31743065000";"2183400";"3296";"228415.8"
"31744145000";"2183400";"3296";"228423.7"
"31745487000";"2183800";"3296";"228433.6"
"31746566000";"2183800";"3297";"228441.5"
"31747646000";"2183800";"3297";"228449.5"
"31748725000";"2183800";"3297";"228457.4"
"31749805000";"2183800";"3297";"228465.4"
"31751147000";"2183800";"3297";"228475.2"
"31752227000";"2230400";"3297";"228483.2"
"31753312000";"2230400";"3297";"228491.1"
"31754392000";"2230400";"3296";"228499.1"
"31755472000";"2230400";"3297";"228507.4"
"31756814000";"2230400";"3297";"228515.7"
"31757895000";"2230400";"3297";"228523.7"
"31758974000";"2230400";"3296";"228531.6"
"31760055000";"2198500";"3297";"228540.0"
"31761136000";"2198500";"3297";"228547.9"
"31762478000";"2198500";"3297";"228556.2"
"31763564000";"2198500";"3297";"228564.2"
"31764644000";"2198500";"3297";"228572.1"
"31765724000";"2198500";"3297";"228580.1"
"31766804000";"2198500";"3297";"228588.4"
"31768147000";"2126400";"3297";"228596.7"
"31769228000";"2126400";"3297";"228604.7"
"31770307000";"2126400";"3297";"228612.6"
"31771386000";"2126400";"3297";"228620.6"
"31772465000";"2126400";"3297";"228628.6"
"31773813000";"2126400";"3297";"228636.9"
"31774893000";"2126400";"3297";"228644.8"
"31775973000";"2169900";"3297";"228652.8"
"31777053000";"2169900";"3297";"228661.1"
"31778133000";"2169900";"3297";"228669.1"
"31779477000";"2169900";"3297";"228678.9"
"31780557000";"2169900";"3298";"228686.9"
"31781636000";"2169900";"3297";"228694.8"
"31782716000";"2263300";"3297";"228703.1"
"31783802000";"2263300";"3297";"228711.1"
"31785150000";"2263300";"3297";"228719.4"
"31786229000";"2263300";"3297";"228727.4"
"31787309000";"2263300";"3297";"228735.3"
"31788389000";"2263300";"3297";"228743.7"
"31789470000";"2263300";"3297";"228751.6"
"31790813000";"2168000";"3297";"228761.1"
"31791893000";"2168000";"3297";"228769.0"
"31792979000";"2168000";"3297";"228777.4"
"31794060000";"2168000";"3298";"228785.3"
"31795139000";"2168000";"3297";"228793.3"
"31796482000";"2168000";"3297";"228801.6"
"31797562000";"2168000";"3297";"228809.9"
"31798641000";"2198500";"3297";"228817.9"
"31799721000";"2198500";"3297";"228825.8"
"31800802000";"2198500";"3297";"228834.2"
"31802145000";"2198500";"3297";"228843.6"
"31803231000";"2198500";"3297";"228851.9"
"31804310000";"2198500";"3297";"228859.9"
"31805390000";"2244700";"3297";"228867.9"
"31806469000";"2244700";"3297";"228875.8"
"31807812000";"2244700";"3297";"228884.1"
"31808892000";"2244700";"3297";"228892.1"
"31809973000";"2244700";"3297";"228900.0"
"31811052000";"2244700";"3297";"228908.0"
"31812133000";"2244700";"3297";"228916.3"
"31813482000";"2126400";"3297";"228924.6"
"31814562000";"2126400";"3297";"228932.6"
"31815642000";"2126400";"3297";"228940.5"
"31816721000";"2126400";"3297";"228948.5"
"31817802000";"2126400";"3297";"228956.4"
"31819145000";"2126400";"3297";"228966.3"
"31820225000";"2246200";"3297";"228974.6"
"31821305000";"2246200";"3297";"228982.6"
"31822385000";"2246200";"3297";"228990.5"
"31823470000";"2246200";"3297";"228998.5"
"31824813000";"2246200";"3297";"229008.3"
"31825893000";"2246200";"3297";"229016.3"
"31826977000";"2226300";"3297";"229024.2"
"31828058000";"2226300";"3297";"229032.6"
"31829137000";"2226300";"3297";"229040.5"
"31830480000";"2226300";"3297";"229048.8"
"31831561000";"2226300";"3297";"229056.8"
"31832641000";"2226300";"3297";"229064.7"
"31833726000";"2226300";"3297";"229072.7"
"31834807000";"2183500";"3297";"229080.6"
"31836149000";"2183500";"3297";"229089.0"
"31837230000";"2183500";"3297";"229097.3"
"31838310000";"2183500";"3297";"229105.2"
"31839389000";"2183500";"3297";"229113.2"
"31840469000";"2183500";"3297";"229121.5"
"31841812000";"2183500";"3297";"229129.9"
"31842897000";"2141000";"3297";"229137.8"
"31843978000";"2141000";"3297";"229145.8"
"31845057000";"2141000";"3297";"229153.7"
"31846137000";"2141000";"3297";"229161.7"
"31847481000";"2141000";"3297";"229170.0"
"31848561000";"2141000";"3297";"229177.9"
"31849641000";"2141000";"3297";"229186.3"
"31850720000";"2185300";"3297";"229194.2"
"31851801000";"2185300";"3297";"229202.2"
"31853148000";"2185300";"3297";"229210.5"
"31854227000";"2185300";"3297";"229218.4"
"31855308000";"2185300";"3297";"229226.4"
"31856387000";"2185300";"3297";"229234.4"
"31857468000";"2185300";"3297";"229242.7"
"31858811000";"2126700";"3297";"229251.0"
"31859891000";"2126700";"3297";"229259.0"
"31860971000";"2126700";"3297";"229266.9"
"31862051000";"2126700";"3297";"229275.2"
"31863137000";"2126700";"3297";"229283.2"
"31864480000";"2126700";"3297";"229291.5"
"31865559000";"2126700";"3297";"229299.5"
"31866639000";"2183900";"3297";"229307.4"
"31867719000";"2183900";"3297";"229315.4"
"31868799000";"2183900";"3297";"229323.7"
"31870147000";"2183900";"3296";"229333.2"
"31871228000";"2183900";"3296";"229341.1"
"31872308000";"2183900";"3296";"229349.5"
"31873393000";"2242800";"3296";"229357.4"
"31874473000";"2242800";"3296";"229365.4"
"31875815000";"2242800";"3296";"229373.7"
"31876894000";"2242800";"3296";"229381.6"
"31877973000";"2242800";"3296";"229389.6"
"31879054000";"2242800";"3296";"229397.9"
"31880134000";"2242800";"3296";"229405.9"
"31881476000";"2128700";"3296";"229414.2"
"31882556000";"2128700";"3296";"229422.1"
"31883641000";"2128700";"3296";"229430.5"
"31884721000";"2128700";"3296";"229438.4"
"31885802000";"2128700";"3296";"229446.4"
"31887144000";"2128700";"3296";"229454.7"
"31888224000";"2128700";"3296";"229462.7"
"31889304000";"2183900";"3296";"229470.6"
"31890384000";"2183900";"3296";"229478.6"
"31891464000";"2183900";"3296";"229486.9"
"31892807000";"2183900";"3296";"229495.2"
"31893893000";"2183900";"3296";"229503.2"
"31894972000";"2183900";"3296";"229511.1"
"31896052000";"2183900";"3296";"229519.1"
"31897132000";"2183700";"3296";"229527.0"
"31898476000";"2183700";"3296";"229535.3"
"31899555000";"2183700";"3296";"229543.7"
"31900634000";"2183700";"3296";"229551.6"
"31901715000";"2183700";"3296";"229559.6"
"31902795000";"2183700";"3296";"229567.9"
"31904144000";"2183700";"3296";"229576.2"
"31905223000";"2141100";"3296";"229584.2"
"31906302000";"2141100";"3296";"229592.1"
"31907383000";"2141100";"3296";"229600.1"
"31908462000";"2141100";"3296";"229608.0"
"31909805000";"2141100";"3296";"229616.4"
"31910890000";"2141100";"3296";"229624.3"
"31911969000";"2141100";"3296";"229632.6"
"31913056000";"2182500";"3296";"229640.6"
"31914135000";"2182500";"3296";"229648.5"
"31915479000";"2182500";"3296";"229656.9"
"31916558000";"2182500";"3296";"229664.8"
"31917638000";"2182500";"3296";"229672.8"
"31918718000";"2182500";"3296";"229681.1"
"31919797000";"2182500";"3296";"229689.1"
"31921141000";"2128200";"3296";"229697.4"
"31922221000";"2128200";"3296";"229705.3"
"31923308000";"2128200";"3296";"229713.7"
"31924387000";"2128200";"3296";"229721.6"
"31925466000";"2128200";"3296";"229729.6"
"31926810000";"2128200";"3296";"229737.9"
"31927890000";"2128200";"3296";"229745.8"
"31928970000";"2183500";"3296";"229753.8"
"31930049000";"2183500";"3296";"229762.1"
"31931130000";"2183500";"3296";"229770.1"
"31932473000";"2183500";"3296";"229778.4"
"31933559000";"2183500";"3296";"229786.3"
"31934639000";"2183500";"3297";"229794.3"
"31935718000";"2183500";"3296";"229802.3"
"31936798000";"2183700";"3296";"229810.2"
"31938142000";"2183700";"3296";"229818.5"
"31939222000";"2183700";"3297";"229826.9"
"31940302000";"2183700";"3296";"229834.8"
"31941382000";"2183700";"3296";"229842.8"
"31942462000";"2183700";"3296";"229851.1"
"31943810000";"2183700";"3296";"229859.4"
"31944890000";"2140600";"3296";"229867.4"
"31945970000";"2140600";"3296";"229875.3"
"31947050000";"2140600";"3296";"229883.3"
"31948130000";"2140600";"3296";"229891.2"
"31949473000";"2140600";"3296";"229899.5"
"31950553000";"2140600";"3296";"229907.5"
"31951633000";"2140600";"3296";"229915.8"
"31952714000";"2185200";"3296";"229923.8"
"31953804000";"2185200";"3296";"229931.7"
"31955146000";"2185200";"3296";"229940.1"
"31956226000";"2185200";"3296";"229948.0"
"31957307000";"2185200";"3297";"229956.0"
"31958387000";"2185200";"3297";"229964.3"
"31959467000";"2185200";"3297";"229972.2"
"31960809000";"2182600";"3297";"229982.1"
"31961889000";"2182600";"3297";"229990.0"
"31962974000";"2182600";"3297";"229998.4"
"31964053000";"2182600";"3297";"230006.3"
"31965133000";"2182600";"3297";"230014.3"
"31966476000";"2182600";"3297";"230022.6"
"31967556000";"2182600";"3297";"230030.6"
"31968636000";"2184300";"3297";"230038.5"
"31969715000";"2184300";"3297";"230046.8"
"31970796000";"2184300";"3297";"230054.8"
"31972138000";"2184300";"3297";"230064.3"
"31973223000";"2184300";"3297";"230072.6"
"31974304000";"2184300";"3297";"230080.5"
"31975383000";"2245100";"3297";"230088.5"
"31976462000";"2245100";"3297";"230096.4"
"31977806000";"2245100";"3297";"230106.3"
"31978885000";"2245100";"3297";"230114.2"
"31979964000";"2245100";"3297";"230122.6"
"31981044000";"2245100";"3297";"230130.5"
"31982123000";"2247300";"3297";"230138.5"
"31983472000";"2247300";"3297";"230146.8"
"31984553000";"2247300";"3297";"230154.8"
"31985632000";"2247300";"3297";"230163.1"
"31986713000";"2247300";"3297";"230171.0"
"31987793000";"2247300";"3297";"230179.0"
"31989135000";"2247300";"3297";"230187.3"
"31990215000";"2126500";"3297";"230195.3"
"31991294000";"2126500";"3297";"230203.2"
"31992375000";"2126500";"3297";"230211.2"
"31993459000";"2126500";"3297";"230219.5"
"31994807000";"2126500";"3297";"230227.8"
"31995886000";"2126500";"3297";"230235.8"
"31996965000";"2126500";"3297";"230243.7"
"31998046000";"2197600";"3297";"230252.1"
"31999127000";"2197600";"3297";"230260.0"
"32000469000";"2197600";"3297";"230268.3"
"32001548000";"2197600";"3297";"230276.3"
"32002628000";"2197600";"3297";"230284.6"
"32003714000";"2197600";"3297";"230292.6"
"32004794000";"2197600";"3297";"230300.5"
"32006137000";"2126700";"3297";"230308.8"
"32007217000";"2126700";"3297";"230316.8"
"32008297000";"2126700";"3297";"230324.7"
"32009377000";"2126700";"3297";"230332.7"
"32010457000";"2126700";"3297";"230341.0"
"32011800000";"2126700";"3297";"230350.5"
"32012885000";"2227600";"3297";"230358.4"
"32013965000";"2227600";"3297";"230366.8"
"32015045000";"2227600";"3297";"230374.7"
"32016124000";"2227600";"3297";"230382.7"
"32017466000";"2227600";"3297";"230391.0"
"32018546000";"2227600";"3297";"230399.0"
"32019626000";"2227600";"3297";"230407.3"
"32020707000";"2200500";"3297";"230415.2"
"32021787000";"2200500";"3297";"230423.2"
"32023136000";"2200500";"3297";"230431.5"
"32024216000";"2200500";"3297";"230439.5"
"32025296000";"2200500";"3297";"230447.8"
"32026376000";"2200500";"3297";"230455.8"
"32027456000";"2200500";"3297";"230463.7"
"32028800000";"2183300";"3297";"230473.6"
"32029879000";"2183300";"3297";"230481.5"
"32030959000";"2183300";"3296";"230489.5"
"32032039000";"2183300";"3296";"230497.4"
"32033124000";"2183300";"3296";"230505.4"
"32034467000";"2183300";"3296";"230513.7"
"32035546000";"2183300";"3296";"230521.6"
"32036668000";"2172600";"3296";"230530.0"
"32037747000";"2172600";"3296";"230537.9"
"32038827000";"2172600";"3296";"230545.9"
"32040171000";"2172600";"3296";"230554.2"
"32041251000";"2172600";"3296";"230562.5"
"32042331000";"2172600";"3296";"230570.5"
"32043417000";"2172600";"3296";"230578.4"
"32044496000";"2183700";"3296";"230586.4"
"32045838000";"2183700";"3296";"230594.7"
"32046919000";"2183700";"3296";"230603.0"
"32047998000";"2183700";"3296";"230611.0"
"32049078000";"2183700";"3296";"230618.9"
"32050157000";"2183700";"3296";"230626.9"
"32051500000";"2178800";"3296";"230636.7"
"32052580000";"2178800";"3296";"230644.7"
"32053665000";"2178800";"3296";"230652.6"
"32054745000";"2178800";"3296";"230660.6"
"32055825000";"2178800";"3296";"230668.5"
"32057169000";"2178800";"3296";"230676.9"
"32058248000";"2178800";"3296";"230685.2"
"32059328000";"2183900";"3296";"230693.1"
"32060408000";"2183900";"3296";"230701.1"
"32061488000";"2183900";"3296";"230709.4"
"32062831000";"2183900";"3296";"230717.8"
"32063916000";"2183900";"3296";"230725.7"
"32064996000";"2183900";"3296";"230733.7"
"32066076000";"2183900";"3296";"230741.6"
"32067156000";"2183700";"3296";"230749.6"
"32068499000";"2183700";"3296";"230757.9"
"32069578000";"2183700";"3296";"230766.2"
"32070658000";"2183700";"3296";"230774.2"
"32071738000";"2183700";"3296";"230782.1"
"32072817000";"2183700";"3296";"230790.1"
"32074165000";"2177000";"3296";"230799.9"
"32075244000";"2177000";"3296";"230807.9"
"32076325000";"2177000";"3296";"230815.8"
"32077405000";"2177000";"3296";"230823.8"
"32078484000";"2177000";"3296";"230832.1"
"32079832000";"2177000";"3296";"230840.4"
"32080912000";"2177000";"3296";"230848.4"
"32081992000";"2184300";"3296";"230856.3"
"32083077000";"2184300";"3296";"230864.7"
"32084158000";"2184300";"3296";"230872.6"
"32085501000";"2184300";"3296";"230880.9"
"32086581000";"2184300";"3296";"230888.9"
"32087661000";"2184300";"3296";"230896.8"
"32088741000";"2184300";"3296";"230904.8"
"32089822000";"2183200";"3296";"230912.7"
"32091165000";"2183200";"3296";"230921.1"
"32092245000";"2183200";"3297";"230929.4"
"32093331000";"2183200";"3297";"230937.4"
"32094411000";"2183200";"3297";"230945.3"
"32095491000";"2183200";"3297";"230953.3"
"32096835000";"2176000";"3297";"230963.1"
"32097915000";"2176000";"3297";"230971.1"
"32098995000";"2176000";"3297";"230979.0"
"32100075000";"2176000";"3297";"230987.3"
"32101154000";"2176000";"3297";"230995.3"
"32102497000";"2176000";"3297";"231003.6"
"32103582000";"2176000";"3297";"231011.6"
"32104661000";"2199000";"3297";"231019.9"
"32105742000";"2199000";"3297";"231027.8"
"32106821000";"2199000";"3297";"231035.8"
"32108164000";"2199000";"3297";"231044.1"
"32109244000";"2199000";"3297";"231052.1"
"32110323000";"2199000";"3296";"231060.0"
"32111403000";"2199000";"3296";"231068.0"
"32112483000";"2185500";"3297";"231076.3"
"32113831000";"2185500";"3297";"231085.8"
"32114911000";"2185500";"3297";"231093.7"
"32115991000";"2185500";"3297";"231102.1"
"32117070000";"2185500";"3297";"231110.0"
"32118150000";"2185500";"3297";"231118.0"
"32119493000";"2160500";"3297";"231126.3"
"32120578000";"2160500";"3296";"231134.2"
"32121658000";"2160500";"3297";"231142.6"
"32122738000";"2160500";"3297";"231150.5"
"32123824000";"2160500";"3296";"231158.5"
"32125166000";"2160500";"3296";"231168.3"
"32126247000";"2242800";"3296";"231176.3"
"32127326000";"2242800";"3296";"231184.2"
"32128406000";"2242800";"3296";"231192.6"
"32129486000";"2242800";"3296";"231200.5"
"32130830000";"2242800";"3296";"231210.0"
"32131910000";"2242800";"3296";"231217.9"
"32132995000";"2244700";"3296";"231226.3"
"32134076000";"2244700";"3296";"231234.2"
"32135155000";"2244700";"3296";"231242.2"
"32136497000";"2244700";"3296";"231250.5"
"32137577000";"2244700";"3296";"231258.8"
"32138657000";"2244700";"3296";"231266.8"
"32139737000";"2244700";"3296";"231274.7"
"32140817000";"2185500";"3296";"231282.7"
"32142160000";"2185500";"3296";"231292.5"
"32143246000";"2185500";"3296";"231300.5"
"32144327000";"2185500";"3296";"231308.8"
"32145407000";"2185500";"3296";"231316.8"
"32146486000";"2185500";"3296";"231324.7"
"32147829000";"2176200";"3296";"231333.0"
"32148908000";"2176200";"3296";"231341.0"
"32149988000";"2176200";"3296";"231348.9"
"32151068000";"2176200";"3296";"231356.9"
"32152148000";"2176200";"3296";"231365.2"
"32153496000";"2176200";"3296";"231373.5"
"32154575000";"2176200";"3296";"231381.5"
"32155655000";"2184400";"3296";"231389.4"
"32156734000";"2184400";"3296";"231397.4"
"32157814000";"2184400";"3296";"231405.3"
"32159157000";"2184400";"3296";"231415.2"
"32160236000";"2184400";"3296";"231423.1"
"32161316000";"2184400";"3296";"231431.5"
"32162396000";"2246800";"3296";"231439.4"
"32163486000";"2246800";"3296";"231447.4"
"32164830000";"2246800";"3296";"231455.7"
"32165911000";"2246800";"3296";"231464.0"
"32166990000";"2246800";"3296";"231472.0"
"32168069000";"2246800";"3296";"231479.9"
"32169148000";"2246800";"3296";"231487.9"
"32170491000";"2182800";"3296";"231497.7"
"32171571000";"2182800";"3296";"231505.7"
"32172650000";"2182800";"3296";"231513.6"
"32173735000";"2182800";"3296";"231521.6"
"32174816000";"2182800";"3296";"231529.5"
"32176158000";"2182800";"3296";"231539.4"
"32177239000";"2227600";"3296";"231547.3"
"32178320000";"2227600";"3296";"231555.7"
"32179399000";"2227600";"3296";"231563.6"
"32180478000";"2227600";"3296";"231571.6"
"32181820000";"2227600";"3296";"231579.9"
"32182906000";"2227600";"3296";"231588.2"
"32183985000";"2227600";"3297";"231596.2"
"32185066000";"2199000";"3297";"231604.1"
"32186145000";"2199000";"3296";"231612.1"
"32187489000";"2199000";"3296";"231620.4"
"32188569000";"2199000";"3296";"231628.4"
"32189649000";"2199000";"3297";"231636.3"
"32190729000";"2199000";"3297";"231644.7"
"32191808000";"2199000";"3297";"231652.6"
"32193157000";"2169500";"3297";"231662.1"
"32194236000";"2169500";"3297";"231670.4"
"32195315000";"2169500";"3297";"231678.4"
"32196396000";"2169500";"3297";"231686.3"
"32197475000";"2169500";"3297";"231694.3"
"32198819000";"2169500";"3297";"231702.6"
"32199898000";"2169500";"3297";"231710.9"
"32200979000";"2200300";"3297";"231718.9"
"32202059000";"2200300";"3297";"231726.8"
"32203144000";"2200300";"3297";"231734.8"
"32204491000";"2200300";"3297";"231743.1"
"32205571000";"2200300";"3297";"231751.4"
"32206651000";"2200300";"3297";"231759.4"
"32207731000";"2200300";"3297";"231767.3"
"32208810000";"2182800";"3297";"231775.3"
"32210153000";"2182800";"3297";"231785.1"
"32211232000";"2182800";"3297";"231793.1"
"32212312000";"2182800";"3297";"231801.0"
"32213397000";"2182800";"3297";"231809.0"
"32214478000";"2182800";"3297";"231817.3"
"32215820000";"2160500";"3297";"231825.3"
"32216899000";"2160500";"3297";"231833.6"
"32217979000";"2160500";"3297";"231841.5"
"32219059000";"2160500";"3297";"231849.5"
"32220140000";"2160500";"3297";"231857.4"
"32221483000";"2160500";"3297";"231867.3"
"32222563000";"2263300";"3297";"231875.6"
"32223649000";"2263300";"3297";"231883.6"
"32224729000";"2263300";"3297";"231891.9"
"32225809000";"2263300";"3297";"231899.9"
"32227152000";"2263300";"3297";"231908.2"
"32228231000";"2263300";"3297";"231916.1"
"32229311000";"2263300";"3297";"231924.1"
"32230391000";"2184100";"3297";"231932.0"
"32231470000";"2184100";"3297";"231940.0"
"32232812000";"2184100";"3297";"231948.3"
"32233898000";"2184100";"3297";"231956.3"
"32234978000";"2184100";"3297";"231964.6"
"32236058000";"2184100";"3297";"231972.5"
"32237138000";"2184100";"3297";"231980.5"
"32238480000";"2184200";"3297";"231990.3"
"32239560000";"2184200";"3297";"231998.3"
"32240640000";"2184200";"3297";"232006.2"
"32241719000";"2184200";"3297";"232014.6"
"32242799000";"2184200";"3297";"232022.5"
"32244147000";"2184200";"3298";"232030.9"
"32245226000";"2184200";"3298";"232038.8"
"32246306000";"2184400";"3297";"232046.8"
"32247390000";"2184400";"3297";"232055.1"
"32248471000";"2184400";"3297";"232063.0"
"32249813000";"2184400";"3297";"232071.4"
"32250893000";"2184400";"3297";"232079.3"
"32251973000";"2184400";"3297";"232087.3"
"32253059000";"2184400";"3297";"232095.2"
"32254138000";"2182800";"3297";"232103.2"
"32255482000";"2182800";"3297";"232111.5"
"32256562000";"2182800";"3297";"232119.4"
"32257641000";"2182800";"3297";"232127.8"
"32258721000";"2182800";"3297";"232135.7"
"32259802000";"2182800";"3297";"232143.7"
"32261145000";"2182800";"3297";"232152.0"
"32262225000";"2142000";"3297";"232160.3"
"32263310000";"2142000";"3297";"232168.3"
"32264390000";"2142000";"3297";"232176.2"
"32265470000";"2142000";"3297";"232184.2"
"32266813000";"2142000";"3297";"232192.5"
"32267892000";"2142000";"3297";"232200.5"
"32268972000";"2142000";"3297";"232208.4"
"32270052000";"2184100";"3297";"232216.7"
"32271132000";"2184100";"3297";"232224.7"
"32272475000";"2184100";"3297";"232233.0"
"32273560000";"2184100";"3297";"232241.0"
"32274640000";"2184100";"3297";"232248.9"
"32275720000";"2184100";"3297";"232256.9"
"32276800000";"2184100";"3297";"232264.8"
"32278144000";"2112200";"3297";"232273.2"
"32279224000";"2112200";"3297";"232281.5"
"32280304000";"2112200";"3297";"232289.4"
"32281383000";"2112200";"3296";"232297.4"
"32282464000";"2112200";"3296";"232305.7"
"32283811000";"2112200";"3296";"232314.0"
"32284891000";"2112200";"3296";"232322.0"
"32285970000";"2199000";"3296";"232329.9"
"32287050000";"2199000";"3296";"232337.9"
"32288130000";"2199000";"3296";"232345.9"
"32289479000";"2199000";"3296";"232354.2"
"32290559000";"2199000";"3297";"232362.5"
"32291639000";"2199000";"3297";"232370.5"
"32292720000";"2199000";"3296";"232378.4"
"32293805000";"2181900";"3296";"232386.4"
"32295147000";"2181900";"3296";"232394.7"
"32296227000";"2181900";"3296";"232402.6"
"32297307000";"2181900";"3296";"232410.6"
"32298387000";"2181900";"3296";"232418.9"
"32299467000";"2181900";"3296";"232426.9"
"32300810000";"2181900";"3296";"232435.2"
"32301890000";"2128200";"3296";"232443.1"
"32302975000";"2128200";"3296";"232451.5"
"32304055000";"2128200";"3296";"232459.4"
"32305135000";"2128200";"3296";"232467.8"
"32306477000";"2128200";"3296";"232475.7"
"32307558000";"2128200";"3296";"232484.0"
"32308638000";"2128200";"3296";"232492.0"
"32309717000";"2199000";"3296";"232499.9"
"32310796000";"2199000";"3296";"232507.9"
"32312140000";"2199000";"3296";"232516.2"
"32313225000";"2199000";"3296";"232524.2"
"32314304000";"2199000";"3296";"232532.1"
"32315385000";"2199000";"3296";"232540.4"
"32316465000";"2199000";"3296";"232548.4"
"32317808000";"2126700";"3296";"232556.7"
"32318887000";"2126700";"3296";"232564.7"
"32319966000";"2126700";"3296";"232572.6"
"32321047000";"2126700";"3296";"232581.0"
"32322126000";"2126700";"3296";"232588.9"
"32323474000";"2126700";"3296";"232598.8"
"32324554000";"2245300";"3296";"232606.7"
"32325634000";"2245300";"3296";"232614.7"
"32326714000";"2245300";"3296";"232623.0"
"32327793000";"2245300";"3296";"232630.9"
"32329137000";"2245300";"3296";"232640.4"
"32330268000";"2245300";"3296";"232648.7"
"32331349000";"2229200";"3296";"232656.7"
"32332428000";"2229200";"3296";"232664.6"
"32333514000";"2229200";"3296";"232672.6"
"32334857000";"2229200";"3296";"232680.9"
"32335937000";"2229200";"3296";"232688.9"
"32337017000";"2229200";"3296";"232696.8"
"32338097000";"2229200";"3296";"232705.2"
"32339177000";"2183700";"3296";"232713.1"
"32340520000";"2183700";"3296";"232723.0"
"32341599000";"2183700";"3296";"232730.9"
"32342679000";"2183700";"3296";"232738.9"
"32343765000";"2183700";"3296";"232747.2"
"32344845000";"2183700";"3296";"232755.1"
"32346188000";"2176400";"3296";"232763.5"
"32347269000";"2176400";"3296";"232771.4"
"32348348000";"2176400";"3296";"232779.4"
"32349428000";"2176400";"3296";"232787.3"
"32350508000";"2176400";"3296";"232795.3"
"32351850000";"2176400";"3296";"232803.6"
"32352936000";"2176400";"3296";"232811.9"
"32354016000";"2184100";"3296";"232819.9"
"32355095000";"2184100";"3296";"232827.8"
"32356176000";"2184100";"3296";"232835.8"
"32357519000";"2184100";"3296";"232845.6"
"32358599000";"2184100";"3296";"232853.6"
"32359679000";"2184100";"3296";"232861.9"
"32360759000";"2246200";"3296";"232869.9"
"32361840000";"2246200";"3296";"232877.8"
"32363188000";"2246200";"3296";"232887.7"
"32364268000";"2246200";"3296";"232895.6"
"32365347000";"2246200";"3296";"232903.9"
"32366427000";"2246200";"3296";"232911.9"
"32367507000";"2244700";"3296";"232919.9"
"32368851000";"2244700";"3296";"232928.2"
"32369931000";"2244700";"3296";"232936.1"
"32371011000";"2244700";"3296";"232944.1"
"32372090000";"2244700";"3296";"232952.0"
"32373182000";"2244700";"3296";"232960.0"
"32374524000";"2158100";"3296";"232969.8"
"32375605000";"2158100";"3296";"232977.8"
"32376685000";"2158100";"3296";"232985.7"
"32377766000";"2158100";"3296";"232994.1"
"32378846000";"2158100";"3296";"233002.0"
"32380189000";"2158100";"3296";"233011.9"
"32381269000";"2245800";"3296";"233019.8"
"32382350000";"2245800";"3296";"233027.8"
"32383436000";"2245800";"3296";"233036.1"
"32384516000";"2245800";"3296";"233044.1"
"32385858000";"2245800";"3296";"233052.4"
"32386938000";"2245800";"3296";"233060.3"
"32388018000";"2245800";"3296";"233068.3"
"32389098000";"2183500";"3296";"233076.2"
"32390178000";"2183500";"3296";"233084.2"
"32391521000";"2183500";"3296";"233092.5"
"32392602000";"2183500";"3296";"233100.8"
"32393688000";"2183500";"3296";"233108.8"
"32394767000";"2183500";"3296";"233116.7"
"32395847000";"2183500";"3296";"233124.7"
"32397190000";"2126500";"3296";"233133.0"
"32398270000";"2126500";"3296";"233141.3"
"32399351000";"2126500";"3296";"233149.3"
"32400430000";"2126500";"3296";"233157.2"
"32401510000";"2126500";"3296";"233165.6"
"32402858000";"2126500";"3296";"233173.9"
"32403937000";"2126500";"3296";"233181.9"
"32405017000";"2198800";"3296";"233189.8"
"32406096000";"2198800";"3296";"233197.8"
"32407177000";"2198800";"3296";"233206.1"
"32408520000";"2198800";"3296";"233215.6"
"32409599000";"2198800";"3296";"233223.5"
"32410679000";"2198800";"3296";"233231.5"
"32411760000";"2246600";"3296";"233239.8"
"32412840000";"2246600";"3296";"233247.7"
"32414193000";"2246600";"3296";"233256.1"
"32415273000";"2246600";"3296";"233264.0"
"32416353000";"2246600";"3296";"233272.0"
"32417432000";"2246600";"3296";"233279.9"
"32418512000";"2246600";"3296";"233288.3"
"32419854000";"2125800";"3297";"233296.6"
"32420934000";"2125800";"3297";"233304.5"
"32422014000";"2125800";"3297";"233312.5"
"32423099000";"2125800";"3297";"233320.8"
"32424179000";"2125800";"3297";"233328.8"
"32425521000";"2125800";"3297";"233338.6"
"32426601000";"2245100";"3297";"233346.6"
"32427680000";"2245100";"3297";"233354.5"
"32428761000";"2245100";"3297";"233362.5"
"32429841000";"2245100";"3297";"233370.8"
"32431184000";"2245100";"3297";"233378.7"
"32432263000";"2245100";"3297";"233387.1"
"32433349000";"2245100";"3297";"233395.0"
"32434429000";"2183700";"3297";"233403.0"
"32435508000";"2183700";"3297";"233410.9"
"32436851000";"2183700";"3297";"233419.2"
"32437930000";"2183700";"3297";"233427.2"
"32439011000";"2183700";"3297";"233435.2"
"32440091000";"2183700";"3297";"233443.5"
"32441171000";"2183700";"3297";"233451.4"
"32442513000";"2185500";"3297";"233461.3"
"32443599000";"2185500";"3297";"233469.2"
"32444679000";"2185500";"3297";"233477.2"
"32445759000";"2185500";"3297";"233485.5"
"32446838000";"2185500";"3297";"233493.5"
"32448181000";"2185500";"3297";"233501.8"
"32449260000";"2185500";"3297";"233509.7"
"32450340000";"2184300";"3297";"233517.7"
"32451419000";"2184300";"3297";"233525.7"
"32452499000";"2184300";"3297";"233533.6"
"32453847000";"2184300";"3297";"233543.4"
"32454928000";"2184300";"3297";"233551.4"
"32456008000";"2184300";"3297";"233559.4"
"32457093000";"2243200";"3297";"233567.7"
"32458172000";"2243200";"3297";"233575.6"
"32459516000";"2243200";"3297";"233584.0"
"32460596000";"2243200";"3296";"233591.9"
"32461676000";"2243200";"3296";"233599.9"
"32462756000";"2243200";"3296";"233608.2"
"32463841000";"2243200";"3296";"233616.1"
"32465185000";"2126400";"3296";"233624.5"
"32466265000";"2126400";"3296";"233632.4"
"32467345000";"2126400";"3296";"233640.4"
"32468426000";"2126400";"3296";"233648.7"
"32469505000";"2126400";"3296";"233656.7"
"32470849000";"2126400";"3296";"233665.0"
"32471928000";"2126400";"3296";"233672.9"
"32473013000";"2183700";"3296";"233680.9"
"32474094000";"2183700";"3296";"233688.8"
"32475174000";"2183700";"3296";"233696.8"
"32476517000";"2183700";"3296";"233706.6"
"32477598000";"2183700";"3296";"233714.6"
"32478677000";"2183700";"3296";"233722.5"
"32479758000";"2246000";"3296";"233730.9"
"32480838000";"2246000";"3296";"233738.8"
"32482181000";"2246000";"3296";"233747.1"
"32483266000";"2246000";"3296";"233755.1"
"32484346000";"2246000";"3296";"233763.0"
"32485427000";"2246000";"3296";"233771.4"
"32486506000";"2246000";"3296";"233779.3"
"32487848000";"2169700";"3296";"233788.8"
"32488928000";"2169700";"3296";"233797.1"
"32490009000";"2169700";"3296";"233805.1"
"32491088000";"2169700";"3296";"233813.0"
"32492168000";"2169700";"3296";"233821.0"
"32493515000";"2169700";"3296";"233829.3"
"32494595000";"2169700";"3296";"233837.3"
"32495674000";"2184400";"3296";"233845.2"
"32496755000";"2184400";"3296";"233853.2"
"32497834000";"2184400";"3296";"233861.1"
"32499182000";"2184400";"3296";"233869.4"
"32500262000";"2184400";"3296";"233877.8"
"32501341000";"2184400";"3296";"233885.7"
"32502421000";"2184400";"3296";"233893.7"
"32503507000";"2197200";"3296";"233902.0"
"32504849000";"2197200";"3296";"233910.3"
"32505930000";"2197200";"3296";"233918.3"
"32507009000";"2197200";"3296";"233926.2"
"32508089000";"2197200";"3296";"233934.2"
"32509169000";"2197200";"3296";"233942.1"
"32510513000";"2161500";"3296";"233952.0"
"32511593000";"2161500";"3296";"233959.9"
"32512672000";"2161500";"3297";"233967.9"
"32513757000";"2161500";"3296";"233975.8"
"32514837000";"2161500";"3296";"233983.8"
"32516180000";"2161500";"3296";"233992.1"
"32517260000";"2161500";"3296";"234000.1"
"32518340000";"2184100";"3296";"234008.4"
"32519420000";"2184100";"3296";"234016.3"
"32520500000";"2184100";"3296";"234024.3"
"32521843000";"2184100";"3296";"234034.1"
"32522929000";"2184100";"3296";"234042.1"
"32524009000";"2184100";"3296";"234050.0"
"32525089000";"2244300";"3296";"234058.4"
"32526170000";"2244300";"3296";"234066.3"
"32527513000";"2244300";"3296";"234076.2"
"32528593000";"2244300";"3296";"234084.1"
"32529674000";"2244300";"3296";"234092.1"
"32530753000";"2244300";"3296";"234100.0"
"32531833000";"2229300";"3297";"234108.0"
"32533181000";"2229300";"3297";"234116.3"
"32534261000";"2229300";"3297";"234124.3"
"32535340000";"2229300";"3297";"234132.2"
"32536421000";"2229300";"3297";"234140.2"
"32537502000";"2229300";"3296";"234148.1"
"32538845000";"2229300";"3296";"234156.4"
"32539984000";"2110900";"3296";"234164.8"
"32541063000";"2110900";"3296";"234172.7"
"32542143000";"2110900";"3296";"234180.7"
"32543228000";"2110900";"3296";"234189.0"
"32544570000";"2110900";"3296";"234198.5"
"32545650000";"2110900";"3296";"234206.8"
"32546730000";"2245100";"3296";"234214.8"
"32547810000";"2245100";"3296";"234222.7"
"32548890000";"2245100";"3296";"234230.7"
"32550233000";"2245100";"3296";"234239.0"
"32551313000";"2245100";"3296";"234246.9"
"32552393000";"2245100";"3296";"234254.9"
"32553478000";"2245100";"3296";"234263.2"
"32554558000";"2184100";"3296";"234271.2"
"32555900000";"2184100";"3296";"234280.6"
"32556980000";"2184100";"3296";"234288.6"
"32558060000";"2184100";"3296";"234296.9"
"32559141000";"2184100";"3296";"234304.9"
"32560220000";"2184100";"3296";"234312.8"
"32561564000";"2227500";"3296";"234322.7"
"32562644000";"2227500";"3296";"234330.6"
"32563730000";"2227500";"3296";"234339.0"
"32564810000";"2227500";"3296";"234346.9"
"32565891000";"2227500";"3296";"234354.9"
"32567233000";"2227500";"3296";"234363.2"
"32568312000";"2227500";"3296";"234371.1"
"32569392000";"2183700";"3296";"234379.1"
"32570472000";"2183700";"3296";"234387.0"
"32571552000";"2183700";"3296";"234395.0"
"32572901000";"2183700";"3296";"234404.8"
"32573981000";"2183700";"3296";"234412.8"
"32575061000";"2183700";"3296";"234420.7"
"32576142000";"2244300";"3296";"234429.1"
"32577222000";"2244300";"3296";"234437.0"
"32578564000";"2244300";"3296";"234446.5"
"32579643000";"2244300";"3296";"234454.8"
"32580723000";"2244300";"3296";"234462.8"
"32581804000";"2244300";"3296";"234470.7"
"32582894000";"2226100";"3296";"234478.7"
"32584237000";"2226100";"3296";"234487.4"
"32585317000";"2226100";"3296";"234495.3"
"32586398000";"2226100";"3296";"234503.3"
"32587478000";"2226100";"3296";"234511.2"
"32588558000";"2226100";"3296";"234519.2"
"32589901000";"2226100";"3296";"234527.5"
"32590980000";"2128100";"3296";"234535.5"
"32592061000";"2128100";"3296";"234543.4"
"32593146000";"2128100";"3296";"234551.7"
"32594226000";"2128100";"3296";"234559.7"
"32595570000";"2128100";"3296";"234569.2"
"32596650000";"2128100";"3296";"234577.1"
"32597730000";"2244100";"3296";"234585.4"
"32598810000";"2244100";"3296";"234593.4"
"32599891000";"2244100";"3296";"234601.4"
"32601233000";"2244100";"3297";"234609.7"
"32602313000";"2244100";"3296";"234617.6"
"32603399000";"2244100";"3296";"234626.0"
"32604479000";"2244100";"3296";"234633.9"
"32605559000";"2183500";"3297";"234641.9"
"32606901000";"2183500";"3297";"234651.7"
"32607981000";"2183500";"3297";"234659.7"
"32609061000";"2183500";"3297";"234667.6"
"32610140000";"2183500";"3297";"234675.6"
"32611220000";"2183500";"3297";"234683.5"
"32612563000";"2228100";"3297";"234693.4"
"32613649000";"2228100";"3296";"234701.3"
"32614729000";"2228100";"3296";"234709.3"
"32615809000";"2228100";"3296";"234717.2"
"32616888000";"2228100";"3296";"234725.2"
"32618231000";"2228100";"3296";"234733.5"
"32619312000";"2228100";"3296";"234741.8"
"32620392000";"2183700";"3296";"234749.8"
"32621472000";"2183700";"3296";"234757.7"
"32622552000";"2183700";"3296";"234765.7"
"32623905000";"2183700";"3296";"234774.0"
"32624985000";"2183700";"3296";"234782.3"
"32626065000";"2183700";"3296";"234790.3"
"32627145000";"2183700";"3296";"234798.2"
"32628225000";"2182300";"3296";"234806.2"
"32629569000";"2182300";"3296";"234814.5"
"32630648000";"2182300";"3296";"234822.5"
"32631729000";"2182300";"3296";"234830.4"
"32632809000";"2182300";"3296";"234838.7"
"32633894000";"2182300";"3296";"234846.7"
"32635237000";"2182300";"3297";"234854.6"
"32636317000";"2126500";"3297";"234863.0"
"32637398000";"2126500";"3297";"234870.9"
"32638478000";"2126500";"3297";"234878.9"
"32639559000";"2126500";"3297";"234886.8"
"32640901000";"2126500";"3297";"234896.7"
"32641980000";"2126500";"3297";"234904.6"
"32643066000";"2227400";"3297";"234912.6"
"32644145000";"2227400";"3297";"234920.9"
"32645226000";"2227400";"3297";"234928.9"
"32646569000";"2227400";"3297";"234937.2"
"32647648000";"2227400";"3297";"234945.1"
"32648727000";"2227400";"3297";"234953.1"
"32649807000";"2227400";"3297";"234961.0"
"32650887000";"2185900";"3297";"234969.0"
"32652229000";"2185900";"3297";"234977.3"
"32653314000";"2185900";"3297";"234985.6"
"32654394000";"2185900";"3297";"234993.6"
"32655474000";"2185900";"3297";"235001.5"
"32656554000";"2185900";"3297";"235009.5"
"32657897000";"2176800";"3297";"235019.3"
"32658977000";"2176800";"3297";"235027.3"
"32660057000";"2176800";"3297";"235035.3"
"32661136000";"2176800";"3297";"235043.2"
"32662217000";"2176800";"3297";"235051.5"
"32663566000";"2176800";"3297";"235059.9"
"32664646000";"2176800";"3297";"235067.8"
"32665725000";"2183700";"3297";"235075.8"
"32666810000";"2183700";"3297";"235083.7"
"32667891000";"2183700";"3297";"235092.0"
"32669233000";"2183700";"3297";"235100.0"
"32670313000";"2183700";"3297";"235108.3"
"32671393000";"2183700";"3297";"235116.3"
"32672473000";"2183700";"3297";"235124.2"
"32673557000";"2182600";"3297";"235132.2"
"32674899000";"2182600";"3297";"235140.5"
"32675978000";"2182600";"3297";"235148.4"
"32677058000";"2182600";"3297";"235156.4"
"32678138000";"2182600";"3297";"235164.4"
"32679218000";"2182600";"3297";"235172.7"
"32680561000";"2182600";"3297";"235181.0"
"32681640000";"2128900";"3297";"235189.0"
"32682719000";"2128900";"3297";"235196.9"
"32683805000";"2128900";"3297";"235205.2"
"32684885000";"2128900";"3297";"235213.2"
"32686228000";"2128900";"3297";"235223.0"
"32687308000";"2128900";"3298";"235231.0"
"32688388000";"2244700";"3298";"235238.9"
"32689468000";"2244700";"3298";"235246.9"
"32690547000";"2244700";"3298";"235254.8"
"32691889000";"2244700";"3297";"235263.2"
"32692974000";"2244700";"3297";"235271.1"
"32694054000";"2244700";"3297";"235279.5"
"32695134000";"2244700";"3297";"235287.4"
"32696215000";"2184300";"3297";"235295.4"
"32697557000";"2184300";"3297";"235303.7"
"32698636000";"2184300";"3297";"235311.6"
"32699716000";"2184300";"3297";"235319.6"
"32700796000";"2184300";"3297";"235327.5"
"32701877000";"2184300";"3297";"235335.9"
"32703224000";"2184300";"3297";"235344.2"
"32704303000";"2127400";"3297";"235352.1"
"32705383000";"2127400";"3297";"235360.1"
"32706463000";"2127400";"3297";"235368.0"
"32707543000";"2127400";"3297";"235376.0"
"32708891000";"2127400";"3297";"235384.3"
"32709971000";"2127400";"3297";"235392.3"
"32711051000";"2127400";"3297";"235400.6"
"32712131000";"2183900";"3297";"235408.6"
"32713216000";"2183900";"3297";"235416.5"
"32714558000";"2183900";"3297";"235424.8"
"32715639000";"2183900";"3297";"235432.8"
"32716718000";"2183900";"3297";"235440.7"
"32717798000";"2183900";"3297";"235448.7"
"32718878000";"2183900";"3297";"235456.6"
"32720220000";"2112800";"3297";"235465.0"
"32721300000";"2112800";"3297";"235472.9"
"32722380000";"2112800";"3297";"235481.2"
"32723466000";"2112800";"3297";"235489.2"
"32724545000";"2112800";"3297";"235497.1"
"32725888000";"2112800";"3297";"235505.5"
"32726968000";"2112800";"3296";"235513.4"
"32728048000";"2183900";"3296";"235521.4"
"32729129000";"2183900";"3296";"235529.3"
"32730209000";"2183900";"3296";"235537.3"
"32731552000";"2183900";"3296";"235545.6"
"32732632000";"2183900";"3296";"235553.5"
"32733718000";"2183900";"3296";"235561.9"
"32734797000";"2183900";"3297";"235569.8"
"32735877000";"2183700";"3297";"235577.8"
"32737219000";"2183700";"3297";"235587.6"
"32738299000";"2183700";"3297";"235595.6"
"32739379000";"2183700";"3297";"235603.5"
"32740458000";"2183700";"3297";"235611.5"
"32741538000";"2183700";"3297";"235619.4"
"32742888000";"2225800";"3297";"235629.3"
"32743967000";"2225800";"3297";"235637.6"
"32745047000";"2225800";"3297";"235645.6"
"32746128000";"2225800";"3297";"235653.5"
"32747207000";"2225800";"3297";"235661.5"
"32748549000";"2225800";"3297";"235669.8"
"32749628000";"2225800";"3297";"235677.7"
"32750714000";"2184400";"3297";"235685.7"
"32751793000";"2184400";"3297";"235693.7"
"32752879000";"2184400";"3297";"235701.6"
"32754223000";"2184400";"3297";"235709.9"
"32755302000";"2184400";"3296";"235717.9"
"32756382000";"2184400";"3296";"235725.8"
"32757463000";"2184400";"3296";"235733.8"
"32758543000";"2168800";"3296";"235741.7"
"32759886000";"2168800";"3296";"235750.1"
"32760966000";"2168800";"3296";"235758.4"
"32762046000";"2168800";"3296";"235766.3"
"32763130000";"2168800";"3296";"235774.3"
"32764211000";"2168800";"3296";"235782.2"
"32765554000";"2168800";"3296";"235790.6"
"32766635000";"2126400";"3296";"235798.5"
"32767714000";"2126400";"3296";"235806.8"
"32768794000";"2126400";"3296";"235814.8"
"32769874000";"2126400";"3296";"235822.8"
"32771216000";"2126400";"3296";"235831.1"
"32772296000";"2126400";"3296";"235839.0"
"32773381000";"2126400";"3296";"235847.0"
"32774461000";"2184400";"3296";"235854.9"
"32775541000";"2184400";"3296";"235862.9"
"32776884000";"2184400";"3296";"235871.2"
"32777964000";"2184400";"3296";"235879.2"
"32779044000";"2184400";"3296";"235887.1"
"32780124000";"2184400";"3296";"235895.4"
"32781203000";"2184400";"3296";"235903.4"
"32782546000";"2128200";"3296";"235911.7"
"32783632000";"2128200";"3296";"235919.7"
"32784712000";"2128200";"3296";"235927.6"
"32785792000";"2128200";"3296";"235936.0"
"32786873000";"2128200";"3296";"235943.9"
"32788215000";"2128200";"3297";"235952.2"
"32789296000";"2128200";"3297";"235960.2"
"32790376000";"2183400";"3297";"235968.1"
"32791455000";"2183400";"3297";"235976.1"
"32792539000";"2183400";"3297";"235984.0"
"32793887000";"2183400";"3297";"235992.4"
"32794967000";"2183400";"3296";"236000.3"
"32796046000";"2183400";"3296";"236008.3"
"32797125000";"2183400";"3296";"236016.2"
"32798206000";"2168400";"3296";"236024.2"
"32799550000";"2168400";"3296";"236032.5"
"32800629000";"2168400";"3296";"236040.4"
"32801710000";"2168400";"3296";"236048.4"
"32802789000";"2168400";"3296";"236056.7"
"32803875000";"2168400";"3296";"236064.7"
"32805217000";"2168400";"3296";"236073.0"
"32806297000";"2126900";"3296";"236080.9"
"32807377000";"2126900";"3296";"236088.9"
"32808457000";"2126900";"3296";"236096.8"
"32809536000";"2126900";"3296";"236105.2"
"32810879000";"2126900";"3296";"236113.1"
"32811959000";"2126900";"3296";"236121.5"
"32813044000";"2126900";"3296";"236129.4"
"32814124000";"2183900";"3297";"236137.4"
"32815205000";"2183900";"3297";"236145.3"
"32816547000";"2183900";"3297";"236153.6"
"32817626000";"2183900";"3297";"236161.6"
"32818706000";"2183900";"3297";"236169.5"
"32819786000";"2183900";"3297";"236177.5"
"32820867000";"2183900";"3297";"236185.4"
"32822210000";"2170900";"3297";"236195.3"
"32823296000";"2170900";"3297";"236203.2"
"32824377000";"2170900";"3297";"236211.6"
"32825457000";"2170900";"3297";"236219.5"
"32826537000";"2170900";"3297";"236227.5"
"32827879000";"2170900";"3297";"236237.3"
"32828958000";"2244700";"3297";"236245.3"
"32830039000";"2244700";"3297";"236253.2"
"32831118000";"2244700";"3297";"236261.2"
"32832198000";"2244700";"3297";"236269.1"
"32833585000";"2244700";"3297";"236279.0"
"32834665000";"2244700";"3297";"236286.9"
"32835744000";"2215100";"3297";"236294.9"
"32836823000";"2215100";"3297";"236302.8"
"32837904000";"2215100";"3297";"236310.8"
"32839246000";"2215100";"3297";"236319.1"
"32840327000";"2215100";"3297";"236327.1"
"32841408000";"2215100";"3297";"236335.4"
"32842487000";"2215100";"3297";"236343.3"
"32843571000";"2184100";"3297";"236351.3"
"32844914000";"2184100";"3297";"236359.6"
"32845993000";"2184100";"3297";"236367.6"
"32847072000";"2184100";"3297";"236375.5"
"32848153000";"2184100";"3297";"236383.5"
"32849233000";"2184100";"3296";"236391.4"
"32850575000";"2184100";"3296";"236399.7"
"32851655000";"2114400";"3296";"236407.7"
"32852734000";"2114400";"3296";"236416.0"
"32853820000";"2114400";"3296";"236424.0"
"32854899000";"2114400";"3296";"236431.9"
"32856243000";"2114400";"3297";"236440.2"
"32857324000";"2114400";"3297";"236448.2"
"32858403000";"2114400";"3297";"236456.2"
"32859483000";"2183700";"3296";"236464.1"
"32860563000";"2183700";"3296";"236472.4"
"32861906000";"2183700";"3297";"236480.8"
"32862991000";"2183700";"3297";"236488.7"
"32864071000";"2183700";"3297";"236496.7"
"32865151000";"2183700";"3297";"236505.0"
"32866230000";"2183700";"3297";"236512.9"
"32867573000";"2141300";"3297";"236521.3"
"32868653000";"2141300";"3297";"236529.2"
"32869733000";"2141300";"3297";"236537.2"
"32870813000";"2141300";"3297";"236545.1"
"32871892000";"2141300";"3297";"236553.1"
"32873241000";"2141300";"3296";"236561.4"
"32874320000";"2141300";"3296";"236569.4"
"32875401000";"2169100";"3297";"236577.3"
"32876485000";"2169100";"3297";"236585.3"
"32877564000";"2169100";"3297";"236593.2"
"32878908000";"2169100";"3297";"236601.5"
"32879988000";"2169100";"3296";"236609.5"
"32881068000";"2169100";"3296";"236617.8"
"32882148000";"2169100";"3296";"236625.8"
"32883234000";"2182300";"3296";"236633.7"
"32884577000";"2182300";"3296";"236642.0"
"32885657000";"2182300";"3296";"236650.0"
"32886737000";"2182300";"3296";"236657.9"
"32887817000";"2182300";"3296";"236666.3"
"32888896000";"2182300";"3296";"236674.2"
"32890240000";"2182300";"3296";"236682.2"
"32891319000";"2113900";"3296";"236690.1"
"32892400000";"2113900";"3296";"236698.5"
"32893485000";"2113900";"3296";"236706.4"
"32894565000";"2113900";"3296";"236714.4"
"32895907000";"2113900";"3296";"236723.8"
"32896988000";"2113900";"3296";"236732.2"
"32898068000";"2244500";"3296";"236740.1"
"32899148000";"2244500";"3296";"236748.1"
"32900227000";"2244500";"3296";"236756.0"
"32901571000";"2244500";"3296";"236764.3"
"32902651000";"2244500";"3296";"236772.3"
"32903737000";"2244500";"3296";"236780.6"
"32904816000";"2244500";"3296";"236788.6"
"32905897000";"2183700";"3296";"236796.5"
"32907239000";"2183700";"3296";"236804.8"
"32908320000";"2183700";"3296";"236812.8"
"32909399000";"2183700";"3296";"236820.7"
"32910479000";"2183700";"3296";"236828.7"
"32911559000";"2183700";"3296";"236837.0"
"32912907000";"2183700";"3296";"236845.0"
"32913987000";"2126900";"3296";"236853.3"
"32915067000";"2126900";"3296";"236861.3"
"32916146000";"2126900";"3296";"236869.2"
"32917226000";"2126900";"3296";"236877.2"
"32918574000";"2126900";"3296";"236887.0"
"32919653000";"2126900";"3296";"236895.0"
"32920732000";"2228400";"3296";"236902.9"
"32921811000";"2228400";"3296";"236910.9"
"32922897000";"2228400";"3296";"236918.8"
"32924240000";"2228400";"3296";"236927.1"
"32925320000";"2228400";"3296";"236935.1"
"32926400000";"2228400";"3296";"236943.4"
"32927479000";"2228400";"3296";"236951.4"
"32928559000";"2184300";"3296";"236959.3"
"32929901000";"2184300";"3296";"236967.6"
"32930981000";"2184300";"3296";"236975.6"
"32932060000";"2184300";"3296";"236983.5"
"32933145000";"2184300";"3296";"236991.5"
"32934224000";"2184300";"3296";"236999.5"
"32935568000";"2184300";"3296";"237007.8"
"32936647000";"2113300";"3296";"237015.7"
"32937727000";"2113300";"3296";"237023.7"
"32938806000";"2113300";"3296";"237032.0"
"32939886000";"2113300";"3296";"237040.0"
"32941228000";"2113300";"3296";"237049.4"
"32942309000";"2113300";"3296";"237057.8"
"32943395000";"2244700";"3296";"237065.7"
"32944474000";"2244700";"3296";"237073.7"
"32945554000";"2244700";"3296";"237081.6"
"32946897000";"2244700";"3297";"237091.5"
"32947977000";"2244700";"3296";"237099.4"
"32949057000";"2244700";"3296";"237107.4"
"32950137000";"2246800";"3296";"237115.7"
"32951217000";"2246800";"3296";"237123.7"
"32952560000";"2246800";"3296";"237132.0"
"32953646000";"2246800";"3296";"237139.9"
"32954725000";"2246800";"3296";"237147.9"
"32955806000";"2246800";"3296";"237155.8"
"32956886000";"2246800";"3296";"237163.8"
"32958229000";"2154700";"3297";"237173.2"
"32959309000";"2154700";"3297";"237181.6"
"32960394000";"2154700";"3297";"237189.5"
"32961474000";"2154700";"3297";"237197.5"
"32962554000";"2154700";"3297";"237205.4"
"32963902000";"2154700";"3297";"237213.8"
"32964982000";"2154700";"3297";"237222.1"
"32966062000";"2197200";"3297";"237230.0"
"32967142000";"2197200";"3297";"237238.0"
"32968222000";"2197200";"3297";"237245.9"
"32969565000";"2197200";"3297";"237254.3"
"32970645000";"2197200";"3297";"237262.2"
"32971726000";"2197200";"3297";"237270.2"
"32972806000";"2197200";"3297";"237278.1"
"32973892000";"2168600";"3297";"237286.1"
"32975235000";"2168600";"3297";"237294.4"
"32976316000";"2168600";"3297";"237302.7"
"32977395000";"2168600";"3297";"237310.7"
"32978475000";"2168600";"3297";"237318.6"
"32979554000";"2168600";"3297";"237326.6"
"32980897000";"2178400";"3297";"237336.4"
"32981977000";"2178400";"3297";"237344.4"
"32983063000";"2178400";"3297";"237352.3"
"32984143000";"2178400";"3297";"237360.7"
"32985222000";"2178400";"3297";"237368.6"
"32986565000";"2178400";"3297";"237376.9"
"32987644000";"2178400";"3297";"237384.9"
"32988724000";"2184100";"3297";"237392.8"
"32989804000";"2184100";"3297";"237400.8"
"32990884000";"2184100";"3297";"237408.7"
"32992227000";"2184100";"3297";"237417.1"
"32993312000";"2184100";"3297";"237425.0"
"32994392000";"2184100";"3297";"237433.0"
"32995472000";"2184100";"3297";"237440.9"
"32996551000";"2169300";"3297";"237448.9"
"32997893000";"2169300";"3297";"237458.7"
"32998974000";"2169300";"3297";"237466.7"
"33000054000";"2169300";"3297";"237474.6"
"33001134000";"2169300";"3297";"237482.6"
"33002218000";"2169300";"3297";"237490.9"
"33003568000";"2174800";"3297";"237499.2"
"33004647000";"2174800";"3297";"237507.2"
"33005727000";"2174800";"3297";"237515.1"
"33006807000";"2174800";"3297";"237523.1"
"33007887000";"2174800";"3297";"237531.4"
"33009230000";"2174800";"3297";"237539.4"
"33010310000";"2174800";"3297";"237547.7"
"33011390000";"2185300";"3297";"237555.6"
"33012471000";"2185300";"3297";"237563.6"
"33013556000";"2185300";"3297";"237571.5"
"33014899000";"2185300";"3297";"237579.9"
"33015978000";"2185300";"3297";"237587.8"
"33017059000";"2185300";"3297";"237595.8"
"33018138000";"2185300";"3297";"237603.7"
"33019219000";"2183500";"3297";"237612.1"
"33020562000";"2183500";"3297";"237621.5"
"33021641000";"2183500";"3297";"237629.5"
"33022721000";"2183500";"3297";"237637.8"
"33023807000";"2183500";"3297";"237645.8"
"33024887000";"2183500";"3297";"237653.7"
"33026231000";"2225800";"3297";"237663.6"
"33027310000";"2225800";"3297";"237671.5"
"33028391000";"2225800";"3297";"237679.5"
"33029471000";"2225800";"3297";"237687.4"
"33030551000";"2225800";"3297";"237695.4"
"33031894000";"2225800";"3297";"237703.7"
"33032979000";"2225800";"3297";"237712.0"
"33034059000";"2183700";"3297";"237720.0"
"33035139000";"2183700";"3297";"237727.9"
"33036219000";"2183700";"3297";"237735.9"
"33037561000";"2183700";"3297";"237744.2"
"33038641000";"2183700";"3296";"237752.2"
"33039722000";"2183700";"3296";"237760.1"
"33040803000";"2183700";"3296";"237768.4"
"33041883000";"2185000";"3296";"237776.4"
"33043231000";"2185000";"3296";"237784.7"
"33044316000";"2185000";"3296";"237792.7"
"33045395000";"2185000";"3296";"237800.6"
"33046475000";"2185000";"3296";"237808.9"
"33047555000";"2185000";"3296";"237816.9"
"33048898000";"2185000";"3297";"237825.2"
"33049978000";"2125700";"3297";"237833.2"
"33051058000";"2125700";"3297";"237841.1"
"33052138000";"2125700";"3296";"237849.1"
"33053223000";"2125700";"3296";"237857.0"
"33054565000";"2125700";"3296";"237865.3"
"33055645000";"2125700";"3296";"237873.3"
"33056725000";"2125700";"3296";"237881.3"
"33057806000";"2169100";"3296";"237889.2"
"33058885000";"2169100";"3296";"237897.5"
"33060227000";"2169100";"3296";"237905.5"
"33061307000";"2169100";"3296";"237913.8"
"33062387000";"2169100";"3296";"237921.8"
"33063473000";"2169100";"3297";"237929.7"
"33064553000";"2169100";"3297";"237938.0"
"33065897000";"2141000";"3296";"237946.4"
"33066977000";"2141000";"3296";"237954.3"
"33068056000";"2141000";"3296";"237962.3"
"33069136000";"2141000";"3296";"237970.2"
"33070215000";"2141000";"3296";"237978.2"
"33071558000";"2141000";"3296";"237986.5"
"33072637000";"2141000";"3296";"237994.4"
"33073722000";"2169700";"3296";"238002.4"
"33074802000";"2169700";"3296";"238010.4"
"33075882000";"2169700";"3296";"238018.7"
"33077225000";"2169700";"3296";"238026.6"
"33078305000";"2169700";"3296";"238035.0"
"33079385000";"2169700";"3296";"238042.9"
"33080464000";"2169700";"3296";"238050.9"
"33081544000";"2185700";"3296";"238058.8"
"33082892000";"2185700";"3296";"238067.1"
"33083973000";"2185700";"3296";"238075.5"
"33085053000";"2185700";"3297";"238083.4"
"33086138000";"2185700";"3297";"238091.4"
"33087218000";"2185700";"3296";"238099.3"
"33088561000";"2185700";"3296";"238107.6"
"33089641000";"2125000";"3296";"238115.6"
"33090721000";"2125000";"3296";"238123.9"
"33091801000";"2125000";"3296";"238131.9"
"33092887000";"2125000";"3296";"238139.8"
"33094229000";"2125000";"3296";"238148.2"
"33095310000";"2125000";"3296";"238156.1"
"33096390000";"2125000";"3296";"238164.1"
"33097470000";"2183700";"3296";"238172.0"
"33098549000";"2183700";"3296";"238180.0"
"33099892000";"2183700";"3296";"238188.3"
"33100972000";"2183700";"3296";"238196.6"
"33102052000";"2183700";"3296";"238204.6"
"33103138000";"2183700";"3296";"238212.5"
"33104218000";"2183700";"3296";"238220.9"
"33105561000";"2140800";"3296";"238229.2"
"33106641000";"2140800";"3296";"238237.1"
"33107722000";"2140800";"3296";"238245.1"
"33108801000";"2140800";"3296";"238253.0"
"33109881000";"2140800";"3296";"238261.0"
"33111224000";"2140800";"3296";"238269.3"
"33112304000";"2140800";"3296";"238277.3"
"33113389000";"2169100";"3296";"238285.2"
"33114470000";"2169100";"3296";"238293.2"
"33115550000";"2169100";"3297";"238301.5"
"33116893000";"2169100";"3296";"238309.8"
"33117973000";"2169100";"3296";"238317.8"
"33119053000";"2169100";"3296";"238325.7"
"33120133000";"2169100";"3296";"238333.7"
"33121213000";"2185000";"3296";"238341.6"
"33122556000";"2185000";"3296";"238349.9"
"33123642000";"2185000";"3296";"238358.3"
"33124722000";"2185000";"3296";"238366.2"
"33125802000";"2185000";"3296";"238374.2"
"33126882000";"2185000";"3296";"238382.1"
"33128229000";"2185000";"3296";"238390.5"
"33129309000";"2139600";"3296";"238398.8"
"33130388000";"2139600";"3296";"238406.7"
"33131468000";"2139600";"3296";"238414.7"
"33132549000";"2139600";"3296";"238422.6"
"33133897000";"2139600";"3296";"238432.5"
"33134977000";"2139600";"3296";"238440.4"
"33136056000";"2228000";"3296";"238448.4"
"33137135000";"2228000";"3296";"238456.3"
"33138215000";"2228000";"3296";"238464.3"
"33139559000";"2228000";"3297";"238472.6"
"33140640000";"2228000";"3296";"238480.6"
"33141719000";"2228000";"3296";"238488.9"
"33142799000";"2228000";"3296";"238496.9"
"33143884000";"2183900";"3296";"238504.8"
"33145226000";"2183900";"3296";"238513.1"
"33146305000";"2183900";"3296";"238521.5"
"33147386000";"2183900";"3296";"238529.4"
"33148465000";"2183900";"3296";"238537.4"
"33149545000";"2183900";"3296";"238545.3"
"33150889000";"2183900";"3296";"238553.6"
"33151969000";"2128200";"3296";"238561.6"
"33153054000";"2128200";"3296";"238569.5"
"33154133000";"2128200";"3296";"238577.9"
"33155214000";"2128200";"3296";"238585.8"
"33156555000";"2128200";"3297";"238594.1"
"33157635000";"2128200";"3297";"238602.1"
"33158715000";"2128200";"3296";"238610.1"
"33159795000";"2184300";"3296";"238618.0"
"33160876000";"2184300";"3297";"238626.0"
"33162220000";"2184300";"3296";"238634.7"
"33163305000";"2184300";"3296";"238642.6"
"33164385000";"2184300";"3296";"238650.6"
"33165466000";"2184300";"3296";"238658.5"
"33166545000";"2184300";"3296";"238666.8"
"33167888000";"2140500";"3297";"238675.2"
"33168969000";"2140500";"3297";"238683.1"
"33170053000";"2140500";"3297";"238691.1"
"33171133000";"2140500";"3297";"238699.0"
"33172213000";"2140500";"3296";"238707.0"
"33173562000";"2140500";"3296";"238715.3"
"33174642000";"2140500";"3296";"238723.2"
"33175723000";"2181900";"3296";"238731.6"
"33176803000";"2181900";"3296";"238739.5"
"33177884000";"2181900";"3296";"238747.5"
"33179226000";"2181900";"3296";"238757.3"
"33180305000";"2181900";"3296";"238765.3"
"33181385000";"2181900";"3296";"238773.2"
"33182465000";"2229700";"3296";"238781.2"
"33183550000";"2229700";"3296";"238789.5"
"33184893000";"2229700";"3297";"238797.8"
"33185973000";"2229700";"3296";"238805.8"
"33187053000";"2229700";"3296";"238813.7"
"33188133000";"2229700";"3296";"238822.1"
"33189214000";"2229700";"3296";"238830.0"
"33190556000";"2140800";"3296";"238838.4"
"33191636000";"2140800";"3296";"238846.3"
"33192716000";"2140800";"3296";"238854.3"
"33193802000";"2140800";"3296";"238862.2"
"33194882000";"2140800";"3296";"238870.2"
"33196225000";"2140800";"3296";"238878.5"
"33197306000";"2140800";"3296";"238886.4"
"33198385000";"2183500";"3296";"238894.8"
"33199466000";"2183500";"3296";"238902.7"
"33200545000";"2183500";"3296";"238910.7"
"33201887000";"2183500";"3296";"238919.0"
"33202972000";"2183500";"3296";"238927.3"
"33204052000";"2183500";"3296";"238935.3"
"33205132000";"2183500";"3296";"238943.2"
"33206211000";"2199200";"3296";"238951.6"
"33207554000";"2199200";"3296";"238959.9"
"33208634000";"2199200";"3296";"238967.8"
"33209713000";"2199200";"3296";"238975.8"
"33210793000";"2199200";"3296";"238983.7"
"33211878000";"2199200";"3296";"238991.7"
"33213226000";"2199200";"3296";"239000.0"
"33214306000";"2111400";"3296";"239008.0"
"33215386000";"2111400";"3296";"239016.3"
"33216467000";"2111400";"3296";"239024.2"
"33217547000";"2111400";"3296";"239032.2"
"33218890000";"2111400";"3296";"239040.5"
"33219969000";"2111400";"3296";"239048.5"
"33221050000";"2111400";"3296";"239056.4"
"33222129000";"2199900";"3296";"239064.8"
"33223216000";"2199900";"3296";"239072.7"
"33224558000";"2199900";"3296";"239082.6"
"33225637000";"2199900";"3296";"239090.5"
"33226717000";"2199900";"3296";"239098.5"
"33227796000";"2199900";"3296";"239106.8"
"33228876000";"2245300";"3296";"239114.7"
"33230218000";"2245300";"3296";"239124.2"
"33231299000";"2245300";"3297";"239132.5"
"33232379000";"2245300";"3297";"239140.5"
"33233465000";"2245300";"3297";"239148.4"
"33234545000";"2245300";"3297";"239156.4"
"33235887000";"2159900";"3296";"239164.7"
"33236966000";"2159900";"3296";"239172.7"
"33238047000";"2159900";"3296";"239180.6"
"33239127000";"2159900";"3297";"239189.0"
"33240208000";"2159900";"3297";"239196.9"
"33241550000";"2159900";"3297";"239206.8"
"33242630000";"2246400";"3297";"239214.7"
"33243716000";"2246400";"3297";"239222.7"
"33244796000";"2246400";"3297";"239231.0"
"33245875000";"2246400";"3297";"239238.9"
"33247218000";"2246400";"3297";"239248.8"
"33248298000";"2246400";"3297";"239256.7"
"33249378000";"2244700";"3296";"239264.7"
"33250458000";"2244700";"3296";"239272.6"
"33251538000";"2244700";"3296";"239280.6"
"33252887000";"2244700";"3296";"239288.9"
"33253972000";"2244700";"3297";"239296.9"
"33255052000";"2244700";"3297";"239305.2"
"33256133000";"2244700";"3297";"239313.2"
"33257213000";"2181900";"3297";"239321.1"
"33258554000";"2181900";"3297";"239331.0"
"33259635000";"2181900";"3297";"239338.9"
"33260715000";"2181900";"3297";"239346.9"
"33261795000";"2181900";"3297";"239354.8"
"33262880000";"2181900";"3297";"239363.1"
"33264222000";"2242900";"3297";"239373.0"
"33265303000";"2242900";"3297";"239380.9"
"33266382000";"2242900";"3297";"239388.9"
"33267462000";"2242900";"3297";"239396.8"
"33268542000";"2242900";"3297";"239405.2"
"33269884000";"2242900";"3297";"239413.5"
"33270965000";"2242900";"3297";"239421.5"
"33272045000";"2185300";"3297";"239429.4"
"33273130000";"2185300";"3297";"239437.4"
"33274210000";"2185300";"3297";"239445.3"
"33275553000";"2185300";"3297";"239453.6"
"33276634000";"2185300";"3297";"239461.6"
"33277713000";"2185300";"3297";"239469.5"
"33278793000";"2185300";"3297";"239477.9"
"33279872000";"2184100";"3297";"239485.8"
"33281214000";"2184100";"3297";"239494.1"
"33282293000";"2184100";"3297";"239502.1"
"33283379000";"2184100";"3297";"239510.4"
"33284459000";"2184100";"3297";"239518.4"
"33285539000";"2184100";"3297";"239526.3"
"33286882000";"2184100";"3297";"239534.6"
"33287962000";"2126900";"3297";"239542.6"
"33289042000";"2126900";"3297";"239550.9"
"33290122000";"2126900";"3297";"239558.9"
"33291201000";"2126900";"3297";"239566.8"
"33292544000";"2126900";"3297";"239575.2"
"33293630000";"2126900";"3297";"239583.1"
"33294709000";"2126900";"3297";"239591.1"
"33295794000";"2182800";"3297";"239599.0"
"33296874000";"2182800";"3297";"239607.3"
"33298218000";"2182800";"3297";"239615.3"
"33299297000";"2182800";"3297";"239623.6"
"33300377000";"2182800";"3297";"239631.6"
"33301456000";"2182800";"3297";"239639.5"
"33302537000";"2182800";"3297";"239647.5"
"33303885000";"2141000";"3297";"239656.2"
"33304965000";"2141000";"3297";"239664.1"
"33306046000";"2141000";"3297";"239672.1"
"33307125000";"2141000";"3297";"239680.0"
"33308206000";"2141000";"3297";"239688.4"
"33309549000";"2141000";"3297";"239696.7"
"33310629000";"2141000";"3297";"239704.6"
"33311710000";"2184800";"3297";"239712.6"
"33312789000";"2184800";"3297";"239720.5"
"33313874000";"2184800";"3297";"239728.5"
"33315217000";"2184800";"3297";"239736.8"
"33316298000";"2184800";"3297";"239744.8"
"33317377000";"2184800";"3297";"239752.7"
"33318458000";"2184800";"3297";"239761.1"
"33319538000";"2183700";"3297";"239769.0"
"33320881000";"2183700";"3297";"239777.3"
"33321961000";"2183700";"3297";"239785.3"
"33323046000";"2183700";"3297";"239793.6"
"33324126000";"2183700";"3297";"239801.6"
"33325205000";"2183700";"3297";"239809.5"
"33326548000";"2183700";"3297";"239817.8"
"33327628000";"2126900";"3297";"239825.8"
"33328708000";"2126900";"3297";"239834.1"
"33329788000";"2126900";"3297";"239842.1"
"33330868000";"2126900";"3297";"239850.0"
"33332211000";"2126900";"3297";"239859.9"
"33333296000";"2126900";"3297";"239867.8"
"33334376000";"2244900";"3297";"239875.8"
"33335456000";"2244900";"3297";"239883.7"
"33336535000";"2244900";"3297";"239891.7"
"33337882000";"2244900";"3297";"239900.0"
"33338961000";"2244900";"3297";"239908.0"
"33340041000";"2244900";"3297";"239915.9"
"33341120000";"2244900";"3297";"239924.2"
"33342201000";"2184800";"3297";"239932.2"
"33343549000";"2184800";"3297";"239940.5"
"33344629000";"2184800";"3297";"239948.5"
"33345709000";"2184800";"3297";"239956.8"
"33346788000";"2184800";"3297";"239964.8"
"33347867000";"2184800";"3297";"239972.7"
"33349210000";"2184800";"3297";"239981.0"
"33350290000";"2127000";"3297";"239989.0"
"33351370000";"2127000";"3297";"239996.9"
"33352449000";"2127000";"3297";"240005.3"
"33353536000";"2127000";"3297";"240013.2"
"33354878000";"2127000";"3297";"240022.7"
"33355957000";"2127000";"3297";"240031.0"
"33357037000";"2245100";"3297";"240039.0"
"33358117000";"2245100";"3297";"240046.9"
"33359196000";"2245100";"3297";"240054.9"
"33360539000";"2245100";"3297";"240063.2"
"33361619000";"2245100";"3297";"240071.1"
"33362698000";"2245100";"3297";"240079.5"
"33363783000";"2245100";"3297";"240087.4"
"33364864000";"2184300";"3297";"240095.4"
"33366207000";"2184300";"3297";"240103.7"
"33367287000";"2184300";"3297";"240112.0"
"33368366000";"2184300";"3297";"240120.0"
"33369446000";"2184300";"3297";"240127.9"
"33370526000";"2184300";"3297";"240135.9"
"33371869000";"2184300";"3297";"240144.2"
"33372954000";"2141000";"3297";"240152.5"
"33374034000";"2141000";"3297";"240160.5"
"33375114000";"2141000";"3296";"240168.4"
"33376194000";"2141000";"3296";"240176.4"
"33377537000";"2141000";"3296";"240186.2"
"33378617000";"2141000";"3296";"240194.2"
"33379701000";"2228200";"3296";"240202.1"
"33380782000";"2228200";"3296";"240210.1"
"33381861000";"2228200";"3297";"240218.4"
"33383209000";"2228200";"3297";"240226.8"
"33384289000";"2228200";"3297";"240234.7"
"33385369000";"2228200";"3297";"240242.7"
"33386449000";"2228200";"3297";"240251.0"
"33387529000";"2198700";"3297";"240258.9"
"33388871000";"2198700";"3297";"240267.3"
"33389950000";"2198700";"3297";"240275.2"
"33391029000";"2198700";"3297";"240283.2"
"33392110000";"2198700";"3297";"240291.1"
"33393196000";"2198700";"3297";"240299.5"
"33394539000";"2198700";"3297";"240307.4"
"33395620000";"2126500";"3297";"240315.7"
"33396700000";"2126500";"3297";"240323.7"
"33397781000";"2126500";"3297";"240331.6"
"33398860000";"2126500";"3297";"240339.6"
"33400203000";"2126500";"3297";"240347.9"
"33401283000";"2126500";"3297";"240355.9"
"33402364000";"2126500";"3297";"240364.2"
"33403449000";"2183700";"3297";"240372.1"
"33404528000";"2183700";"3297";"240380.1"
"33405870000";"2183700";"3297";"240388.4"
"33406951000";"2183700";"3297";"240396.7"
"33408030000";"2183700";"3297";"240404.7"
"33409110000";"2183700";"3296";"240412.6"
"33410190000";"2183700";"3296";"240420.6"
"33411533000";"2185500";"3296";"240430.4"
"33412613000";"2185500";"3296";"240438.4"
"33413699000";"2185500";"3296";"240446.7"
"33414779000";"2185500";"3296";"240454.7"
"33415859000";"2185500";"3296";"240462.6"
"33417202000";"2185500";"3296";"240471.0"
"33418282000";"2185500";"3296";"240478.9"
"33419362000";"2183500";"3296";"240486.9"
"33420442000";"2183500";"3296";"240494.8"
"33421527000";"2183500";"3296";"240503.1"
"33422875000";"2183500";"3297";"240511.5"
"33423955000";"2183500";"3296";"240519.4"
"33425035000";"2183500";"3296";"240527.4"
"33426116000";"2183500";"3296";"240535.7"
"33427196000";"2196900";"3297";"240543.7"
"33428539000";"2196900";"3297";"240553.5"
"33429619000";"2196900";"3297";"240561.5"
"33430700000";"2196900";"3297";"240569.4"
"33431779000";"2196900";"3297";"240577.4"
"33432865000";"2196900";"3297";"240585.3"
"33434208000";"2159700";"3297";"240593.6"
"33435289000";"2159700";"3297";"240601.6"
"33436369000";"2159700";"3297";"240609.9"
"33437449000";"2159700";"3297";"240617.9"
"33438528000";"2159700";"3297";"240625.8"
"33439870000";"2159700";"3297";"240634.1"
"33440950000";"2159700";"3297";"240642.1"
"33442030000";"2185700";"3296";"240650.0"
"33443116000";"2185700";"3296";"240658.4"
"33444195000";"2185700";"3296";"240666.3"
"33445539000";"2185700";"3296";"240674.7"
"33446619000";"2185700";"3296";"240682.6"
"33447699000";"2185700";"3296";"240690.9"
"33448779000";"2185700";"3296";"240698.9"
"33449859000";"2198100";"3296";"240706.8"
"33451136000";"2198100";"3296";"240715.2"
"33452282000";"2198100";"3296";"240723.1"
"33453367000";"2198100";"3296";"240731.1"
"33454446000";"2198100";"3296";"240739.0"
"33455527000";"2198100";"3296";"240747.4"
"33456870000";"2198100";"3296";"240755.7"
"33457950000";"2126700";"3296";"240763.6"
"33459030000";"2126700";"3296";"240771.6"
"33460109000";"2126700";"3296";"240779.5"
"33461189000";"2126700";"3296";"240787.5"
"33462532000";"2126700";"3297";"240795.8"
"33463623000";"2126700";"3297";"240804.1"
"33464703000";"2126700";"3297";"240812.1"
"33465783000";"2182600";"3296";"240820.0"
"33466862000";"2182600";"3296";"240828.4"
"33468206000";"2182600";"3297";"240836.7"
"33469286000";"2182600";"3297";"240844.6"
"33470366000";"2182600";"3297";"240852.6"
"33471446000";"2182600";"3297";"240860.5"
"33472526000";"2182600";"3296";"240868.5"
"33473874000";"2126500";"3296";"240876.8"
"33474955000";"2126500";"3296";"240884.8"
"33476035000";"2126500";"3296";"240893.1"
"33477116000";"2126500";"3296";"240901.1"
"33478195000";"2126500";"3296";"240909.0"
"33479538000";"2126500";"3296";"240917.3"
"33480618000";"2126500";"3296";"240925.3"
"33481698000";"2185000";"3296";"240933.2"
"33482778000";"2185000";"3296";"240941.6"
"33483863000";"2185000";"3296";"240949.5"
"33485206000";"2185000";"3296";"240957.8"
"33486286000";"2185000";"3296";"240965.8"
"33487366000";"2185000";"3296";"240974.1"
"33488446000";"2185000";"3296";"240982.1"
"33489526000";"2198700";"3296";"240990.0"
"33490869000";"2198700";"3296";"240998.4"
"33491948000";"2198700";"3296";"241006.3"
"33493035000";"2198700";"3296";"241014.6"
"33494115000";"2198700";"3296";"241022.6"
"33495194000";"2198700";"3296";"241030.5"
"33496537000";"2198700";"3296";"241038.9"
"33497617000";"2126500";"3296";"241046.8"
"33498697000";"2126500";"3296";"241054.8"
"33499777000";"2126500";"3296";"241062.7"
"33500857000";"2126500";"3296";"241071.1"
"33502200000";"2126500";"3296";"241080.9"
"33503286000";"2126500";"3296";"241088.8"
"33504366000";"2244500";"3296";"241096.8"
"33505451000";"2244500";"3296";"241105.1"
"33506531000";"2244500";"3296";"241113.1"
"33507874000";"2244500";"3296";"241121.4"
"33508954000";"2244500";"3296";"241129.4"
"33510033000";"2244500";"3296";"241137.3"
"33511113000";"2244500";"3296";"241145.3"
"33512193000";"2184300";"3296";"241153.2"
"33513541000";"2184300";"3296";"241161.5"
"33514620000";"2184300";"3296";"241169.9"
"33515701000";"2184300";"3296";"241177.8"
"33516780000";"2184300";"3296";"241185.8"
"33517860000";"2184300";"3296";"241193.7"
"33519202000";"2184300";"3296";"241202.0"
"33520282000";"2127000";"3296";"241210.0"
"33521363000";"2127000";"3296";"241217.9"
"33522442000";"2127000";"3296";"241226.3"
"33523528000";"2127000";"3296";"241234.2"
"33524871000";"2127000";"3296";"241242.6"
"33525950000";"2127000";"3296";"241250.5"
"33527031000";"2127000";"3296";"241258.8"
"33528110000";"2198800";"3296";"241266.8"
"33529189000";"2198800";"3296";"241274.7"
"33530532000";"2198800";"3296";"241283.1"
"33531612000";"2198800";"3296";"241291.0"
"33532692000";"2198800";"3296";"241299.0"
"33533777000";"2198800";"3296";"241307.3"
"33534857000";"2198800";"3296";"241315.3"
"33536201000";"2126500";"3296";"241323.6"
"33537280000";"2126500";"3296";"241331.5"
"33538360000";"2126500";"3296";"241339.5"
"33539440000";"2126500";"3296";"241347.4"
"33540519000";"2126500";"3296";"241355.4"
"33541863000";"2126500";"3296";"241363.7"
"33542949000";"2126500";"3296";"241372.0"
"33544028000";"2184100";"3296";"241380.0"
"33545109000";"2184100";"3296";"241387.9"
"33546188000";"2184100";"3296";"241396.3"
"33547536000";"2184100";"3296";"241404.6"
"33548616000";"2184100";"3296";"241412.5"
"33549696000";"2184100";"3296";"241420.5"
"33550775000";"2184100";"3296";"241428.5"
"33551856000";"2184100";"3296";"241436.4"
"33553203000";"2184100";"3296";"241444.7"
"33554283000";"2184100";"3296";"241452.7"
"33555363000";"2184100";"3296";"241461.0"
"33556444000";"2184100";"3296";"241469.0"
"33557523000";"2184100";"3296";"241476.9"
"33558866000";"2184100";"3296";"241485.2"
"33559946000";"2126900";"3296";"241493.2"
"33561026000";"2126900";"3296";"241501.1"
"33562106000";"2126900";"3296";"241509.5"
"33563192000";"2126900";"3296";"241517.4"
"33564534000";"2126900";"3296";"241525.7"
"33565614000";"2126900";"3296";"241533.7"
"33566694000";"2126900";"3296";"241542.0"
"33567774000";"2198700";"3296";"241550.0"
"33568854000";"2198700";"3296";"241557.9"
"33570197000";"2198700";"3296";"241566.3"
"33571278000";"2198700";"3296";"241574.2"
"33572357000";"2198700";"3296";"241582.2"
"33573442000";"2198700";"3296";"241590.5"
"33574522000";"2198700";"3296";"241598.4"
"33575865000";"2126700";"3296";"241606.8"
"33576945000";"2126700";"3296";"241614.7"
"33578025000";"2126700";"3296";"241622.7"
"33579104000";"2126700";"3296";"241630.6"
"33580185000";"2126700";"3296";"241638.6"
"33581528000";"2126700";"3296";"241646.9"
"33582608000";"2126700";"3296";"241655.2"
"33583692000";"2183900";"3296";"241663.2"
"33584772000";"2183900";"3296";"241671.1"
"33585852000";"2183900";"3296";"241679.5"
"33587195000";"2183900";"3296";"241687.8"
"33588275000";"2183900";"3296";"241695.7"
"33589359000";"2183900";"3296";"241703.7"
"33590439000";"2183900";"3296";"241712.0"
"33591520000";"2198800";"3296";"241720.0"
"33592867000";"2198800";"3296";"241728.3"
"33593947000";"2198800";"3296";"241736.2"
"33595027000";"2198800";"3296";"241744.2"
"33596106000";"2198800";"3296";"241752.2"
"33597187000";"2198800";"3296";"241760.1"
"33598529000";"2198800";"3296";"241768.4"
"33599609000";"2112900";"3296";"241776.4"
"33600688000";"2112900";"3296";"241784.7"
"33601769000";"2112900";"3296";"241792.7"
"33602854000";"2112900";"3296";"241800.6"
"33604197000";"2112900";"3296";"241808.9"
"33605278000";"2112900";"3296";"241817.3"
"33606357000";"2112900";"3296";"241825.2"
"33607436000";"2198700";"3296";"241833.2"
"33608517000";"2198700";"3296";"241841.1"
"33609860000";"2198700";"3296";"241851.0"
"33610940000";"2198700";"3296";"241858.9"
"33612021000";"2198700";"3296";"241866.9"
"33613107000";"2198700";"3295";"241875.2"
"33614186000";"2244300";"3296";"241883.2"
"33615529000";"2244300";"3296";"241891.5"
"33616608000";"2244300";"3296";"241899.4"
"33617688000";"2244300";"3296";"241907.4"
"33618768000";"2244300";"3295";"241915.3"
"33619847000";"2244300";"3295";"241923.7"
"33621189000";"2244300";"3296";"241932.0"
"33622270000";"2128600";"3296";"241939.9"
"33623355000";"2128600";"3296";"241947.9"
"33624435000";"2128600";"3296";"241956.2"
"33625516000";"2128600";"3296";"241964.2"
"33626858000";"2128600";"3296";"241972.5"
"33627939000";"2128600";"3296";"241980.5"
"33629018000";"2128600";"3296";"241988.4"
"33630098000";"2183700";"3296";"241996.4"
"33631184000";"2183700";"3296";"242004.7"
"33632525000";"2183700";"3296";"242013.0"
"33633611000";"2183700";"3296";"242021.0"
"33634690000";"2183700";"3296";"242028.9"
"33635770000";"2183700";"3296";"242036.9"
"33636849000";"2183700";"3296";"242044.8"
"33638192000";"2125800";"3296";"242053.1"
"33639273000";"2125800";"3296";"242061.1"
"33640353000";"2125800";"3296";"242069.4"
"33641433000";"2125800";"3296";"242077.4"
"33642513000";"2125800";"3296";"242085.3"
"33643861000";"2125800";"3296";"242093.6"
"33644942000";"2125800";"3296";"242101.6"
"33646023000";"2197900";"3296";"242109.9"
"33647102000";"2197900";"3296";"242117.9"
"33648182000";"2197900";"3296";"242125.8"
"33649525000";"2197900";"3296";"242134.2"
"33650605000";"2197900";"3296";"242142.1"
"33651685000";"2197900";"3296";"242150.4"
"33652765000";"2197900";"3296";"242158.4"
"33653851000";"2183700";"3296";"242166.3"
"33655193000";"2183700";"3296";"242176.2"
"33656273000";"2183700";"3296";"242184.1"
"33657354000";"2183700";"3296";"242192.1"
"33658433000";"2183700";"3296";"242200.1"
"33659513000";"2183700";"3296";"242208.0"
"33660856000";"2161900";"3296";"242216.3"
"33661936000";"2161900";"3296";"242224.3"
"33663020000";"2161900";"3296";"242232.6"
"33664101000";"2161900";"3297";"242240.6"
"33665181000";"2161900";"3297";"242248.9"
"33666523000";"2161900";"3297";"242257.2"
"33667603000";"2161900";"3297";"242265.2"
"33668682000";"2199000";"3297";"242273.1"
"33669763000";"2199000";"3297";"242281.1"
"33670843000";"2199000";"3297";"242289.4"
"33672186000";"2199000";"3297";"242297.7"
"33673276000";"2199000";"3297";"242305.7"
"33674356000";"2199000";"3297";"242313.6"
"33675436000";"2199000";"3297";"242321.6"
"33676517000";"2182100";"3297";"242329.5"
"33677859000";"2182100";"3297";"242337.9"
"33678939000";"2182100";"3297";"242346.2"
"33680019000";"2182100";"3297";"242354.1"
"33681099000";"2182100";"3297";"242362.1"
"33682179000";"2182100";"3297";"242370.0"
"33683528000";"2182100";"3297";"242378.4"
"33684608000";"2140800";"3297";"242386.7"
"33685688000";"2140800";"3297";"242394.6"
"33686767000";"2140800";"3297";"242402.6"
"33687847000";"2140800";"3297";"242410.9"
"33689189000";"2140800";"3297";"242420.4"
"33690268000";"2140800";"3297";"242428.7"
"33691349000";"2247300";"3297";"242436.7"
"33692428000";"2247300";"3297";"242444.6"
"33693513000";"2247300";"3297";"242452.6"
"33694857000";"2247300";"3297";"242460.9"
"33695936000";"2247300";"3297";"242468.9"
"33697015000";"2247300";"3297";"242476.8"
"33698096000";"2247300";"3297";"242484.8"
"33699176000";"2184100";"3297";"242493.1"
"33700518000";"2184100";"3297";"242501.4"
"33701598000";"2184100";"3297";"242509.4"
"33702679000";"2184100";"3297";"242517.3"
"33703764000";"2184100";"3297";"242525.3"
"33704844000";"2184100";"3297";"242533.6"
"33706186000";"2184100";"3297";"242541.9"
"33707267000";"2126700";"3297";"242549.9"
"33708346000";"2126700";"3297";"242557.8"
"33709427000";"2126700";"3297";"242565.8"
"33710507000";"2126700";"3297";"242574.1"
"33711849000";"2126700";"3297";"242582.4"
"33712935000";"2126700";"3297";"242590.4"
"33714015000";"2126700";"3297";"242598.3"
"33715100000";"2182300";"3297";"242606.3"
"33716180000";"2182300";"3297";"242614.6"
"33717523000";"2182300";"3297";"242624.1"
"33718603000";"2182300";"3297";"242632.0"
"33719683000";"2182300";"3297";"242640.4"
"33720763000";"2182300";"3297";"242648.3"
"33721843000";"2246600";"3297";"242656.3"
"33723191000";"2246600";"3296";"242664.6"
"33724271000";"2246600";"3296";"242672.6"
"33725351000";"2246600";"3296";"242680.9"
"33726430000";"2246600";"3296";"242688.8"
"33727511000";"2246600";"3296";"242696.8"
"33728853000";"2246600";"3296";"242705.1"
"33729934000";"2126700";"3296";"242713.1"
"33731014000";"2126700";"3296";"242721.4"
"33732094000";"2126700";"3296";"242729.4"
"33733180000";"2126700";"3296";"242737.3"
"33734522000";"2126700";"3296";"242745.6"
"33735601000";"2126700";"3296";"242753.6"
"33736681000";"2126700";"3296";"242761.5"
"33737761000";"2184100";"3296";"242769.5"
"33738842000";"2184100";"3296";"242777.8"
"33740185000";"2184100";"3296";"242787.3"
"33741265000";"2184100";"3296";"242795.2"
"33742345000";"2184100";"3296";"242803.6"
"33743430000";"2184100";"3296";"242811.5"
"33744510000";"2244500";"3296";"242819.5"
"33745852000";"2244500";"3296";"242827.8"
"33746933000";"2244500";"3296";"242836.1"
"33748012000";"2244500";"3296";"242844.1"
"33749091000";"2244500";"3296";"242852.0"
"33750172000";"2244500";"3296";"242860.0"
"33751516000";"2244500";"3296";"242868.3"
"33752596000";"2127900";"3296";"242876.2"
"33753682000";"2127900";"3296";"242884.6"
"33754762000";"2127900";"3296";"242892.5"
"33755842000";"2127900";"3296";"242900.5"
"33757189000";"2127900";"3296";"242908.8"
"33758270000";"2127900";"3296";"242916.8"
"33759351000";"2127900";"3296";"242925.1"
"33760431000";"2196700";"3296";"242933.0"
"33761511000";"2196700";"3296";"242941.0"
"33762859000";"2196700";"3296";"242949.3"
"33763939000";"2196700";"3296";"242957.3"
"33765018000";"2196700";"3296";"242965.6"
"33766099000";"2196700";"3296";"242973.6"
"33767178000";"2196700";"3296";"242981.5"
"33768521000";"2126900";"3296";"242989.8"
"33769601000";"2126900";"3296";"242997.8"
"33770681000";"2126900";"3296";"243006.1"
"33771761000";"2126900";"3296";"243014.1"
"33772841000";"2126900";"3296";"243022.0"
"33774190000";"2126900";"3296";"243031.9"
"33775270000";"2244500";"3296";"243039.8"
"33776350000";"2244500";"3296";"243047.8"
"33777430000";"2244500";"3296";"243055.7"
"33778510000";"2244500";"3296";"243063.7"
"33779852000";"2244500";"3296";"243072.0"
"33780933000";"2244500";"3296";"243079.9"
"33782013000";"2244500";"3296";"243088.3"
"33783098000";"2183700";"3296";"243096.2"
"33784178000";"2183700";"3296";"243104.6"
"33785521000";"2183700";"3296";"243112.9"
"33786602000";"2183700";"3296";"243120.8"
"33787682000";"2183700";"3296";"243128.8"
"33788762000";"2183700";"3296";"243137.1"
"33789842000";"2183700";"3296";"243145.1"
"33791185000";"2142200";"3296";"243153.4"
"33792265000";"2142200";"3296";"243161.3"
"33793350000";"2142200";"3296";"243169.3"
"33794429000";"2142200";"3296";"243177.2"
"33795508000";"2142200";"3296";"243185.2"
"33796851000";"2142200";"3296";"243193.5"
"33797932000";"2142200";"3296";"243201.5"
"33799017000";"2182800";"3296";"243209.8"
"33800097000";"2182800";"3296";"243217.8"
"33801177000";"2182800";"3296";"243225.7"
"33802519000";"2182800";"3296";"243234.0"
"33803605000";"2182800";"3296";"243242.0"
"33804686000";"2182800";"3296";"243250.3"
"33805765000";"2182800";"3296";"243258.3"
"33806845000";"2183700";"3296";"243266.2"
"33808188000";"2183700";"3296";"243276.1"
"33809269000";"2183700";"3296";"243284.0"
"33810349000";"2183700";"3296";"243292.0"
"33811429000";"2183700";"3296";"243300.3"
"33812509000";"2183700";"3296";"243308.3"
"33813857000";"2225400";"3296";"243317.7"
"33814938000";"2225400";"3297";"243325.7"
"33816018000";"2225400";"3297";"243334.0"
"33817098000";"2225400";"3297";"243342.0"
"33818177000";"2225400";"3297";"243349.9"
"33819520000";"2225400";"3297";"243358.2"
"33820600000";"2225400";"3297";"243366.2"
"33821680000";"2185300";"3297";"243374.1"
"33822760000";"2185300";"3297";"243382.5"
"33823846000";"2185300";"3297";"243390.4"
"33825188000";"2185300";"3297";"243400.3"
"33826268000";"2185300";"3297";"243408.2"
"33827348000";"2185300";"3296";"243416.2"
"33828428000";"2261800";"3296";"243424.5"
"33829509000";"2261800";"3297";"243432.5"
"33830851000";"2261800";"3296";"243441.9"
"33831931000";"2261800";"3296";"243450.3"
"33833017000";"2261800";"3296";"243458.2"
"33834096000";"2261800";"3296";"243466.2"
"33835177000";"2227600";"3296";"243474.1"
"33836520000";"2227600";"3296";"243484.0"
"33837600000";"2227600";"3296";"243491.9"
"33838680000";"2227600";"3296";"243499.9"
"33839760000";"2227600";"3297";"243507.8"
"33840845000";"2227600";"3297";"243516.1"
"33842188000";"2176200";"3297";"243524.5"
"33843274000";"2176200";"3297";"243532.4"
"33844354000";"2176200";"3297";"243540.4"
"33845433000";"2176200";"3297";"243548.3"
"33846513000";"2176200";"3297";"243556.7"
"33847856000";"2176200";"3297";"243566.1"
"33848936000";"2244900";"3297";"243574.5"
"33850016000";"2244900";"3297";"243582.4"
"33851097000";"2244900";"3297";"243590.4"
"33852177000";"2244900";"3297";"243598.3"
"33853525000";"2244900";"3297";"243606.6"
"33854604000";"2244900";"3297";"243614.6"
"33855685000";"2244900";"3297";"243622.5"
"33856766000";"2168600";"3297";"243630.5"
"33857845000";"2168600";"3296";"243638.4"
"33859188000";"2168600";"3296";"243646.8"
"33860268000";"2168600";"3296";"243655.1"
"33861348000";"2168600";"3297";"243663.0"
"33862427000";"2168600";"3296";"243671.0"
"33863513000";"2168600";"3296";"243678.9"
"33864855000";"2127000";"3296";"243687.3"
"33865935000";"2127000";"3297";"243695.6"
"33867015000";"2127000";"3297";"243703.6"
"33868096000";"2127000";"3297";"243711.5"
"33869175000";"2127000";"3296";"243719.5"
"33870519000";"2127000";"3296";"243727.8"
"33871598000";"2127000";"3296";"243735.7"
"33872679000";"2185200";"3296";"243743.7"
"33873764000";"2185200";"3296";"243752.0"
"33874844000";"2185200";"3296";"243760.0"
"33876187000";"2185200";"3296";"243768.3"
"33877266000";"2185200";"3296";"243776.2"
"33878346000";"2185200";"3296";"243784.2"
"33879427000";"2185200";"3296";"243792.1"
"33880506000";"2184100";"3296";"243800.1"
"33881849000";"2184100";"3296";"243808.4"
"33882940000";"2184100";"3296";"243816.7"
"33884019000";"2184100";"3296";"243824.7"
"33885098000";"2184100";"3296";"243832.7"
"33886178000";"2184100";"3296";"243841.0"
"33887521000";"2184100";"3296";"243849.3"
"33888600000";"2140100";"3296";"243857.3"
"33889680000";"2140100";"3296";"243865.2"
"33890759000";"2140100";"3296";"243873.2"
"33891839000";"2140100";"3296";"243881.1"
"33893187000";"2140100";"3296";"243889.4"
"33894267000";"2140100";"3296";"243897.4"
"33895347000";"2140100";"3296";"243905.7"
"33896428000";"2183900";"3296";"243913.7"
"33897507000";"2183900";"3296";"243921.6"
"33898850000";"2183900";"3296";"243929.9"
"33899930000";"2183900";"3296";"243937.9"
"33901009000";"2183900";"3296";"243945.9"
"33902090000";"2183900";"3296";"243953.8"
"33903177000";"2183900";"3296";"243962.1"
"33904518000";"2126900";"3296";"243970.5"
"33905598000";"2126900";"3296";"243978.4"
"33906679000";"2126900";"3296";"243986.4"
"33907759000";"2126900";"3296";"243994.3"
"33908839000";"2126900";"3296";"244002.3"
"33910182000";"2126900";"3296";"244012.1"
"33911262000";"2229100";"3296";"244020.1"
"33912342000";"2229100";"3296";"244028.0"
"33913427000";"2229100";"3296";"244036.3"
"33914508000";"2229100";"3296";"244044.3"
"33915851000";"2229100";"3296";"244052.2"
"33916931000";"2229100";"3296";"244060.6"
"33918011000";"2229100";"3296";"244068.5"
"33919091000";"2183400";"3296";"244076.5"
"33920171000";"2183400";"3296";"244084.4"
"33921514000";"2183400";"3296";"244092.7"
"33922594000";"2183400";"3296";"244100.7"
"33923679000";"2183400";"3296";"244109.0"
"33924764000";"2183400";"3296";"244117.0"
"33925845000";"2183400";"3296";"244124.9"
"33927187000";"2125500";"3296";"244133.3"
"33928267000";"2125500";"3297";"244141.2"
"33929347000";"2125500";"3297";"244149.5"
"33930426000";"2125500";"3297";"244157.5"
"33931507000";"2125500";"3297";"244165.4"
"33932855000";"2125500";"3297";"244173.8"
"33933934000";"2125500";"3297";"244181.7"
"33935014000";"2184100";"3297";"244189.7"
"33936094000";"2184100";"3297";"244197.6"
"33937175000";"2184100";"3297";"244205.6"
"33938517000";"2184100";"3297";"244213.9"
"33939597000";"2184100";"3296";"244221.9"
"33940677000";"2184100";"3296";"244230.2"
"33941756000";"2184100";"3297";"244238.1"
"33942837000";"2185300";"3297";"244246.1"
"33944185000";"2185300";"3297";"244254.4"
"33945264000";"2185300";"3296";"244262.4"
"33946344000";"2185300";"3296";"244270.7"
"33947424000";"2185300";"3297";"244278.6"
"33948503000";"2185300";"3297";"244286.6"
"33949846000";"2185300";"3297";"244294.9"
"33950925000";"2127400";"3297";"244302.9"
"33952005000";"2127400";"3297";"244310.8"
"33953091000";"2127400";"3297";"244319.2"
"33954170000";"2127400";"3297";"244327.1"
"33955513000";"2127400";"3297";"244335.4"
"33956592000";"2127400";"3297";"244343.4"
"33957673000";"2127400";"3297";"244351.3"
"33958753000";"2183900";"3297";"244359.3"
"33959833000";"2183900";"3296";"244367.2"
"33961176000";"2183900";"3296";"244375.6"
"33962257000";"2183900";"3296";"244383.9"
"33963342000";"2183900";"3296";"244391.8"
"33964422000";"2183900";"3296";"244399.8"
"33965502000";"2183900";"3296";"244407.7"
"33966850000";"2125000";"3296";"244416.1"
"33967930000";"2125000";"3296";"244424.4"
"33969010000";"2125000";"3296";"244432.4"
"33970090000";"2125000";"3296";"244440.3"
"33971171000";"2125000";"3296";"244448.3"
"33972513000";"2125000";"3296";"244456.6"
"33973600000";"2125000";"3296";"244464.5"
"33974679000";"2183500";"3296";"244472.5"
"33975760000";"2183500";"3296";"244480.8"
"33976839000";"2183500";"3296";"244488.8"
"33978181000";"2183500";"3296";"244498.2"
"33979260000";"2183500";"3296";"244506.2"
"33980341000";"2183500";"3296";"244514.5"
"33981421000";"2246800";"3296";"244522.5"
"33982501000";"2246800";"3296";"244530.4"
"33983850000";"2246800";"3296";"244540.3"
"33984929000";"2246800";"3296";"244548.2"
"33986009000";"2246800";"3296";"244556.2"
"33987089000";"2246800";"3296";"244564.5"
"33988169000";"2244700";"3296";"244572.5"
"33989512000";"2244700";"3296";"244581.9"
"33990592000";"2244700";"3296";"244590.3"
"33991672000";"2244700";"3296";"244598.2"
"33992752000";"2244700";"3296";"244606.2"
"33993837000";"2244700";"3296";"244614.1"
"33995180000";"2209600";"3296";"244623.6"
"33996259000";"2209600";"3296";"244631.9"
"33997340000";"2209600";"3296";"244639.9"
"33998419000";"2209600";"3296";"244647.8"
"33999499000";"2209600";"3296";"244655.8"
"34000842000";"2209600";"3296";"244664.1"
"34001922000";"2209600";"3296";"244672.0"
"34003008000";"2198500";"3296";"244680.4"
"34004089000";"2198500";"3296";"244688.3"
"34005169000";"2198500";"3296";"244696.3"
"34006511000";"2198500";"3296";"244704.6"
"34007591000";"2198500";"3296";"244712.5"
"34008675000";"2198500";"3297";"244720.5"
"34009755000";"2198500";"3297";"244728.8"
"34010835000";"2184100";"3297";"244736.8"
"34012179000";"2184100";"3297";"244745.1"
"34013265000";"2184100";"3297";"244753.1"
"34014344000";"2184100";"3297";"244761.0"
"34015424000";"2184100";"3297";"244769.0"
"34016503000";"2184100";"3297";"244776.9"
"34017846000";"2143600";"3297";"244786.4"
"34018926000";"2143600";"3297";"244794.7"
"34020006000";"2143600";"3297";"244802.7"
"34021085000";"2143600";"3297";"244810.6"
"34022164000";"2143600";"3297";"244818.6"
"34023513000";"2143600";"3298";"244826.9"
"34024592000";"2143600";"3298";"244834.8"
"34025673000";"2199000";"3298";"244843.2"
"34026753000";"2199000";"3298";"244851.1"
"34027833000";"2199000";"3298";"244859.1"
"34029175000";"2199000";"3298";"244868.9"
"34030254000";"2199000";"3298";"244876.9"
"34031334000";"2199000";"3298";"244884.8"
"34032414000";"2229700";"3298";"244892.8"
"34033500000";"2229700";"3298";"244900.7"
"34034844000";"2229700";"3298";"244909.1"
"34035924000";"2229700";"3298";"244917.0"
"34037004000";"2229700";"3297";"244925.3"
"34038083000";"2229700";"3297";"244933.3"
"34039163000";"2229700";"3298";"244941.2"
"34040505000";"2126700";"3298";"244949.6"
"34041585000";"2126700";"3298";"244957.5"
"34042665000";"2126700";"3298";"244965.5"
"34043751000";"2126700";"3298";"244973.4"
"34044832000";"2126700";"3298";"244981.8"
"34046174000";"2126700";"3298";"244991.2"
"34047255000";"2244300";"3298";"244999.5"
"34048335000";"2244300";"3298";"245007.5"
"34049415000";"2244300";"3298";"245015.5"
"34050500000";"2244300";"3298";"245023.4"
"34051843000";"2244300";"3297";"245031.7"
"34052928000";"2244300";"3297";"245039.7"
"34054008000";"2244300";"3297";"245048.0"
"34055088000";"2182300";"3297";"245056.0"
"34056168000";"2182300";"3297";"245063.9"
"34057511000";"2182300";"3297";"245072.2"
"34058591000";"2182300";"3297";"245080.2"
"34059671000";"2182300";"3297";"245088.1"
"34060751000";"2182300";"3297";"245096.1"
"34061831000";"2182300";"3297";"245104.0"
"34063180000";"2112200";"3297";"245112.4"
"34064261000";"2112200";"3297";"245120.7"
"34065341000";"2112200";"3297";"245128.7"
"34066421000";"2112200";"3297";"245136.6"
"34067501000";"2112200";"3297";"245144.6"
"34068844000";"2112200";"3297";"245154.4"
"34069924000";"2246000";"3297";"245162.4"
"34071004000";"2246000";"3297";"245170.7"
"34072085000";"2246000";"3297";"245178.6"
"34073170000";"2246000";"3297";"245186.6"
"34074513000";"2246000";"3297";"245196.1"
"34075594000";"2246000";"3297";"245204.4"
"34076674000";"2244100";"3297";"245212.3"
"34077753000";"2244100";"3297";"245220.3"
"34078833000";"2244100";"3297";"245228.2"
"34080176000";"2244100";"3297";"245238.1"
"34081256000";"2244100";"3297";"245246.0"
"34082336000";"2244100";"3297";"245254.0"
"34083422000";"2227800";"3297";"245261.9"
"34084502000";"2227800";"3297";"245270.3"
"34085845000";"2227800";"3297";"245278.6"
"34086924000";"2227800";"3297";"245286.6"
"34088004000";"2227800";"3297";"245294.5"
"34089084000";"2227800";"3297";"245302.5"
"34090165000";"2227800";"3297";"245310.8"
"34091509000";"2127700";"3297";"245318.7"
"34092594000";"2127700";"3297";"245327.1"
"34093680000";"2127700";"3297";"245335.0"
"34094760000";"2127700";"3297";"245343.0"
"34095840000";"2127700";"3297";"245350.9"
"34097183000";"2127700";"3297";"245359.2"
"34098263000";"2127700";"3297";"245367.2"
"34099344000";"2181900";"3297";"245375.1"
"34100423000";"2181900";"3297";"245383.1"
"34101503000";"2181900";"3297";"245391.4"
"34102845000";"2181900";"3297";"245399.4"
"34103930000";"2181900";"3297";"245407.7"
"34105011000";"2181900";"3297";"245415.7"
"34106090000";"2181900";"3297";"245423.6"
"34107171000";"2184100";"3297";"245431.6"
"34108513000";"2184100";"3297";"245439.9"
"34109593000";"2184100";"3297";"245447.8"
"34110673000";"2184100";"3297";"245456.2"
"34111753000";"2184100";"3296";"245464.1"
"34112833000";"2184100";"3296";"245472.1"
"34114181000";"2160100";"3296";"245481.5"
"34115262000";"2160100";"3297";"245489.9"
"34116342000";"2160100";"3297";"245497.8"
"34117422000";"2160100";"3297";"245505.8"
"34118503000";"2160100";"3297";"245513.7"
"34119845000";"2160100";"3297";"245522.0"
"34120924000";"2160100";"3297";"245530.0"
"34122004000";"2185300";"3297";"245537.9"
"34123089000";"2185300";"3297";"245546.3"
"34124170000";"2185300";"3297";"245554.2"
"34125513000";"2185300";"3297";"245562.6"
"34126592000";"2185300";"3297";"245570.5"
"34127672000";"2185300";"3297";"245578.5"
"34128752000";"2185300";"3297";"245586.8"
"34129832000";"2198700";"3297";"245594.7"
"34131174000";"2198700";"3297";"245603.1"
"34132254000";"2198700";"3297";"245611.0"
"34133339000";"2198700";"3297";"245619.0"
"34134423000";"2198700";"3296";"245626.9"
"34135503000";"2198700";"3296";"245634.9"
"34136846000";"2198700";"3296";"245643.2"
"34137926000";"2111600";"3296";"245651.1"
"34139005000";"2111600";"3296";"245659.1"
"34140085000";"2111600";"3296";"245667.0"
"34141165000";"2111600";"3296";"245675.0"
"34142508000";"2111600";"3296";"245683.3"
"34143594000";"2111600";"3296";"245691.3"
"34144674000";"2111600";"3296";"245699.6"
"34145754000";"2183900";"3296";"245707.6"
"34146833000";"2183900";"3296";"245715.5"
"34148176000";"2183900";"3296";"245723.8"
"34149255000";"2183900";"3296";"245731.8"
"34150335000";"2183900";"3296";"245739.7"
"34151415000";"2183900";"3296";"245748.1"
"34152495000";"2183900";"3296";"245756.0"
"34153843000";"2127000";"3296";"245764.3"
"34154924000";"2127000";"3296";"245772.3"
"34156004000";"2127000";"3297";"245780.2"
"34157084000";"2127000";"3297";"245788.2"
"34158164000";"2127000";"3297";"245796.1"
"34159507000";"2127000";"3297";"245804.5"
"34160587000";"2127000";"3296";"245812.4"
"34161668000";"2170000";"3296";"245820.4"
"34162748000";"2170000";"3297";"245828.3"
"34163834000";"2170000";"3297";"245836.7"
"34165177000";"2170000";"3297";"245845.0"
"34166257000";"2170000";"3297";"245852.9"
"34167337000";"2170000";"3297";"245860.9"
"34168417000";"2170000";"3297";"245869.2"
"34169497000";"2198500";"3297";"245877.2"
"34170839000";"2198500";"3297";"245885.5"
"34171918000";"2198500";"3297";"245893.4"
"34173003000";"2198500";"3297";"245901.4"
"34174084000";"2198500";"3297";"245909.3"
"34175164000";"2198500";"3296";"245917.3"
"34176511000";"2198500";"3296";"245925.6"
"34177590000";"2111700";"3296";"245933.6"
"34178669000";"2111700";"3296";"245941.5"
"34179750000";"2111700";"3296";"245949.5"
"34180830000";"2111700";"3297";"245957.4"
"34182173000";"2111700";"3297";"245965.7"
"34183259000";"2111700";"3297";"245974.1"
"34184339000";"2111700";"3297";"245982.0"
"34185419000";"2183500";"3297";"245990.0"
"34186499000";"2183500";"3297";"245998.3"
"34187842000";"2183500";"3297";"246006.6"
"34188922000";"2183500";"3297";"246014.6"
"34190002000";"2183500";"3297";"246022.5"
"34191082000";"2183500";"3297";"246030.5"
"34192163000";"2183500";"3297";"246038.4"
"34193511000";"2126400";"3297";"246046.8"
"34194592000";"2126400";"3296";"246054.7"
"34195671000";"2126400";"3297";"246062.7"
"34196750000";"2126400";"3297";"246071.0"
"34197830000";"2126400";"3297";"246079.0"
"34199172000";"2126400";"3297";"246087.3"
"34200252000";"2126400";"3297";"246095.2"
"34201331000";"2186100";"3297";"246103.2"
"34202412000";"2186100";"3297";"246111.1"
"34203498000";"2186100";"3297";"246119.1"
"34204841000";"2186100";"3297";"246127.4"
"34205920000";"2186100";"3297";"246135.4"
"34207000000";"2186100";"3297";"246143.7"
"34208080000";"2186100";"3297";"246151.6"
"34209160000";"2183700";"3297";"246159.6"
"34210502000";"2183700";"3297";"246167.9"
"34211582000";"2183700";"3296";"246175.9"
"34212662000";"2183700";"3296";"246183.8"
"34213748000";"2183700";"3296";"246191.8"
"34214828000";"2183700";"3297";"246200.1"
"34216172000";"2159700";"3297";"246209.6"
"34217252000";"2159700";"3296";"246217.5"
"34218337000";"2159700";"3297";"246225.9"
"34219417000";"2159700";"3296";"246233.8"
"34220496000";"2159700";"3296";"246241.8"
"34221839000";"2159700";"3296";"246250.1"
"34222924000";"2159700";"3296";"246258.0"
"34224004000";"2182600";"3296";"246266.0"
"34225084000";"2182600";"3296";"246274.3"
"34226164000";"2182600";"3296";"246282.3"
"34227506000";"2182600";"3296";"246292.1"
"34228585000";"2182600";"3296";"246300.1"
"34229665000";"2182600";"3296";"246308.0"
"34230745000";"2247100";"3296";"246316.0"
"34231826000";"2247100";"3297";"246323.9"
"34233173000";"2247100";"3297";"246333.8"
"34234252000";"2247100";"3297";"246341.7"
"34235333000";"2247100";"3297";"246349.7"
"34236414000";"2247100";"3297";"246357.6"
"34237493000";"2227600";"3296";"246365.6"
"34238837000";"2227600";"3296";"246373.9"
"34239916000";"2227600";"3296";"246381.8"
"34240996000";"2227600";"3296";"246390.2"
"34242076000";"2227600";"3296";"246398.1"
"34243162000";"2227600";"3296";"246406.1"
"34244505000";"2176200";"3296";"246415.9"
"34245585000";"2176200";"3296";"246423.9"
"34246666000";"2176200";"3296";"246431.8"
"34247745000";"2176200";"3297";"246439.8"
"34248826000";"2176200";"3297";"246448.1"
"34250170000";"2176200";"3297";"246456.4"
"34251249000";"2176200";"3297";"246464.4"
"34252329000";"2185200";"3297";"246472.3"
"34253413000";"2185200";"3297";"246480.3"
"34254494000";"2185200";"3297";"246488.3"
"34255836000";"2185200";"3297";"246498.1"
"34256916000";"2185200";"3297";"246506.0"
"34257996000";"2185200";"3297";"246514.0"
"34259077000";"2227600";"3296";"246522.0"
"34260161000";"2227600";"3297";"246529.9"
"34261504000";"2227600";"3297";"246538.2"
"34262585000";"2227600";"3297";"246546.6"
"34263669000";"2227600";"3297";"246554.5"
"34264749000";"2227600";"3297";"246562.5"
"34265830000";"2227600";"3297";"246570.8"
"34267173000";"2182400";"3297";"246580.3"
"34268253000";"2182400";"3297";"246588.6"
"34269333000";"2182400";"3297";"246596.5"
"34270414000";"2182400";"3297";"246604.5"
"34271493000";"2182400";"3297";"246612.4"
"34272836000";"2182400";"3297";"246620.8"
"34273921000";"2182400";"3297";"246628.7"
"34275001000";"2183700";"3297";"246636.7"
"34276081000";"2183700";"3297";"246645.0"
"34277161000";"2183700";"3297";"246653.0"
"34278504000";"2183700";"3297";"246661.3"
"34279583000";"2183700";"3297";"246669.2"
"34280663000";"2183700";"3297";"246677.2"
"34281742000";"2183700";"3297";"246685.1"
"34282823000";"2185700";"3297";"246693.1"
"34284171000";"2185700";"3297";"246701.4"
"34285251000";"2185700";"3297";"246709.7"
"34286332000";"2185700";"3297";"246717.7"
"34287411000";"2185700";"3297";"246725.6"
"34288490000";"2185700";"3296";"246734.0"
"34289834000";"2185700";"3297";"246742.3"
"34290913000";"2141000";"3297";"246750.3"
"34291993000";"2141000";"3297";"246758.2"
"34293079000";"2141000";"3297";"246766.2"
"34294158000";"2141000";"3297";"246774.1"
"34295501000";"2141000";"3297";"246782.4"
"34296581000";"2141000";"3297";"246790.4"
"34297661000";"2141000";"3297";"246798.3"
"34298742000";"2169000";"3297";"246806.3"
"34299822000";"2169000";"3297";"246814.6"
"34301164000";"2169000";"3297";"246822.9"
"34302248000";"2169000";"3297";"246830.9"
"34303334000";"2169000";"3297";"246838.8"
"34304413000";"2169000";"3297";"246846.8"
"34305493000";"2169000";"3297";"246855.1"
"34306837000";"2139900";"3297";"246863.4"
"34307917000";"2139900";"3297";"246871.4"
"34308997000";"2139900";"3297";"246879.4"
"34310077000";"2139900";"3297";"246887.3"
"34311157000";"2139900";"3297";"246895.3"
"34312499000";"2139900";"3297";"246903.6"
"34313585000";"2139900";"3297";"246911.9"
"34314665000";"2183700";"3297";"246919.9"
"34315744000";"2183700";"3297";"246927.8"
"34316824000";"2183700";"3297";"246935.8"
"34318167000";"2183700";"3297";"246944.1"
"34319246000";"2183700";"3297";"246952.0"
"34320326000";"2183700";"3297";"246960.0"
"34321405000";"2183700";"3297";"246967.9"
"34322485000";"2171300";"3297";"246975.9"
"34323833000";"2171300";"3297";"246984.2"
"34324913000";"2171300";"3297";"246992.6"
"34325994000";"2171300";"3297";"247000.5"
"34327073000";"2171300";"3297";"247008.5"
"34328154000";"2171300";"3297";"247016.8"
"34329497000";"2171300";"3297";"247025.1"
"34330577000";"2140600";"3297";"247033.1"
"34331658000";"2140600";"3297";"247041.0"
"34332737000";"2140600";"3297";"247049.0"
"34333823000";"2140600";"3297";"247056.9"
"34335166000";"2140600";"3297";"247065.2"
"34336247000";"2140600";"3297";"247073.2"
"34337327000";"2140600";"3296";"247081.1"
"34338407000";"2183500";"3297";"247089.5"
"34339487000";"2183500";"3297";"247097.4"
"34340830000";"2183500";"3297";"247105.7"
"34341910000";"2183500";"3297";"247113.7"
"34342995000";"2183500";"3297";"247121.7"
"34344080000";"2183500";"3297";"247130.0"
"34345160000";"2183500";"3297";"247137.9"
"34346502000";"2125500";"3297";"247146.3"
"34347582000";"2125500";"3297";"247154.2"
"34348663000";"2125500";"3297";"247162.5"
"34349743000";"2125500";"3297";"247170.5"
"34350823000";"2125500";"3297";"247178.4"
"34352166000";"2125500";"3297";"247186.8"
"34353252000";"2125500";"3297";"247194.7"
"34354332000";"2183400";"3297";"247202.7"
"34355413000";"2183400";"3297";"247210.6"
"34356493000";"2183400";"3297";"247218.6"
"34357836000";"2183400";"3297";"247228.4"
"34358916000";"2183400";"3297";"247236.4"
"34359996000";"2183400";"3296";"247244.3"
"34361076000";"2228900";"3297";"247252.3"
"34362156000";"2228900";"3297";"247260.6"
"34363504000";"2228900";"3297";"247268.9"
"34364583000";"2228900";"3297";"247276.9"
"34365662000";"2228900";"3297";"247284.8"
"34366743000";"2228900";"3297";"247293.2"
"34367822000";"2228900";"3297";"247301.1"
"34369164000";"2141700";"3297";"247309.4"
"34370245000";"2141700";"3297";"247317.4"
"34371324000";"2141700";"3297";"247325.3"
"34372405000";"2141700";"3296";"247333.3"
"34373490000";"2141700";"3296";"247341.6"
"34374833000";"2141700";"3296";"247349.6"
"34375914000";"2141700";"3296";"247357.5"
"34376995000";"2183200";"3297";"247365.9"
"34378074000";"2183200";"3297";"247373.8"
"34379154000";"2183200";"3297";"247381.8"
"34380497000";"2183200";"3297";"247390.1"
"34381576000";"2183200";"3297";"247398.0"
"34382656000";"2183200";"3297";"247406.0"
"34383741000";"2183200";"3297";"247413.9"
"34384821000";"2184400";"3297";"247422.3"
"34386169000";"2184400";"3297";"247430.6"
"34387249000";"2184400";"3297";"247438.5"
"34388329000";"2184400";"3296";"247446.5"
"34389409000";"2184400";"3297";"247454.8"
"34390489000";"2184400";"3297";"247462.8"
"34391832000";"2184400";"3297";"247471.1"
"34392917000";"2125200";"3297";"247479.1"
"34393998000";"2125200";"3297";"247487.0"
"34395077000";"2125200";"3297";"247495.0"
"34396158000";"2125200";"3297";"247502.9"
"34397502000";"2125200";"3297";"247511.2"
"34398581000";"2125200";"3296";"247519.2"
"34399661000";"2125200";"3297";"247527.5"
"34400741000";"2185000";"3297";"247535.5"
"34401822000";"2185000";"3297";"247543.4"
"34403170000";"2185000";"3297";"247551.7"
"34404250000";"2185000";"3297";"247559.7"
"34405329000";"2185000";"3297";"247567.6"
"34406409000";"2185000";"3297";"247576.0"
"34407489000";"2185000";"3297";"247583.9"
"34408832000";"2126900";"3297";"247592.2"
"34409912000";"2126900";"3297";"247600.2"
"34410992000";"2126900";"3297";"247608.2"
"34412073000";"2126900";"3297";"247616.5"
"34413158000";"2126900";"3297";"247624.4"
"34414501000";"2126900";"3297";"247633.9"
"34415582000";"2226900";"3297";"247641.9"
"34416662000";"2226900";"3297";"247650.2"
"34417742000";"2226900";"3297";"247658.1"
"34418821000";"2226900";"3297";"247666.1"
"34420164000";"2226900";"3297";"247674.4"
"34421243000";"2226900";"3297";"247682.4"
"34422323000";"2226900";"3297";"247690.3"
"34423409000";"2184100";"3297";"247698.3"
"34424489000";"2184100";"3297";"247706.6"
"34425831000";"2184100";"3297";"247714.9"
"34426912000";"2184100";"3297";"247722.9"
"34427996000";"2184100";"3297";"247730.8"
"34429076000";"2184100";"3297";"247738.8"
"34430156000";"2184100";"3297";"247747.1"
"34431499000";"2141100";"3297";"247755.4"
"34432579000";"2141100";"3297";"247763.4"
"34433664000";"2141100";"3297";"247771.3"
"34434745000";"2141100";"3297";"247779.3"
"34435824000";"2141100";"3297";"247787.2"
"34437167000";"2141100";"3297";"247795.6"
"34438247000";"2141100";"3297";"247803.5"
"34439326000";"2169500";"3297";"247811.5"
"34440406000";"2169500";"3297";"247819.4"
"34441486000";"2169500";"3297";"247827.4"
"34442829000";"2169500";"3297";"247835.7"
"34443915000";"2169500";"3297";"247844.0"
"34444995000";"2169500";"3297";"247852.0"
"34446075000";"2169500";"3297";"247859.9"
"34447155000";"2183400";"3297";"247867.9"
"34448497000";"2183400";"3297";"247876.2"
"34449578000";"2183400";"3297";"247884.5"
"34450657000";"2183400";"3297";"247892.5"
"34451737000";"2183400";"3297";"247900.4"
"34452817000";"2183400";"3297";"247908.4"
"34454166000";"2183400";"3297";"247916.7"
"34455246000";"2126900";"3297";"247924.7"
"34456326000";"2126900";"3297";"247932.6"
"34457406000";"2126900";"3297";"247940.9"
"34458485000";"2126900";"3297";"247948.9"
"34459828000";"2126900";"3297";"247957.2"
"34460908000";"2126900";"3297";"247965.2"
"34461987000";"2126900";"3297";"247973.1"
"34463072000";"2184300";"3297";"247981.1"
"34464151000";"2184300";"3297";"247989.4"
"34465494000";"2184300";"3297";"247997.7"
"34466574000";"2184300";"3297";"248005.7"
"34467653000";"2184300";"3297";"248013.6"
"34468734000";"2184300";"3297";"248022.0"
"34469817000";"2184300";"3297";"248029.9"
"34471160000";"2141800";"3297";"248038.2"
"34472240000";"2141800";"3297";"248046.2"
"34473326000";"2141800";"3297";"248054.1"
"34474407000";"2141800";"3297";"248062.1"
"34475487000";"2141800";"3297";"248070.1"
"34476830000";"2141800";"3297";"248078.4"
"34477910000";"2141800";"3297";"248086.3"
"34478990000";"2183200";"3297";"248094.7"
"34480069000";"2183200";"3297";"248102.6"
"34481150000";"2183200";"3297";"248110.6"
"34482492000";"2183200";"3297";"248118.9"
"34483578000";"2183200";"3297";"248126.8"
"34484657000";"2183200";"3297";"248134.8"
"34485737000";"2183200";"3297";"248143.1"
"34486817000";"2184300";"3297";"248151.1"
"34488160000";"2184300";"3297";"248160.9"
"34489240000";"2184300";"3297";"248168.9"
"34490320000";"2184300";"3297";"248176.8"
"34491400000";"2184300";"3297";"248184.8"
"34492480000";"2184300";"3297";"248193.1"
"34493829000";"2159700";"3297";"248201.0"
"34494908000";"2159700";"3297";"248209.4"
"34495989000";"2159700";"3297";"248217.3"
"34497068000";"2159700";"3297";"248225.3"
"34498148000";"2159700";"3297";"248233.2"
"34499491000";"2159700";"3297";"248241.6"
"34500571000";"2159700";"3297";"248249.5"
"34501651000";"2185500";"3297";"248257.5"
"34502730000";"2185500";"3297";"248265.4"
"34503816000";"2185500";"3297";"248273.7"
"34505158000";"2185500";"3297";"248282.1"
"34506237000";"2185500";"3297";"248290.0"
"34507317000";"2185500";"3297";"248298.0"
"34508396000";"2185500";"3297";"248306.3"
"34509477000";"2199200";"3297";"248314.3"
"34510819000";"2199200";"3297";"248322.6"
"34511904000";"2199200";"3297";"248330.5"
"34512989000";"2199200";"3297";"248338.5"
"34514069000";"2199200";"3297";"248346.8"
"34515148000";"2199200";"3297";"248354.8"
"34516491000";"2199200";"3297";"248363.1"
"34517571000";"2125800";"3297";"248371.0"
"34518651000";"2125800";"3297";"248379.0"
"34519730000";"2125800";"3297";"248386.9"
"34520810000";"2125800";"3297";"248394.9"
"34522153000";"2125800";"3297";"248403.2"
"34523239000";"2125800";"3297";"248411.5"
"34524319000";"2125800";"3297";"248419.5"
"34525399000";"2183700";"3297";"248427.5"
"34526480000";"2183700";"3297";"248435.8"
"34527822000";"2183700";"3297";"248444.1"
"34528901000";"2183700";"3297";"248452.1"
"34529981000";"2183700";"3297";"248460.0"
"34531061000";"2183700";"3297";"248468.0"
"34532141000";"2183700";"3297";"248476.3"
"34533489000";"2126900";"3297";"248484.2"
"34534570000";"2126900";"3297";"248492.6"
"34535651000";"2126900";"3297";"248500.5"
"34536731000";"2126900";"3297";"248508.5"
"34537811000";"2126900";"3297";"248516.4"
"34539152000";"2126900";"3297";"248524.7"
"34540233000";"2126900";"3297";"248532.7"
"34541313000";"2185200";"3297";"248540.6"
"34542394000";"2185200";"3297";"248549.0"
"34543479000";"2185200";"3297";"248556.9"
"34544823000";"2185200";"3297";"248565.3"
"34545902000";"2185200";"3297";"248573.2"
"34546982000";"2185200";"3297";"248581.5"
"34548062000";"2185200";"3297";"248589.5"
"34549141000";"2198500";"3297";"248597.4"
"34550484000";"2198500";"3297";"248605.8"
"34551564000";"2198500";"3297";"248613.7"
"34552644000";"2198500";"3297";"248621.7"
"34553734000";"2198500";"3297";"248630.0"
"34554814000";"2198500";"3297";"248638.0"
"34556158000";"2198500";"3297";"248646.3"
"34557238000";"2125200";"3297";"248654.2"
"34558318000";"2125200";"3297";"248662.2"
"34559398000";"2125200";"3297";"248670.1"
"34560479000";"2125200";"3297";"248678.1"
"34561822000";"2125200";"3297";"248686.4"
"34562908000";"2125200";"3297";"248694.7"
"34563988000";"2125200";"3297";"248702.7"
"34565068000";"2183400";"3297";"248710.6"
"34566148000";"2183400";"3297";"248718.6"
"34567491000";"2183400";"3297";"248727.3"
"34568572000";"2183400";"3297";"248735.2"
"34569651000";"2183400";"3297";"248743.2"
"34570732000";"2183400";"3297";"248751.2"
"34571812000";"2183400";"3297";"248759.5"
"34573159000";"2126500";"3297";"248767.4"
"34574240000";"2126500";"3297";"248775.8"
"34575320000";"2126500";"3297";"248783.7"
"34576400000";"2126500";"3297";"248791.7"
"34577480000";"2126500";"3297";"248799.6"
"34578823000";"2126500";"3297";"248807.9"
"34579903000";"2126500";"3297";"248815.9"
"34580983000";"2185200";"3297";"248823.8"
"34582062000";"2185200";"3297";"248832.2"
"34583148000";"2185200";"3297";"248840.1"
"34584491000";"2185200";"3297";"248850.0"
"34585571000";"2185200";"3297";"248857.9"
"34586652000";"2185200";"3297";"248865.9"
"34587731000";"2244500";"3297";"248873.8"
"34588811000";"2244500";"3297";"248882.2"
"34590154000";"2244500";"3297";"248890.5"
"34591233000";"2244500";"3297";"248898.4"
"34592312000";"2244500";"3297";"248906.4"
"34593397000";"2244500";"3297";"248914.3"
"34594478000";"2244500";"3297";"248922.3"
"34595825000";"2125800";"3297";"248930.6"
"34596906000";"2125800";"3297";"248938.9"
"34597985000";"2125800";"3298";"248946.9"
"34599064000";"2125800";"3298";"248954.8"
"34600144000";"2125800";"3297";"248962.8"
"34601487000";"2125800";"3297";"248972.6"
"34602567000";"2247100";"3298";"248980.6"
"34603651000";"2247100";"3297";"248988.5"
"34604732000";"2247100";"3297";"248996.9"
"34605811000";"2247100";"3297";"249004.8"
"34607153000";"2247100";"3297";"249013.2"
"34608233000";"2247100";"3297";"249021.1"
"34609313000";"2247100";"3297";"249029.4"
"34610393000";"2199200";"3297";"249037.4"
"34611472000";"2199200";"3297";"249045.3"
"34612815000";"2199200";"3297";"249053.7"
"34613900000";"2199200";"3297";"249061.6"
"34614981000";"2199200";"3297";"249069.6"
"34616060000";"2199200";"3297";"249077.5"
"34617141000";"2199200";"3297";"249085.9"
"34618484000";"2126500";"3297";"249094.2"
"34619564000";"2126500";"3297";"249102.1"
"34620643000";"2126500";"3297";"249110.1"
"34621722000";"2126500";"3297";"249118.0"
"34622803000";"2126500";"3297";"249126.0"
"34624152000";"2126500";"3297";"249134.3"
"34625233000";"2126500";"3297";"249142.6"
"34626312000";"2183900";"3297";"249150.6"
"34627392000";"2183900";"3297";"249158.5"
"34628472000";"2183900";"3297";"249166.5"
"34629815000";"2183900";"3297";"249174.8"
"34630896000";"2183900";"3297";"249183.1"
"34631975000";"2183900";"3297";"249191.1"
"34633061000";"2183900";"3297";"249199.1"
"34634140000";"2183700";"3297";"249207.0"
"34635484000";"2183700";"3296";"249215.3"
"34636564000";"2183700";"3296";"249223.3"
"34637648000";"2183700";"3297";"249231.2"
"34638729000";"2183700";"3297";"249239.6"
"34639809000";"2183700";"3297";"249247.5"
"34641151000";"2183700";"3297";"249255.8"
"34642231000";"2126700";"3297";"249263.8"
"34643316000";"2126700";"3297";"249271.7"
"34644396000";"2126700";"3297";"249279.7"
"34645477000";"2126700";"3297";"249288.0"
"34646819000";"2126700";"3297";"249296.3"
"34647900000";"2126700";"3297";"249304.3"
"34648979000";"2126700";"3297";"249312.2"
"34650060000";"2198500";"3297";"249320.6"
"34651140000";"2198500";"3297";"249328.5"
"34652483000";"2198500";"3297";"249338.4"
"34653568000";"2198500";"3297";"249346.3"
"34654649000";"2198500";"3297";"249354.3"
"34655728000";"2198500";"3297";"249362.2"
"34656808000";"2227600";"3297";"249370.2"
"34658152000";"2227600";"3297";"249378.5"
"34659232000";"2227600";"3297";"249386.5"
"34660311000";"2227600";"3297";"249394.4"
"34661391000";"2227600";"3297";"249402.7"
"34662471000";"2227600";"3297";"249410.7"
"34663819000";"2227600";"3297";"249419.0"
"34664899000";"2126700";"3297";"249427.0"
"34665979000";"2126700";"3297";"249435.3"
"34667058000";"2126700";"3297";"249443.3"
"34668138000";"2126700";"3297";"249451.2"
"34669482000";"2126700";"3297";"249459.5"
"34670561000";"2126700";"3297";"249467.5"
"34671641000";"2126700";"3297";"249475.8"
"34672721000";"2200300";"3297";"249483.8"
"34673806000";"2200300";"3297";"249491.7"
"34675148000";"2200300";"3297";"249500.0"
"34676228000";"2200300";"3297";"249508.0"
"34677307000";"2200300";"3297";"249515.9"
"34678387000";"2200300";"3297";"249523.9"
"34679472000";"2200300";"3297";"249532.2"
"34680814000";"2126200";"3297";"249540.5"
"34681894000";"2126200";"3297";"249548.5"
"34682980000";"2126200";"3297";"249556.5"
"34684060000";"2126200";"3297";"249564.8"
"34685141000";"2126200";"3297";"249572.7"
"34686483000";"2126200";"3297";"249582.6"
"34687564000";"2244100";"3297";"249590.5"
"34688643000";"2244100";"3297";"249598.5"
"34689724000";"2244100";"3298";"249606.8"
"34690803000";"2244100";"3298";"249614.8"
"34692146000";"2244100";"3298";"249623.1"
"34693232000";"2244100";"3298";"249631.0"
"34694312000";"2244100";"3298";"249639.0"
"34695393000";"2183500";"3298";"249646.9"
"34696473000";"2183500";"3298";"249654.9"
"34697815000";"2183500";"3298";"249663.2"
"34698895000";"2183500";"3298";"249671.2"
"34699975000";"2183500";"3298";"249679.5"
"34701054000";"2183500";"3298";"249687.5"
"34702134000";"2183500";"3298";"249695.4"
"34703482000";"2127000";"3297";"249703.7"
"34704562000";"2127000";"3297";"249711.7"
"34705642000";"2127000";"3297";"249720.0"
"34706723000";"2127000";"3297";"249728.0"
"34707802000";"2127000";"3297";"249735.9"
"34709145000";"2127000";"3297";"249745.8"
"34710225000";"2246400";"3297";"249753.7"
"34711306000";"2246400";"3297";"249762.1"
"34712385000";"2246400";"3297";"249770.0"
"34713471000";"2246400";"3297";"249778.0"
"34714814000";"2246400";"3297";"249786.3"
"34715893000";"2246400";"3297";"249794.2"
"34716972000";"2246400";"3297";"249802.2"
"34718053000";"2183900";"3297";"249810.1"
"34719134000";"2183900";"3297";"249818.5"
"34720476000";"2183900";"3297";"249826.4"
"34721562000";"2183900";"3298";"249834.7"
"34722642000";"2183900";"3298";"249842.7"
"34723728000";"2183900";"3297";"249850.6"
"34724807000";"2183900";"3297";"249858.6"
"34726151000";"2125000";"3297";"249866.9"
"34727230000";"2125000";"3297";"249875.2"
"34728310000";"2125000";"3297";"249883.2"
"34729389000";"2125000";"3297";"249891.2"
"34730469000";"2125000";"3297";"249899.5"
"34731811000";"2125000";"3297";"249907.8"
"34732897000";"2125000";"3297";"249915.8"
"34733977000";"2199000";"3297";"249923.7"
"34735057000";"2199000";"3297";"249931.7"
"34736137000";"2199000";"3297";"249939.6"
"34737480000";"2199000";"3297";"249947.9"
"34738560000";"2199000";"3297";"249955.9"
"34739641000";"2199000";"3297";"249964.2"
"34740720000";"2199000";"3297";"249972.2"
"34741799000";"2185500";"3297";"249980.1"
"34743146000";"2185500";"3297";"249988.4"
"34744225000";"2185500";"3297";"249996.4"
"34745306000";"2185500";"3297";"250004.4"
"34746386000";"2185500";"3297";"250012.7"
"34747466000";"2185500";"3297";"250020.6"
"34748808000";"2185500";"3297";"250029.0"
"34749889000";"2127000";"3296";"250036.9"
"34750969000";"2127000";"3296";"250045.2"
"34752049000";"2127000";"3297";"250053.2"
"34753134000";"2127000";"3297";"250061.1"
"34754476000";"2127000";"3297";"250069.5"
"34755555000";"2127000";"3296";"250077.4"
"34756636000";"2127000";"3296";"250085.4"
"34757715000";"2184300";"3296";"250093.3"
"34758795000";"2184300";"3296";"250101.7"
"34760138000";"2184300";"3296";"250109.6"
"34761219000";"2184300";"3296";"250117.9"
"34762299000";"2184300";"3296";"250125.9"
"34763389000";"2184300";"3296";"250133.8"
"34764469000";"2184300";"3296";"250141.8"
"34765811000";"2125300";"3296";"250150.1"
"34766891000";"2125300";"3296";"250158.4"
"34767970000";"2125300";"3296";"250166.4"
"34769050000";"2125300";"3296";"250174.3"
"34770131000";"2125300";"3296";"250182.7"
"34771474000";"2125300";"3296";"250191.0"
"34772553000";"2125300";"3296";"250198.9"
"34773639000";"2198700";"3296";"250206.9"
"34774718000";"2198700";"3296";"250214.9"
"34775798000";"2198700";"3296";"250222.8"
"34777141000";"2198700";"3296";"250232.7"
"34778220000";"2198700";"3296";"250240.6"
"34779300000";"2198700";"3296";"250248.6"
"34780380000";"2230100";"3296";"250256.5"
"34781460000";"2230100";"3296";"250264.5"
"34782803000";"2230100";"3296";"250274.3"
"34783888000";"2230100";"3296";"250282.3"
"34784969000";"2230100";"3296";"250290.6"
"34786049000";"2230100";"3296";"250298.5"
"34787129000";"2244500";"3296";"250306.5"
"34788472000";"2244500";"3296";"250314.8"
"34789552000";"2244500";"3296";"250323.1"
"34790632000";"2244500";"3296";"250331.1"
"34791712000";"2244500";"3296";"250339.1"
"34792791000";"2244500";"3296";"250347.0"
"34794140000";"2244500";"3296";"250355.3"
"34795219000";"2126700";"3296";"250363.3"
"34796300000";"2126700";"3296";"250371.6"
"34797379000";"2126700";"3296";"250379.6"
"34798458000";"2126700";"3296";"250387.5"
"34799801000";"2126700";"3296";"250395.8"
"34800881000";"2126700";"3296";"250403.8"
"34801961000";"2126700";"3296";"250411.7"
"34803047000";"2183900";"3296";"250419.7"
"34804127000";"2183900";"3296";"250428.0"
"34805475000";"2183900";"3296";"250436.3"
"34806554000";"2183900";"3296";"250444.3"
"34807633000";"2183900";"3296";"250452.2"
"34808714000";"2183900";"3296";"250460.6"
"34809793000";"2183900";"3296";"250468.5"
"34811136000";"2141500";"3296";"250476.9"
"34812217000";"2141500";"3296";"250484.8"
"34813301000";"2141500";"3296";"250492.8"
"34814382000";"2141500";"3296";"250500.7"
"34815462000";"2141500";"3296";"250509.0"
"34816804000";"2141500";"3296";"250517.0"
"34817884000";"2141500";"3296";"250525.3"
"34818965000";"2183700";"3296";"250533.3"
"34820045000";"2183700";"3296";"250541.2"
"34821125000";"2183700";"3296";"250549.2"
"34822467000";"2183700";"3296";"250557.5"
"34823552000";"2183700";"3296";"250565.4"
"34824633000";"2183700";"3296";"250573.4"
"34825713000";"2183700";"3297";"250581.7"
"34826792000";"2184100";"3296";"250589.7"
"34828135000";"2184100";"3296";"250598.0"
"34829216000";"2184100";"3296";"250606.0"
"34830295000";"2184100";"3296";"250614.3"
"34831375000";"2184100";"3296";"250622.2"
"34832455000";"2184100";"3296";"250630.2"
"34833802000";"2184100";"3296";"250638.5"
"34834883000";"2126700";"3296";"250646.5"
"34835964000";"2126700";"3296";"250654.4"
"34837044000";"2126700";"3296";"250662.8"
"34838124000";"2126700";"3296";"250670.7"
"34839467000";"2126700";"3296";"250679.0"
"34840547000";"2126700";"3296";"250687.0"
"34841627000";"2126700";"3296";"250694.9"
"34842706000";"2185200";"3296";"250702.9"
"34843792000";"2185200";"3296";"250710.8"
"34845135000";"2185200";"3296";"250720.7"
"34846215000";"2185200";"3296";"250728.6"
"34847300000";"2185200";"3296";"250737.0"
"34848380000";"2185200";"3296";"250744.9"
"34849460000";"2242800";"3296";"250752.9"
"34850803000";"2242800";"3296";"250761.2"
"34851884000";"2242800";"3297";"250769.5"
"34852970000";"2242800";"3296";"250777.5"
"34854049000";"2242800";"3296";"250785.4"
"34855130000";"2242800";"3296";"250793.4"
"34856473000";"2242800";"3296";"250801.7"
"34857553000";"2126000";"3296";"250809.7"
"34858633000";"2126000";"3296";"250818.0"
"34859713000";"2126000";"3296";"250825.9"
"34860794000";"2126000";"3296";"250833.9"
"34862142000";"2126000";"3296";"250842.2"
"34863227000";"2126000";"3296";"250850.2"
"34864306000";"2126000";"3296";"250858.1"
"34865386000";"2197200";"3296";"250866.4"
"34866465000";"2197200";"3296";"250874.4"
"34867808000";"2197200";"3296";"250882.7"
"34868887000";"2197200";"3296";"250890.7"
"34869968000";"2197200";"3296";"250899.0"
"34871048000";"2197200";"3296";"250907.0"
"34872128000";"2197200";"3296";"250914.9"
"34873477000";"2126900";"3296";"250923.2"
"34874556000";"2126900";"3296";"250931.2"
"34875636000";"2126900";"3296";"250939.1"
"34876716000";"2126900";"3296";"250947.1"
"34877797000";"2126900";"3296";"250955.4"
"34879139000";"2126900";"3296";"250963.4"
"34880219000";"2126900";"3296";"250971.7"
"34881299000";"2185300";"3296";"250979.6"
"34882380000";"2185300";"3296";"250987.6"
"34883465000";"2185300";"3296";"250995.5"
"34884809000";"2185300";"3296";"251005.4"
"34885888000";"2185300";"3296";"251013.3"
"34886968000";"2185300";"3296";"251021.7"
"34888048000";"2244500";"3296";"251029.6"
"34889134000";"2244500";"3296";"251037.6"
"34890477000";"2244500";"3296";"251045.9"
"34891557000";"2244500";"3296";"251054.2"
"34892637000";"2244500";"3296";"251062.2"
"34893722000";"2244500";"3296";"251070.1"
"34894802000";"2244500";"3296";"251078.1"
"34896145000";"2125000";"3296";"251086.4"
"34897225000";"2125000";"3296";"251094.4"
"34898305000";"2125000";"3296";"251102.3"
"34899386000";"2125000";"3296";"251110.3"
"34900467000";"2125000";"3296";"251118.6"
"34901809000";"2125000";"3296";"251128.1"
"34902895000";"2244300";"3296";"251136.4"
"34903975000";"2244300";"3296";"251144.4"
"34905055000";"2244300";"3296";"251152.3"
"34906135000";"2244300";"3296";"251160.3"
"34907478000";"2244300";"3296";"251168.6"
"34908558000";"2244300";"3296";"251176.9"
"34909638000";"2244300";"3296";"251184.9"
"34910718000";"2185200";"3296";"251192.8"
"34911799000";"2185200";"3296";"251200.8"
"34913146000";"2185200";"3296";"251209.1"
"34914227000";"2185200";"3296";"251217.4"
"34915307000";"2185200";"3296";"251225.4"
"34916387000";"2185200";"3296";"251233.3"
"34917466000";"2185200";"3296";"251241.3"
"34918810000";"2126500";"3296";"251249.6"
"34919889000";"2126500";"3296";"251257.5"
"34920969000";"2126500";"3296";"251265.5"
"34922048000";"2126500";"3296";"251273.5"
"34923134000";"2126500";"3296";"251281.8"
"34924476000";"2126500";"3296";"251291.3"
"34925555000";"2245600";"3296";"251299.6"
"34926635000";"2245600";"3296";"251307.5"
"34927715000";"2245600";"3296";"251315.5"
"34928794000";"2245600";"3296";"251323.8"
"34930138000";"2245600";"3296";"251332.1"
"34931222000";"2245600";"3296";"251340.1"
"34932302000";"2245600";"3296";"251348.0"
"34933388000";"2182600";"3296";"251356.0"
"34934468000";"2182600";"3296";"251364.3"
"34935809000";"2182600";"3296";"251372.3"
"34936890000";"2182600";"3296";"251380.6"
"34937969000";"2182600";"3296";"251388.6"
"34939049000";"2182600";"3296";"251396.5"
"34940129000";"2182600";"3296";"251404.5"
"34941472000";"2128600";"3296";"251412.8"
"34942551000";"2128600";"3296";"251420.7"
"34943637000";"2128600";"3296";"251428.7"
"34944717000";"2128600";"3296";"251437.0"
"34945797000";"2128600";"3296";"251445.0"
"34947140000";"2128600";"3296";"251453.3"
"34948220000";"2128600";"3296";"251461.2"
"34949301000";"2198300";"3296";"251469.6"
"34950380000";"2198300";"3296";"251477.5"
"34951460000";"2198300";"3296";"251485.5"
"34952803000";"2198300";"3296";"251493.8"
"34953889000";"2198300";"3296";"251501.8"
"34954970000";"2198300";"3296";"251510.1"
"34956049000";"2198300";"3296";"251518.0"
"34957130000";"2183500";"3296";"251526.0"
"34958473000";"2183500";"3296";"251534.3"
"34959552000";"2183500";"3296";"251542.3"
"34960632000";"2183500";"3296";"251550.2"
"34961713000";"2183500";"3296";"251558.2"
"34962793000";"2183500";"3296";"251566.5"
"34964140000";"2160100";"3296";"251576.0"
"34965221000";"2160100";"3296";"251584.3"
"34966300000";"2160100";"3296";"251592.3"
"34967379000";"2160100";"3296";"251600.2"
"34968460000";"2160100";"3296";"251608.5"
"34969802000";"2160100";"3296";"251616.9"
"34970883000";"2160100";"3296";"251624.8"
"34971963000";"2200100";"3296";"251632.8"
"34973052000";"2200100";"3296";"251640.7"
"34974133000";"2200100";"3296";"251648.7"
"34975476000";"2200100";"3296";"251657.0"
"34976556000";"2200100";"3296";"251665.3"
"34977637000";"2200100";"3296";"251673.3"
"34978717000";"2200100";"3296";"251681.2"
"34979797000";"2182100";"3296";"251689.2"
"34981139000";"2182100";"3296";"251697.5"
"34982219000";"2182100";"3296";"251705.4"
"34983304000";"2182100";"3296";"251713.4"
"34984384000";"2182100";"3296";"251721.7"
"34985464000";"2182100";"3296";"251729.7"
"34986807000";"2182100";"3296";"251738.0"
"34987886000";"2127200";"3296";"251746.0"
"34988967000";"2127200";"3296";"251754.3"
"34990046000";"2127200";"3296";"251762.2"
"34991127000";"2127200";"3296";"251770.2"
"34992469000";"2127200";"3296";"251778.5"
"34993553000";"2127200";"3296";"251786.5"
"34994634000";"2127200";"3296";"251794.4"
"34995713000";"2198800";"3296";"251802.8"
"34996794000";"2198800";"3296";"251810.7"
"34998137000";"2198800";"3296";"251820.2"
"34999217000";"2198800";"3296";"251828.5"
"35000297000";"2198800";"3296";"251836.5"
"35001376000";"2198800";"3296";"251844.4"
"35002456000";"2229500";"3296";"251852.4"
"35003804000";"2229500";"3296";"251860.7"
"35004885000";"2229500";"3296";"251868.6"
"35005964000";"2229500";"3296";"251877.0"
"35007043000";"2229500";"3296";"251884.9"
"35008123000";"2229500";"3296";"251892.9"
"35009466000";"2229500";"3296";"251901.2"
"35010545000";"2141300";"3296";"251909.5"
"35011625000";"2141300";"3296";"251917.5"
"35012704000";"2141300";"3296";"251925.4"
"35013790000";"2141300";"3296";"251933.4"
"35015138000";"2141300";"3296";"251941.7"
"35016218000";"2141300";"3296";"251949.7"
"35017297000";"2141300";"3296";"251958.0"
"35018377000";"2183000";"3296";"251965.9"
"35019456000";"2183000";"3296";"251973.9"
"35020799000";"2183000";"3296";"251982.2"
"35021879000";"2183000";"3296";"251990.2"
"35022964000";"2183000";"3296";"251998.1"
"35024044000";"2183000";"3296";"252006.4"
"35025123000";"2183000";"3296";"252014.4"
"35026465000";"2127200";"3296";"252022.7"
"35027545000";"2127200";"3296";"252030.7"
"35028625000";"2127200";"3296";"252039.0"
"35029706000";"2127200";"3296";"252047.0"
"35030785000";"2127200";"3296";"252054.9"
"35032129000";"2127200";"3296";"252063.2"
"35033216000";"2127200";"3296";"252071.2"
"35034295000";"2198100";"3296";"252079.5"
"35035375000";"2198100";"3296";"252087.5"
"35036454000";"2198100";"3296";"252095.4"
"35037797000";"2198100";"3296";"252103.7"
"35038877000";"2198100";"3296";"252111.7"
"35039957000";"2198100";"3296";"252119.6"
"35041036000";"2198100";"3296";"252127.6"
"35042116000";"2185900";"3296";"252135.9"
"35043464000";"2185900";"3296";"252143.9"
"35044544000";"2185900";"3297";"252152.2"
"35045624000";"2185900";"3297";"252160.2"
"35046704000";"2185900";"3296";"252168.1"
"35047784000";"2185900";"3297";"252176.4"
"35049127000";"2159900";"3297";"252185.9"
"35050206000";"2159900";"3297";"252194.2"
"35051286000";"2159900";"3297";"252202.2"
"35052365000";"2159900";"3297";"252210.1"
"35053450000";"2159900";"3297";"252218.1"
"35054793000";"2159900";"3297";"252226.4"
"35055873000";"2159900";"3297";"252234.7"
"35056958000";"2197900";"3297";"252242.7"
"35058037000";"2197900";"3297";"252250.7"
"35059117000";"2197900";"3297";"252258.6"
"35060459000";"2197900";"3297";"252266.9"
"35061539000";"2197900";"3297";"252274.9"
"35062620000";"2197900";"3297";"252282.8"
"35063705000";"2197900";"3297";"252291.2"
"35064784000";"2184300";"3297";"252299.1"
"35066127000";"2184300";"3297";"252307.4"
"35067207000";"2184300";"3297";"252315.4"
"35068288000";"2184300";"3297";"252323.7"
"35069368000";"2184300";"3297";"252331.7"
"35070448000";"2184300";"3297";"252339.6"
"35071791000";"2184300";"3297";"252347.9"
"35072876000";"2126400";"3297";"252355.9"
"35073957000";"2126400";"3297";"252364.2"
"35075037000";"2126400";"3297";"252372.2"
"35076116000";"2126400";"3297";"252380.1"
"35077459000";"2126400";"3297";"252388.5"
"35078539000";"2126400";"3297";"252396.4"
"35079619000";"2126400";"3297";"252404.4"
"35080698000";"2185700";"3297";"252412.3"
"35081777000";"2185700";"3297";"252420.3"
"35083126000";"2185700";"3297";"252430.1"
"35084207000";"2185700";"3297";"252438.1"
"35085287000";"2185700";"3297";"252446.4"
"35086366000";"2185700";"3297";"252454.3"
"35087446000";"2244700";"3297";"252462.3"
"35088790000";"2244700";"3297";"252470.6"
"35089870000";"2244700";"3297";"252479.0"
"35090949000";"2244700";"3297";"252486.9"
"35092030000";"2244700";"3297";"252494.9"
"35093115000";"2244700";"3296";"252502.8"
"35094458000";"2244700";"3296";"252511.1"
"35095537000";"2126500";"3296";"252519.1"
"35096618000";"2126500";"3296";"252527.4"
"35097698000";"2126500";"3296";"252535.4"
"35098782000";"2126500";"3296";"252543.3"
"35100126000";"2126500";"3296";"252551.6"
"35101206000";"2126500";"3296";"252559.6"
"35102286000";"2126500";"3296";"252567.5"
"35103371000";"2182300";"3296";"252575.5"
"35104451000";"2182300";"3296";"252583.8"
"35105793000";"2182300";"3296";"252592.1"
"35106873000";"2182300";"3296";"252600.1"
"35107953000";"2182300";"3296";"252608.1"
"35109034000";"2182300";"3296";"252616.4"
"35110114000";"2182300";"3296";"252624.3"
"35111457000";"2199300";"3296";"252634.2"
"35112537000";"2199300";"3296";"252642.1"
"35113622000";"2199300";"3296";"252650.1"
"35114702000";"2199300";"3296";"252658.0"
"35115783000";"2199300";"3296";"252666.0"
"35117125000";"2199300";"3296";"252675.8"
"35118206000";"2227600";"3296";"252683.8"
"35119286000";"2227600";"3296";"252691.7"
"35120366000";"2227600";"3296";"252699.7"
"35121445000";"2227600";"3296";"252708.0"
"35122789000";"2227600";"3296";"252716.3"
"35123875000";"2227600";"3297";"252724.3"
"35124956000";"2227600";"3296";"252732.3"
"35126036000";"2183200";"3296";"252740.2"
"35127116000";"2183200";"3296";"252748.5"
"35128458000";"2183200";"3296";"252756.9"
"35129537000";"2183200";"3297";"252764.8"
"35130618000";"2183200";"3297";"252772.8"
"35131698000";"2183200";"3296";"252781.1"
"35132778000";"2183200";"3297";"252789.0"
"35134127000";"2141000";"3297";"252797.4"
"35135207000";"2141000";"3297";"252805.3"
"35136288000";"2141000";"3297";"252813.3"
"35137367000";"2141000";"3297";"252821.2"
"35138446000";"2141000";"3296";"252829.2"
"35139789000";"2141000";"3296";"252837.5"
"35140874000";"2141000";"3297";"252845.4"
"35141954000";"2184100";"3297";"252853.8"
"35143040000";"2184100";"3297";"252861.7"
"35144120000";"2184100";"3297";"252869.7"
"35145462000";"2184100";"3297";"252878.0"
"35146542000";"2184100";"3297";"252886.0"
"35147623000";"2184100";"3297";"252894.3"
"35148702000";"2184100";"3297";"252902.2"
"35149783000";"2183700";"3297";"252910.2"
"35151125000";"2183700";"3297";"252920.0"
"35152206000";"2183700";"3297";"252928.0"
"35153290000";"2183700";"3297";"252935.9"
"35154371000";"2183700";"3297";"252944.3"
"35155451000";"2183700";"3297";"252952.2"
"35156794000";"2176200";"3297";"252960.6"
"35157873000";"2176200";"3297";"252968.5"
"35158953000";"2176200";"3297";"252976.5"
"35160033000";"2176200";"3297";"252984.4"
"35161113000";"2176200";"3297";"252992.4"
"35162455000";"2176200";"3297";"253000.7"
"35163541000";"2176200";"3297";"253008.6"
"35164620000";"2184400";"3297";"253017.0"
"35165700000";"2184400";"3297";"253024.9"
"35166780000";"2184400";"3297";"253032.9"
"35168123000";"2184400";"3297";"253042.7"
"35169203000";"2184400";"3297";"253050.7"
"35170282000";"2184400";"3297";"253059.0"
"35171363000";"2246600";"3297";"253067.0"
"35172442000";"2246600";"3297";"253074.9"
"35173790000";"2246600";"3297";"253083.2"
"35174869000";"2246600";"3297";"253091.2"
"35175950000";"2246600";"3297";"253099.1"
"35177030000";"2246600";"3297";"253107.5"
"35178109000";"2246600";"3297";"253115.4"
"35179452000";"2169900";"3297";"253124.9"
"35180533000";"2169900";"3297";"253133.2"
"35181612000";"2169900";"3297";"253141.2"
"35182697000";"2169900";"3297";"253149.1"
"35183783000";"2169900";"3297";"253157.1"
"35185124000";"2169900";"3297";"253165.4"
"35186204000";"2169900";"3296";"253173.3"
"35187285000";"2197400";"3297";"253181.7"
"35188365000";"2197400";"3297";"253189.6"
"35189445000";"2197400";"3297";"253197.6"
"35190788000";"2197400";"3296";"253205.9"
"35191868000";"2197400";"3296";"253214.2"
"35192953000";"2197400";"3296";"253222.2"
"35194033000";"2197400";"3296";"253230.1"
"35195113000";"2198500";"3296";"253238.5"
"35196457000";"2198500";"3296";"253246.4"
"35197536000";"2198500";"3296";"253254.7"
"35198616000";"2198500";"3296";"253262.7"
"35199696000";"2198500";"3296";"253270.6"
"35200777000";"2198500";"3296";"253278.6"
"35202119000";"2198500";"3296";"253286.9"
"35203205000";"2112100";"3296";"253294.9"
"35204284000";"2112100";"3296";"253302.8"
"35205365000";"2112100";"3296";"253310.8"
"35206444000";"2112100";"3296";"253319.1"
"35207788000";"2112100";"3296";"253327.4"
"35208868000";"2112100";"3296";"253335.4"
"35209947000";"2112100";"3296";"253343.3"
"35211027000";"2200300";"3296";"253351.7"
"35212106000";"2200300";"3296";"253359.6"
"35213456000";"2200300";"3296";"253367.9"
"35214536000";"2200300";"3296";"253375.9"
"35215616000";"2200300";"3296";"253383.8"
"35216695000";"2200300";"3296";"253391.8"
"35217775000";"2200300";"3296";"253399.8"
"35219118000";"2112600";"3296";"253408.1"
"35220199000";"2112600";"3296";"253416.0"
"35221278000";"2112600";"3296";"253424.0"
"35222358000";"2112600";"3296";"253432.3"
"35223443000";"2112600";"3296";"253440.3"
"35224791000";"2112600";"3297";"253448.6"
"35225871000";"2112600";"3297";"253456.5"
"35226951000";"2182500";"3297";"253464.5"
"35228031000";"2182500";"3297";"253472.8"
"35229111000";"2182500";"3297";"253480.8"
"35230453000";"2182500";"3297";"253490.6"
"35231534000";"2182500";"3297";"253498.6"
"35232613000";"2182500";"3297";"253506.5"
"35233699000";"2261800";"3297";"253514.9"
"35234778000";"2261800";"3297";"253522.8"
"35236121000";"2261800";"3297";"253531.1"
"35237201000";"2261800";"3297";"253539.1"
"35238281000";"2261800";"3297";"253547.0"
"35239360000";"2261800";"3297";"253555.0"
"35240440000";"2261800";"3297";"253562.9"
"35241783000";"2114100";"3297";"253571.3"
"35242869000";"2114100";"3297";"253579.2"
"35243949000";"2114100";"3297";"253587.2"
"35245029000";"2114100";"3296";"253595.5"
"35246109000";"2114100";"3297";"253603.4"
"35247452000";"2114100";"3297";"253613.3"
"35248532000";"2244500";"3297";"253621.2"
"35249611000";"2244500";"3297";"253629.2"
"35250692000";"2244500";"3297";"253637.5"
"35251772000";"2244500";"3297";"253645.5"
"35253120000";"2244500";"3297";"253655.3"
"35254200000";"2244500";"3297";"253663.3"
"35255280000";"2244900";"3297";"253671.2"
"35256359000";"2244900";"3297";"253679.2"
"35257439000";"2244900";"3297";"253687.1"
"35258782000";"2244900";"3297";"253695.5"
"35259863000";"2244900";"3297";"253703.4"
"35260943000";"2244900";"3297";"253711.4"
"35262023000";"2244900";"3297";"253719.3"
"35263109000";"2183400";"3297";"253727.6"
"35264452000";"2183400";"3297";"253737.5"
"35265532000";"2183400";"3297";"253745.4"
"35266618000";"2183400";"3297";"253753.4"
"35267697000";"2183400";"3297";"253761.3"
"35268777000";"2183400";"3297";"253769.7"
"35270119000";"2176800";"3297";"253778.0"
"35271200000";"2176800";"3297";"253786.0"
"35272280000";"2176800";"3297";"253793.9"
"35273365000";"2176800";"3297";"253801.9"
"35274446000";"2176800";"3297";"253810.2"
"35275788000";"2176800";"3297";"253818.5"
"35276868000";"2176800";"3297";"253826.5"
"35277948000";"2183500";"3297";"253834.4"
"35279029000";"2183500";"3297";"253842.4"
"35280108000";"2183500";"3297";"253850.3"
"35281452000";"2183500";"3297";"253860.2"
"35282531000";"2183500";"3297";"253868.1"
"35283617000";"2183500";"3297";"253876.1"
"35284697000";"2227400";"3297";"253884.0"
"35285777000";"2227400";"3297";"253892.0"
"35287120000";"2227400";"3297";"253900.3"
"35288199000";"2227400";"3297";"253908.2"
"35289280000";"2227400";"3297";"253916.6"
"35290360000";"2227400";"3297";"253924.5"
"35291439000";"2227400";"3297";"253932.5"
"35292782000";"2185400";"3297";"253942.3"
"35293868000";"2185400";"3297";"253950.3"
"35294948000";"2185400";"3296";"253958.2"
"35296028000";"2185400";"3296";"253966.2"
"35297108000";"2185400";"3297";"253974.1"
"35298451000";"2185400";"3297";"253984.0"
"35299531000";"2227400";"3297";"253991.9"
"35300611000";"2227400";"3297";"253999.9"
"35301690000";"2227400";"3297";"254007.8"
"35302771000";"2227400";"3297";"254016.2"
"35304118000";"2227400";"3297";"254024.5"
"35305198000";"2227400";"3297";"254032.4"
"35306278000";"2227400";"3297";"254040.4"
"35307358000";"2184300";"3297";"254048.3"
"35308442000";"2184300";"3297";"254056.7"
"35309785000";"2184300";"3297";"254065.0"
"35310864000";"2184300";"3297";"254073.0"
"35311945000";"2184300";"3297";"254080.9"
"35313030000";"2184300";"3297";"254089.2"
"35314110000";"2184300";"3297";"254097.2"
"35315452000";"2139900";"3297";"254105.5"
"35316532000";"2139900";"3297";"254113.5"
"35317612000";"2139900";"3297";"254121.4"
"35318691000";"2139900";"3297";"254129.4"
"35319772000";"2139900";"3297";"254137.3"
"35321114000";"2139900";"3297";"254147.2"
"35322194000";"2229700";"3296";"254155.1"
"35323279000";"2229700";"3296";"254163.1"
"35324359000";"2229700";"3296";"254171.0"
"35325439000";"2229700";"3296";"254179.0"
"35326782000";"2229700";"3296";"254187.3"
"35327861000";"2229700";"3296";"254195.6"
"35328942000";"2229700";"3296";"254203.6"
"35330022000";"2183900";"3296";"254211.5"
"35331102000";"2183900";"3296";"254219.5"
"35332446000";"2183900";"3297";"254227.8"
"35333531000";"2183900";"3296";"254236.1"
"35334610000";"2183900";"3296";"254244.1"
"35335690000";"2183900";"3296";"254252.0"
"35336770000";"2183900";"3297";"254260.0"
"35338112000";"2126900";"3297";"254268.3"
"35339193000";"2126900";"3296";"254276.3"
"35340272000";"2126900";"3296";"254284.2"
"35341353000";"2126900";"3296";"254292.2"
"35342432000";"2126900";"3296";"254300.1"
"35343781000";"2126900";"3296";"254308.4"
"35344860000";"2126900";"3296";"254316.8"
"35345941000";"2183700";"3296";"254324.7"
"35347021000";"2183700";"3296";"254332.7"
"35348101000";"2183700";"3296";"254340.6"
"35349443000";"2183700";"3296";"254349.0"
"35350528000";"2183700";"3296";"254357.3"
"35351607000";"2183700";"3296";"254365.2"
"35352687000";"2183700";"3296";"254373.2"
"35353773000";"2182600";"3296";"254381.1"
"35355115000";"2182600";"3296";"254389.5"
"35356195000";"2182600";"3296";"254397.4"
"35357276000";"2182600";"3296";"254405.7"
"35358356000";"2182600";"3296";"254413.7"
"35359436000";"2182600";"3296";"254421.7"
"35360778000";"2182600";"3296";"254430.0"
"35361858000";"2128200";"3296";"254437.9"
"35362943000";"2128200";"3296";"254445.9"
"35364023000";"2128200";"3296";"254454.2"
"35365104000";"2128200";"3296";"254462.2"
"35366446000";"2128200";"3296";"254470.5"
"35367526000";"2128200";"3296";"254478.4"
"35368606000";"2128200";"3296";"254486.4"
"35369685000";"2198800";"3296";"254494.7"
"35370766000";"2198800";"3296";"254502.7"
"35372109000";"2198800";"3296";"254511.0"
"35373195000";"2198800";"3296";"254518.9"
"35374274000";"2198800";"3296";"254526.9"
"35375355000";"2198800";"3296";"254535.2"
"35376435000";"2198800";"3296";"254543.2"
"35377778000";"2126200";"3297";"254551.5"
"35378858000";"2126200";"3297";"254559.5"
"35379938000";"2126200";"3297";"254567.4"
"35381018000";"2126200";"3297";"254575.4"
"35382099000";"2126200";"3297";"254583.3"
"35383447000";"2126200";"3297";"254591.6"
"35384526000";"2126200";"3297";"254599.6"
"35385607000";"2169000";"3297";"254607.5"
"35386686000";"2169000";"3297";"254615.9"
"35387767000";"2169000";"3297";"254623.8"
"35389109000";"2169000";"3296";"254632.1"
"35390188000";"2169000";"3296";"254640.1"
"35391268000";"2169000";"3296";"254648.4"
"35392353000";"2169000";"3296";"254656.4"
"35393438000";"2197600";"3296";"254664.3"
"35394782000";"2197600";"3296";"254672.7"
"35395862000";"2197600";"3296";"254680.6"
"35396942000";"2197600";"3296";"254688.9"
"35398021000";"2197600";"3296";"254696.9"
"35399101000";"2197600";"3296";"254704.8"
"35400443000";"2161900";"3296";"254714.3"
"35401523000";"2161900";"3296";"254722.6"
"35402602000";"2161900";"3296";"254730.6"
"35403688000";"2161900";"3296";"254738.5"
"35404768000";"2161900";"3296";"254746.5"
"35406110000";"2161900";"3296";"254756.3"
"35407191000";"2244900";"3296";"254764.3"
"35408271000";"2244900";"3296";"254772.6"
"35409351000";"2244900";"3296";"254780.6"
"35410430000";"2244900";"3296";"254788.5"
"35411772000";"2244900";"3297";"254796.9"
"35412857000";"2244900";"3297";"254804.8"
"35413937000";"2244900";"3296";"254812.8"
"35415017000";"2199000";"3296";"254821.1"
"35416097000";"2199000";"3296";"254829.0"
"35417440000";"2199000";"3296";"254837.0"
"35418520000";"2199000";"3297";"254845.3"
"35419600000";"2199000";"3297";"254853.3"
"35420681000";"2199000";"3297";"254861.2"
"35421760000";"2199000";"3297";"254869.2"
"35423107000";"2112600";"3297";"254877.5"
"35424188000";"2112600";"3297";"254885.4"
"35425269000";"2112600";"3297";"254893.8"
"35426349000";"2112600";"3297";"254901.7"
"35427429000";"2112600";"3297";"254909.7"
"35428771000";"2112600";"3297";"254918.0"
"35429850000";"2112600";"3296";"254926.0"
"35430930000";"2200100";"3297";"254934.3"
"35432010000";"2200100";"3297";"254942.2"
"35433095000";"2200100";"3296";"254950.2"
"35434443000";"2200100";"3296";"254958.5"
"35435523000";"2200100";"3296";"254966.5"
"35436604000";"2200100";"3296";"254974.4"
"35437684000";"2200100";"3296";"254982.4"
"35438764000";"2182100";"3296";"254990.7"
"35440108000";"2182100";"3296";"254998.6"
"35441187000";"2182100";"3296";"255006.6"
"35442268000";"2182100";"3296";"255014.9"
"35443353000";"2182100";"3296";"255022.9"
"35444433000";"2182100";"3296";"255030.8"
"35445776000";"2182100";"3296";"255039.1"
"35446856000";"2112200";"3296";"255047.1"
"35447936000";"2112200";"3296";"255055.1"
"35449017000";"2112200";"3296";"255063.4"
"35450097000";"2112200";"3297";"255071.3"
"35451439000";"2112200";"3297";"255079.7"
"35452518000";"2112200";"3297";"255087.6"
"35453603000";"2112200";"3297";"255095.9"
"35454684000";"2198700";"3297";"255103.9"
"35455764000";"2198700";"3297";"255111.8"
"35457107000";"2198700";"3297";"255120.2"
"35458186000";"2198700";"3297";"255128.1"
"35459267000";"2198700";"3297";"255136.1"
"35460347000";"2198700";"3297";"255144.0"
"35461427000";"2198700";"3297";"255152.0"
"35462770000";"2113600";"3297";"255160.3"
"35463856000";"2113600";"3297";"255168.3"
"35464935000";"2113600";"3297";"255176.2"
"35466016000";"2113600";"3297";"255184.5"
"35467095000";"2113600";"3297";"255192.5"
"35468438000";"2113600";"3297";"255200.8"
"35469518000";"2113600";"3297";"255208.8"
"35470598000";"2183900";"3297";"255216.7"
"35471678000";"2183900";"3297";"255225.0"
"35472758000";"2183900";"3297";"255233.0"
"35474106000";"2183900";"3297";"255242.5"
"35475187000";"2183900";"3297";"255250.8"
"35476272000";"2183900";"3297";"255258.7"
"35477352000";"2242800";"3297";"255266.7"
"35478432000";"2242800";"3297";"255274.7"
"35479775000";"2242800";"3297";"255283.0"
"35480855000";"2242800";"3297";"255290.9"
"35481934000";"2242800";"3297";"255298.9"
"35483019000";"2242800";"3297";"255306.8"
"35484099000";"2242800";"3297";"255314.8"
"35485442000";"2112600";"3297";"255323.1"
"35486522000";"2112600";"3297";"255331.4"
"35487603000";"2112600";"3297";"255339.4"
"35488682000";"2112600";"3297";"255347.3"
"35489762000";"2112600";"3297";"255355.3"
"35491105000";"2112600";"3297";"255363.6"
"35492186000";"2112600";"3298";"255371.9"
"35493271000";"2198300";"3298";"255379.9"
"35494351000";"2198300";"3298";"255387.8"
"35495432000";"2198300";"3298";"255395.8"
"35496775000";"2198300";"3298";"255404.1"
"35497854000";"2198300";"3297";"255412.1"
"35498935000";"2198300";"3297";"255420.0"
"35500015000";"2198300";"3297";"255428.0"
"35501095000";"2170200";"3297";"255435.9"
"35502437000";"2170200";"3297";"255444.3"
"35503523000";"2170200";"3297";"255452.2"
"35504603000";"2170200";"3297";"255460.5"
"35505683000";"2170200";"3297";"255468.5"
"35506764000";"2170200";"3297";"255476.4"
"35508106000";"2170200";"3297";"255484.8"
"35509186000";"2126700";"3297";"255492.7"
"35510267000";"2126700";"3297";"255501.0"
"35511346000";"2126700";"3297";"255509.0"
"35512426000";"2126700";"3297";"255517.0"
"35513775000";"2126700";"3297";"255525.3"
"35514854000";"2126700";"3297";"255533.2"
"35515934000";"2126700";"3296";"255541.2"
"35517014000";"2183900";"3296";"255549.1"
"35518099000";"2183900";"3296";"255557.5"
"35519441000";"2183900";"3296";"255565.8"
"35520521000";"2183900";"3297";"255573.7"
"35521601000";"2183900";"3297";"255581.7"
"35522681000";"2183900";"3297";"255589.6"
"35523766000";"2183900";"3297";"255597.6"
"35525108000";"2125800";"3297";"255605.9"
"35526188000";"2125800";"3297";"255613.9"
"35527267000";"2125800";"3297";"255621.8"
"35528347000";"2125800";"3297";"255630.1"
"35529427000";"2125800";"3297";"255638.1"
"35530770000";"2125800";"3296";"255646.4"
"35531850000";"2125800";"3296";"255654.4"
"35532936000";"2198700";"3296";"255662.7"
"35534015000";"2198700";"3296";"255670.7"
"35535095000";"2198700";"3296";"255678.6"
"35536437000";"2198700";"3296";"255686.9"
"35537517000";"2198700";"3296";"255694.9"
"35538597000";"2198700";"3296";"255702.8"
"35539678000";"2198700";"3296";"255711.2"
"35540757000";"2185700";"3296";"255719.1"
"35542101000";"2185700";"3296";"255727.4"
"35543186000";"2185700";"3296";"255735.4"
"35544265000";"2185700";"3296";"255743.3"
"35545345000";"2185700";"3296";"255751.3"
"35546425000";"2185700";"3296";"255759.2"
"35547767000";"2185700";"3296";"255767.6"
"35548847000";"2112800";"3296";"255775.5"
"35549927000";"2112800";"3296";"255783.9"
"35551008000";"2112800";"3296";"255791.8"
"35552087000";"2112800";"3296";"255799.8"
"35553436000";"2112800";"3296";"255808.1"
"35554515000";"2112800";"3296";"255816.0"
"35555596000";"2112800";"3296";"255824.0"
"35556676000";"2198300";"3296";"255832.3"
"35557756000";"2198300";"3296";"255840.3"
"35559098000";"2198300";"3296";"255849.7"
"35560183000";"2198300";"3296";"255857.7"
"35561263000";"2198300";"3296";"255865.6"
"35562343000";"2198300";"3296";"255874.0"
"35563427000";"2226500";"3296";"255881.9"
"35564769000";"2226500";"3296";"255890.2"
"35565850000";"2226500";"3296";"255898.2"
"35566929000";"2226500";"3296";"255906.1"
"35568009000";"2226500";"3296";"255914.1"
"35569089000";"2226500";"3296";"255922.4"
"35570431000";"2162300";"3296";"255931.9"
"35571511000";"2162300";"3296";"255940.2"
"35572591000";"2162300";"3296";"255948.2"
"35573677000";"2162300";"3296";"255956.1"
"35574757000";"2162300";"3296";"255964.5"
"35576100000";"2162300";"3296";"255972.4"
"35577181000";"2162300";"3296";"255980.7"
"35578261000";"2197900";"3296";"255988.7"
"35579342000";"2197900";"3296";"255996.6"
"35580421000";"2197900";"3296";"256004.6"
"35581763000";"2197900";"3296";"256014.1"
"35582844000";"2197900";"3296";"256022.4"
"35583929000";"2197900";"3297";"256030.3"
"35585009000";"2227600";"3297";"256038.3"
"35586089000";"2227600";"3297";"256046.3"
"35587433000";"2227600";"3297";"256054.6"
"35588512000";"2227600";"3296";"256062.5"
"35589593000";"2227600";"3297";"256070.9"
"35590673000";"2227600";"3297";"256078.8"
"35591753000";"2227600";"3297";"256086.8"
"35593102000";"2126400";"3296";"256095.1"
"35594182000";"2126400";"3297";"256103.4"
"35595261000";"2126400";"3297";"256111.4"
"35596341000";"2126400";"3297";"256119.3"
"35597420000";"2126400";"3297";"256127.3"
"35598762000";"2126400";"3297";"256135.6"
"35599842000";"2126400";"3296";"256143.5"
"35600921000";"2186200";"3296";"256151.5"
"35602005000";"2186200";"3296";"256159.4"
"35603091000";"2186200";"3296";"256167.8"
"35604433000";"2186200";"3297";"256177.2"
"35605513000";"2186200";"3297";"256185.6"
"35606593000";"2186200";"3297";"256193.5"
"35607673000";"2243400";"3297";"256201.5"
"35608753000";"2243400";"3297";"256209.4"
"35610096000";"2243400";"3297";"256217.8"
"35611177000";"2243400";"3297";"256226.1"
"35612257000";"2243400";"3297";"256234.0"
"35613343000";"2243400";"3297";"256242.0"
"35614423000";"2243400";"3297";"256249.9"
"35615765000";"2126500";"3297";"256258.3"
"35616846000";"2126500";"3297";"256266.2"
"35617926000";"2126500";"3297";"256274.2"
"35619006000";"2126500";"3297";"256282.5"
"35620085000";"2126500";"3297";"256290.5"
"35621427000";"2126500";"3297";"256298.8"
"35622508000";"2126500";"3297";"256306.7"
"35623594000";"2183500";"3297";"256314.7"
"35624674000";"2183500";"3297";"256322.6"
"35625754000";"2183500";"3297";"256330.6"
"35627097000";"2183500";"3297";"256338.9"
"35628177000";"2183500";"3297";"256346.9"
"35629257000";"2183500";"3297";"256355.2"
"35630337000";"2183500";"3297";"256363.1"
"35631418000";"2185000";"3297";"256371.1"
"35632761000";"2185000";"3297";"256379.4"
"35633845000";"2185000";"3297";"256387.4"
"35634924000";"2185000";"3297";"256395.3"
"35636005000";"2185000";"3297";"256403.7"
"35637085000";"2185000";"3297";"256411.6"
"35638428000";"2185000";"3297";"256419.9"
"35639508000";"2126900";"3297";"256427.9"
"35640588000";"2126900";"3297";"256435.8"
"35641669000";"2126900";"3297";"256443.8"
"35642748000";"2126900";"3297";"256451.7"
"35644102000";"2126900";"3297";"256461.6"
"35645182000";"2126900";"3297";"256469.5"
"35646262000";"2225700";"3297";"256477.5"
"35647342000";"2225700";"3297";"256485.4"
"35648421000";"2225700";"3297";"256493.4"
"35649765000";"2225700";"3297";"256501.7"
"35650845000";"2225700";"3297";"256510.0"
"35651925000";"2225700";"3297";"256518.0"
"35653010000";"2225700";"3297";"256525.9"
"35654090000";"2183700";"3297";"256533.9"
"35655433000";"2183700";"3297";"256542.2"
"35656514000";"2183700";"3297";"256550.6"
"35657593000";"2183700";"3297";"256558.5"
"35658673000";"2183700";"3297";"256566.5"
"35659754000";"2183700";"3297";"256574.4"
"35661097000";"2183700";"3297";"256582.7"
"35662176000";"2128100";"3297";"256590.7"
"35663261000";"2128100";"3297";"256598.6"
"35664341000";"2128100";"3297";"256606.6"
"35665420000";"2128100";"3297";"256614.9"
"35666764000";"2128100";"3297";"256623.2"
"35667844000";"2128100";"3297";"256631.2"
"35668924000";"2128100";"3297";"256639.1"
"35670005000";"2183700";"3297";"256647.1"
"35671084000";"2183700";"3297";"256655.4"
"35672426000";"2183700";"3297";"256663.7"
"35673512000";"2183700";"3297";"256671.7"
"35674592000";"2183700";"3297";"256679.7"
"35675672000";"2183700";"3297";"256687.6"
"35676752000";"2183700";"3297";"256695.6"
"35678094000";"2184200";"3297";"256705.4"
"35679175000";"2184200";"3297";"256713.4"
"35680254000";"2184200";"3297";"256721.3"
"35681333000";"2184200";"3297";"256729.3"
"35682414000";"2184200";"3297";"256737.2"
"35683762000";"2184200";"3297";"256745.9"
"35684842000";"2184200";"3297";"256753.9"
"35685926000";"2182800";"3297";"256761.8"
"35687006000";"2182800";"3297";"256769.8"
"35688085000";"2182800";"3297";"256777.7"
"35689429000";"2182800";"3296";"256786.0"
"35690509000";"2182800";"3296";"256794.4"
"35691589000";"2182800";"3296";"256802.3"
"35692669000";"2182800";"3296";"256810.3"
"35693755000";"2183500";"3296";"256818.2"
"35695098000";"2183500";"3296";"256828.1"
"35696178000";"2183500";"3296";"256836.0"
"35697259000";"2183500";"3296";"256844.0"
"35698339000";"2183500";"3296";"256851.9"
"35699419000";"2183500";"3296";"256860.3"
"35700761000";"2178000";"3296";"256868.6"
"35701841000";"2178000";"3296";"256876.5"
"35702926000";"2178000";"3296";"256884.5"
"35704007000";"2178000";"3296";"256892.4"
"35705086000";"2178000";"3296";"256900.4"
"35706429000";"2178000";"3296";"256908.7"
"35707509000";"2178000";"3296";"256916.7"
"35708588000";"2184100";"3296";"256925.0"
"35709668000";"2184100";"3296";"256933.0"
"35710748000";"2184100";"3296";"256940.9"
"35712092000";"2184100";"3296";"256950.7"
"35713177000";"2184100";"3296";"256958.7"
"35714257000";"2184100";"3296";"256966.7"
"35715337000";"2227400";"3296";"256974.6"
"35716417000";"2227400";"3296";"256982.9"
"35717760000";"2227400";"3296";"256990.9"
"35718839000";"2227400";"3296";"256998.8"
"35719920000";"2227400";"3296";"257007.2"
"35721000000";"2227400";"3296";"257015.1"
"35722080000";"2227400";"3296";"257023.1"
"35723429000";"2126500";"3296";"257031.4"
"35724509000";"2126500";"3296";"257039.3"
"35725589000";"2126500";"3296";"257047.3"
"35726669000";"2126500";"3296";"257055.2"
"35727754000";"2126500";"3296";"257063.6"
"35729097000";"2126500";"3296";"257071.9"
"35730176000";"2126500";"3296";"257079.9"
"35731257000";"2183900";"3296";"257087.8"
"35732336000";"2183900";"3296";"257095.8"
"35733423000";"2183900";"3296";"257104.1"
"35734765000";"2183900";"3296";"257112.4"
"35735845000";"2183900";"3296";"257120.4"
"35736926000";"2183900";"3296";"257128.3"
"35738006000";"2183900";"3296";"257136.3"
"35739086000";"2183500";"3296";"257144.2"
"35740428000";"2183500";"3296";"257154.1"
"35741508000";"2183500";"3296";"257162.0"
"35742588000";"2183500";"3296";"257170.0"
"35743673000";"2183500";"3296";"257178.3"
"35744753000";"2183500";"3297";"257186.3"
"35746097000";"2176400";"3297";"257194.6"
"35747177000";"2176400";"3297";"257202.5"
"35748256000";"2176400";"3297";"257210.5"
"35749335000";"2176400";"3297";"257218.4"
"35750415000";"2176400";"3297";"257226.8"
"35751756000";"2176400";"3297";"257235.1"
"35752837000";"2176400";"3297";"257243.0"
"35753922000";"2184600";"3297";"257251.0"
"35755002000";"2184600";"3297";"257258.9"
"35756083000";"2184600";"3297";"257267.3"
"35757426000";"2184600";"3297";"257275.6"
"35758506000";"2184600";"3297";"257283.5"
"35759585000";"2184600";"3297";"257291.5"
"35760666000";"2184600";"3297";"257299.4"
"35761745000";"2185200";"3297";"257307.4"
"35763093000";"2185200";"3297";"257315.7"
"35764173000";"2185200";"3298";"257324.1"
"35765253000";"2185200";"3298";"257332.0"
"35766332000";"2185200";"3298";"257340.0"
"35767412000";"2185200";"3298";"257347.9"
"35768754000";"2185200";"3298";"257356.2"
"35769839000";"2140300";"3298";"257364.6"
"35770919000";"2140300";"3298";"257372.5"
"35771998000";"2140300";"3298";"257380.5"
"35773084000";"2140300";"3298";"257388.8"
"35774426000";"2140300";"3298";"257397.1"
"35775507000";"2140300";"3298";"257405.1"
"35776587000";"2140300";"3298";"257413.0"
"35777667000";"2183900";"3298";"257421.0"
"35778746000";"2183900";"3298";"257428.9"
"35780090000";"2183900";"3298";"257437.3"
"35781169000";"2183900";"3298";"257445.2"
"35782250000";"2183900";"3297";"257453.2"
"35783336000";"2183900";"3297";"257461.1"
"35784416000";"2183900";"3297";"257469.4"
"35785758000";"2169500";"3297";"257478.9"
"35786837000";"2169500";"3297";"257486.9"
"35787918000";"2169500";"3297";"257495.2"
"35788997000";"2169500";"3297";"257503.1"
"35790076000";"2169500";"3297";"257511.1"
"35791419000";"2169500";"3297";"257519.4"
"35792499000";"2169500";"3297";"257527.7"
"35793584000";"2199000";"3297";"257535.7"
"35794664000";"2199000";"3297";"257543.7"
"35795744000";"2199000";"3297";"257551.6"
"35797086000";"2199000";"3297";"257559.9"
"35798167000";"2199000";"3297";"257567.9"
"35799246000";"2199000";"3297";"257575.8"
"35800326000";"2199000";"3297";"257584.2"
"35801405000";"2185900";"3297";"257592.1"
"35802748000";"2185900";"3297";"257600.4"
"35803834000";"2185900";"3297";"257608.4"
"35804915000";"2185900";"3297";"257616.3"
"35805994000";"2185900";"3297";"257624.3"
"35807073000";"2185900";"3297";"257632.2"
"35808416000";"2159900";"3297";"257642.1"
"35809497000";"2159900";"3297";"257650.4"
"35810576000";"2159900";"3297";"257658.4"
"35811661000";"2159900";"3297";"257666.3"
"35812741000";"2159900";"3297";"257674.7"
"35814089000";"2159900";"3296";"257683.0"
"35815169000";"2159900";"3296";"257690.9"
"35816249000";"2197400";"3296";"257698.9"
"35817328000";"2197400";"3296";"257706.8"
"35818408000";"2197400";"3296";"257714.8"
"35819751000";"2197400";"3296";"257724.6"
"35820831000";"2197400";"3296";"257732.6"
"35821911000";"2197400";"3296";"257740.5"
"35822996000";"2244900";"3296";"257748.9"
"35824076000";"2244900";"3296";"257756.8"
"35825418000";"2244900";"3296";"257765.1"
"35826498000";"2244900";"3296";"257773.1"
"35827578000";"2244900";"3296";"257781.1"
"35828658000";"2244900";"3296";"257789.4"
"35829738000";"2244900";"3296";"257797.3"
"35831081000";"2128400";"3296";"257805.7"
"35832161000";"2128400";"3296";"257813.6"
"35833246000";"2128400";"3296";"257821.9"
"35834326000";"2128400";"3296";"257829.9"
"35835406000";"2128400";"3296";"257837.8"
"35836748000";"2128400";"3296";"257846.2"
"35837827000";"2128400";"3296";"257854.1"
"35838907000";"2184300";"3296";"257862.1"
"35839987000";"2184300";"3296";"257870.0"
"35841068000";"2184300";"3296";"257878.4"
"35842410000";"2184300";"3296";"257886.3"
"35843496000";"2184300";"3296";"257894.6"
"35844576000";"2184300";"3296";"257902.6"
"35845657000";"2184300";"3296";"257910.5"
"35846737000";"2183400";"3296";"257918.5"
"35848080000";"2183400";"3296";"257928.3"
"35849160000";"2183400";"3296";"257936.3"
"35850240000";"2183400";"3296";"257944.6"
"35851319000";"2183400";"3296";"257952.6"
"35852399000";"2183400";"3296";"257960.5"
"35853751000";"2191900";"3296";"257969.2"
"35854832000";"2191900";"3296";"257977.2"
"35855912000";"2191900";"3296";"257985.1"
"35856992000";"2191900";"3296";"257993.1"
"35858072000";"2191900";"3296";"258001.0"
"35859415000";"2191900";"3296";"258009.4"
"35860494000";"2191900";"3296";"258017.3"
"35861574000";"2170600";"3296";"258025.3"
"35862655000";"2170600";"3296";"258033.6"
"35863740000";"2170600";"3296";"258041.5"
"35865082000";"2170600";"3296";"258049.9"
"35866163000";"2170600";"3296";"258057.8"
"35867242000";"2170600";"3296";"258065.8"
"35868323000";"2170600";"3296";"258074.1"
"35869403000";"2198300";"3296";"258082.1"
"35870746000";"2198300";"3296";"258090.4"
"35871826000";"2198300";"3296";"258098.3"
"35872912000";"2198300";"3296";"258106.3"
"35873992000";"2198300";"3296";"258114.6"
"35875072000";"2198300";"3296";"258122.6"
"35876414000";"2198300";"3296";"258130.9"
"35877495000";"2126500";"3297";"258138.8"
"35878574000";"2126500";"3297";"258146.8"
"35879654000";"2126500";"3296";"258154.7"
"35880734000";"2126500";"3296";"258162.7"
"35882076000";"2126500";"3296";"258171.0"
"35883162000";"2126500";"3296";"258179.0"
"35884243000";"2126500";"3297";"258187.3"
"35885322000";"2184100";"3296";"258195.2"
"35886401000";"2184100";"3296";"258203.2"
"35887744000";"2184100";"3296";"258211.5"
"35888825000";"2184100";"3296";"258219.5"
"35889904000";"2184100";"3296";"258227.8"
"35890983000";"2184100";"3296";"258235.8"
"35892062000";"2184100";"3296";"258243.7"
"35893411000";"2127200";"3296";"258252.0"
"35894491000";"2127200";"3296";"258260.4"
"35895575000";"2127200";"3296";"258268.3"
"35896656000";"2127200";"3296";"258276.3"
"35897735000";"2127200";"3296";"258284.2"
"35899077000";"2127200";"3296";"258292.5"
"35900157000";"2127200";"3296";"258300.5"
"35901237000";"2199200";"3296";"258308.8"
"35902316000";"2199200";"3296";"258316.8"
"35903402000";"2199200";"3296";"258324.7"
"35904745000";"2199200";"3296";"258334.6"
"35905825000";"2199200";"3296";"258342.5"
"35906905000";"2199200";"3296";"258350.5"
"35907985000";"2227600";"3296";"258358.4"
"35909065000";"2227600";"3296";"258366.8"
"35910409000";"2227600";"3296";"258375.1"
"35911488000";"2227600";"3296";"258383.0"
"35912567000";"2227600";"3296";"258391.0"
"35913652000";"2227600";"3296";"258399.3"
"35914732000";"2227600";"3296";"258407.3"
"35916074000";"2198400";"3296";"258417.1"
"35917154000";"2198400";"3296";"258425.1"
"35918233000";"2198400";"3296";"258433.0"
"35919313000";"2198400";"3296";"258441.0"
"35920393000";"2198400";"3296";"258448.9"
"35921737000";"2198400";"3296";"258458.8"
"35922816000";"2229700";"3296";"258466.7"
"35923902000";"2229700";"3296";"258474.7"
"35924981000";"2229700";"3296";"258482.6"
"35926062000";"2229700";"3296";"258491.0"
"35927405000";"2229700";"3296";"258499.3"
"35928485000";"2229700";"3296";"258507.2"
"35929564000";"2229700";"3296";"258515.2"
"35930645000";"2198500";"3296";"258523.5"
"35931724000";"2198500";"3296";"258531.5"
"35933071000";"2198500";"3296";"258539.8"
"35934152000";"2198500";"3296";"258548.1"
"35935232000";"2198500";"3296";"258556.1"
"35936311000";"2198500";"3296";"258564.0"
"35937397000";"2198500";"3296";"258572.0"
"35938739000";"2182800";"3296";"258581.8"
"35939818000";"2182800";"3296";"258589.8"
"35940898000";"2182800";"3296";"258597.7"
"35941977000";"2182800";"3296";"258605.7"
"35943063000";"2182800";"3296";"258613.6"
"35944407000";"2182800";"3296";"258623.5"
"35945486000";"2228200";"3296";"258631.4"
"35946566000";"2228200";"3296";"258639.4"
"35947646000";"2228200";"3296";"258647.7"
"35948726000";"2228200";"3296";"258655.7"
"35950068000";"2228200";"3296";"258664.0"
"35951148000";"2228200";"3296";"258671.9"
"35952228000";"2228200";"3296";"258680.3"
"35953313000";"2198700";"3296";"258688.2"
"35954393000";"2198700";"3296";"258696.2"
"35955736000";"2198700";"3296";"258704.5"
"35956816000";"2198700";"3296";"258712.5"
"35957896000";"2198700";"3296";"258720.4"
"35958976000";"2198700";"3296";"258728.7"
"35960057000";"2198700";"3296";"258736.7"
"35961399000";"2128200";"3296";"258745.0"
"35962478000";"2128200";"3296";"258753.0"
"35963563000";"2128200";"3296";"258760.9"
"35964643000";"2128200";"3296";"258768.9"
"35965723000";"2128200";"3296";"258776.8"
"35967066000";"2128200";"3296";"258785.1"
"35968146000";"2128200";"3296";"258793.5"
"35969226000";"2184100";"3296";"258801.4"
"35970305000";"2184100";"3296";"258809.4"
"35971385000";"2184100";"3296";"258817.7"
"35972728000";"2184100";"3296";"258826.0"
"35973813000";"2184100";"3296";"258834.0"
"35974893000";"2184100";"3296";"258841.9"
"35975973000";"2184100";"3296";"258849.9"
"35977052000";"2199000";"3296";"258858.2"
"35978395000";"2199000";"3296";"258866.2"
"35979480000";"2199000";"3296";"258874.5"
"35980560000";"2199000";"3296";"258882.4"
"35981640000";"2199000";"3296";"258890.4"
"35982721000";"2199000";"3296";"258898.4"
"35984070000";"2157900";"3295";"258908.2"
"35985149000";"2157900";"3295";"258916.1"
"35986229000";"2157900";"3296";"258924.1"
"35987309000";"2157900";"3296";"258932.4"
"35988389000";"2157900";"3296";"258940.4"
"35989731000";"2157900";"3296";"258950.2"
"35990810000";"2247300";"3296";"258958.2"
"35991889000";"2247300";"3296";"258966.1"
"35992975000";"2247300";"3296";"258974.5"
"35994055000";"2247300";"3296";"258982.4"
"35995398000";"2247300";"3295";"258990.7"
"35996478000";"2247300";"3295";"258998.7"
"35997557000";"2247300";"3295";"259007.0"
"35998636000";"2199200";"3295";"259015.0"
"35999716000";"2199200";"3296";"259022.9"
"36001058000";"2199200";"3296";"259032.8"
"36002138000";"2199200";"3296";"259040.7"
"36003223000";"2199200";"3296";"259048.7"
"36004302000";"2199200";"3296";"259056.6"
"36005381000";"2228600";"3296";"259064.6"
"36006724000";"2228600";"3296";"259072.9"
"36007805000";"2228600";"3296";"259080.9"
"36008885000";"2228600";"3296";"259089.2"
"36009966000";"2228600";"3296";"259097.1"
"36011045000";"2228600";"3296";"259105.1"
"36012387000";"2178000";"3296";"259114.9"
"36013473000";"2178000";"3296";"259122.9"
"36014553000";"2178000";"3296";"259131.2"
"36015632000";"2178000";"3296";"259139.2"
"36016712000";"2178000";"3296";"259147.1"
"36018055000";"2178000";"3296";"259157.0"
"36019134000";"2245100";"3296";"259164.9"
"36020215000";"2245100";"3296";"259172.9"
"36021298000";"2245100";"3296";"259180.8"
"36022378000";"2245100";"3296";"259188.8"
"36023727000";"2245100";"3296";"259197.1"
"36024807000";"2245100";"3296";"259205.1"
"36025887000";"2245100";"3296";"259213.4"
"36026967000";"2182500";"3296";"259221.3"
"36028047000";"2182500";"3296";"259229.3"
"36029390000";"2182500";"3296";"259237.6"
"36030469000";"2182500";"3296";"259245.6"
"36031550000";"2182500";"3296";"259253.9"
"36032631000";"2182500";"3296";"259261.9"
"36033715000";"2182500";"3296";"259269.8"
"36035058000";"2183800";"3296";"259279.7"
"36036138000";"2183800";"3296";"259287.6"
"36037218000";"2183800";"3296";"259295.6"
"36038298000";"2183800";"3296";"259303.9"
"36039379000";"2183800";"3296";"259311.8"
"36040721000";"2183800";"3297";"259320.2"
"36041801000";"2183800";"3297";"259328.1"
"36042887000";"2183500";"3297";"259336.1"
"36043968000";"2183500";"3297";"259344.0"
"36045047000";"2183500";"3297";"259352.0"
"36046389000";"2183500";"3296";"259361.8"
"36047468000";"2183500";"3296";"259369.8"
"36048549000";"2183500";"3296";"259377.7"
"36049628000";"2247300";"3296";"259386.1"
"36050708000";"2247300";"3296";"259394.0"
"36052051000";"2247300";"3296";"259403.9"
"36053137000";"2247300";"3297";"259411.8"
"36054217000";"2247300";"3296";"259419.8"
"36055297000";"2247300";"3296";"259428.1"
"36056377000";"2244300";"3297";"259436.0"
"36057721000";"2244300";"3296";"259444.4"
"36058801000";"2244300";"3297";"259452.3"
"36059881000";"2244300";"3297";"259460.3"
"36060960000";"2244300";"3296";"259468.2"
"36062040000";"2244300";"3296";"259476.2"
"36063394000";"2244300";"3296";"259484.5"
"36064474000";"2110700";"3296";"259492.4"
"36065555000";"2110700";"3296";"259500.8"
"36066636000";"2110700";"3296";"259508.7"
"36067715000";"2110700";"3297";"259516.7"
"36069057000";"2110700";"3297";"259525.0"
"36070137000";"2110700";"3297";"259533.3"
"36071217000";"2110700";"3297";"259541.3"
"36072297000";"2200300";"3297";"259549.2"
"36073382000";"2200300";"3297";"259557.2"
"36074725000";"2200300";"3297";"259565.5"
"36075806000";"2200300";"3297";"259573.8"
"36076885000";"2200300";"3297";"259581.8"
"36077965000";"2200300";"3297";"259589.7"
"36079045000";"2200300";"3297";"259597.7"
"36080388000";"2126500";"3297";"259606.0"
"36081467000";"2126500";"3297";"259614.0"
"36082548000";"2126500";"3297";"259621.9"
"36083634000";"2126500";"3297";"259629.9"
"36084714000";"2126500";"3297";"259638.2"
"36086057000";"2126500";"3297";"259646.5"
"36087136000";"2126500";"3297";"259654.5"
"36088215000";"2184100";"3297";"259662.4"
"36089296000";"2184100";"3297";"259670.4"
"36090376000";"2184100";"3297";"259678.7"
"36091718000";"2184100";"3297";"259687.0"
"36092798000";"2184100";"3297";"259695.0"
"36093883000";"2184100";"3297";"259702.9"
"36094963000";"2184100";"3297";"259711.3"
"36096044000";"2198500";"3297";"259719.2"
"36097387000";"2198500";"3297";"259727.6"
"36098467000";"2198500";"3297";"259735.5"
"36099548000";"2198500";"3297";"259743.5"
"36100627000";"2198500";"3297";"259751.4"
"36101708000";"2198500";"3297";"259759.4"
"36103056000";"2198500";"3297";"259767.7"
"36104135000";"2112200";"3297";"259775.6"
"36105220000";"2112200";"3297";"259784.0"
"36106300000";"2112200";"3297";"259791.9"
"36107380000";"2112200";"3297";"259799.9"
"36108657000";"2112200";"3297";"259808.2"
"36109738000";"2112200";"3297";"259816.1"
"36110883000";"2112200";"3297";"259824.5"
"36111963000";"2198700";"3297";"259832.4"
"36113048000";"2198700";"3297";"259840.4"
"36114391000";"2198700";"3296";"259848.7"
"36115472000";"2198700";"3297";"259856.7"
"36116552000";"2198700";"3297";"259865.0"
"36117632000";"2198700";"3297";"259872.9"
"36118713000";"2198700";"3297";"259880.9"
"36120055000";"2126400";"3297";"259889.2"
"36121135000";"2126400";"3297";"259897.2"
"36122215000";"2126400";"3297";"259905.1"
"36123300000";"2126400";"3296";"259913.1"
"36124380000";"2126400";"3297";"259921.4"
"36125722000";"2126400";"3297";"259929.7"
"36126803000";"2126400";"3297";"259937.7"
"36127882000";"2184300";"3297";"259945.6"
"36128961000";"2184300";"3297";"259953.6"
"36130042000";"2184300";"3297";"259961.9"
"36131385000";"2184300";"3297";"259970.2"
"36132464000";"2184300";"3297";"259978.2"
"36133550000";"2184300";"3297";"259986.1"
"36134630000";"2184300";"3297";"259994.1"
"36135710000";"2198700";"3297";"260002.4"
"36137051000";"2198700";"3297";"260011.9"
"36138132000";"2198700";"3297";"260019.8"
"36139211000";"2198700";"3297";"260028.2"
"36140291000";"2198700";"3297";"260036.1"
"36141372000";"2198700";"3297";"260044.1"
"36142715000";"2161700";"3297";"260052.4"
"36143800000";"2161700";"3297";"260060.3"
"36144880000";"2161700";"3297";"260068.3"
"36145960000";"2161700";"3297";"260076.3"
"36147086000";"2161700";"3297";"260084.6"
"36148428000";"2161700";"3297";"260092.9"
"36149509000";"2161700";"3297";"260100.9"
"36150589000";"2171000";"3297";"260108.8"
"36151669000";"2171000";"3297";"260117.1"
"36152750000";"2171000";"3297";"260125.1"
"36154098000";"2171000";"3297";"260133.4"
"36155178000";"2171000";"3296";"260141.4"
"36156258000";"2171000";"3296";"260149.3"
"36157338000";"2171000";"3296";"260157.6"
"36158418000";"2198300";"3297";"260165.6"
"36159761000";"2198300";"3297";"260175.1"
"36160842000";"2198300";"3297";"260183.4"
"36161921000";"2198300";"3297";"260191.4"
"36163006000";"2198300";"3297";"260199.3"
"36164087000";"2198300";"3297";"260207.3"
"36165429000";"2159900";"3297";"260215.6"
"36166510000";"2159900";"3296";"260223.5"
"36167590000";"2159900";"3296";"260231.9"
"36168670000";"2159900";"3297";"260239.8"
"36169750000";"2159900";"3297";"260247.8"
"36171092000";"2159900";"3297";"260257.6"
"36172171000";"2246800";"3296";"260265.6"
"36173257000";"2246800";"3296";"260273.9"
"36174337000";"2246800";"3296";"260281.8"
"36175417000";"2246800";"3296";"260289.8"
"36176759000";"2246800";"3296";"260298.1"
"36177840000";"2246800";"3296";"260306.1"
"36178920000";"2246800";"3296";"260314.0"
"36180000000";"2183500";"3296";"260322.0"
"36181081000";"2183500";"3296";"260330.3"
"36182423000";"2183500";"3296";"260339.8"
"36183509000";"2183500";"3296";"260347.7"
"36184589000";"2183500";"3296";"260356.1"
"36185669000";"2183500";"3296";"260364.0"
"36186748000";"2244700";"3296";"260372.0"
"36188091000";"2244700";"3296";"260380.3"
"36189176000";"2244700";"3296";"260388.2"
"36190256000";"2244700";"3296";"260396.6"
"36191337000";"2244700";"3296";"260404.5"
"36192416000";"2244700";"3296";"260412.5"
"36193699000";"2244700";"3296";"260421.2"
"36194845000";"2139400";"3296";"260429.1"
"36195925000";"2139400";"3296";"260437.1"
"36197006000";"2139400";"3296";"260445.0"
"36198085000";"2139400";"3296";"260453.4"
"36199427000";"2139400";"3296";"260461.7"
"36200508000";"2139400";"3296";"260469.6"
"36201588000";"2139400";"3296";"260477.6"
"36202668000";"2185200";"3296";"260485.5"
"36203753000";"2185200";"3296";"260493.5"
"36205096000";"2185200";"3296";"260501.8"
"36206175000";"2185200";"3296";"260509.8"
"36207255000";"2185200";"3296";"260517.7"
"36208336000";"2185200";"3296";"260526.1"
"36209416000";"2185200";"3296";"260534.0"
"36210758000";"2127000";"3296";"260542.3"
"36211838000";"2127000";"3296";"260550.3"
"36212923000";"2127000";"3296";"260558.6"
"36214003000";"2127000";"3296";"260566.6"
"36215082000";"2127000";"3296";"260574.5"
"36216425000";"2127000";"3296";"260582.8"
"36217505000";"2127000";"3296";"260590.8"
"36218585000";"2184300";"3296";"260598.7"
"36219664000";"2184300";"3296";"260607.1"
"36220745000";"2184300";"3296";"260615.0"
"36222088000";"2184300";"3296";"260623.3"
"36223174000";"2184300";"3297";"260631.3"
"36224254000";"2184300";"3297";"260639.2"
"36225334000";"2184300";"3296";"260647.2"
"36226414000";"2183500";"3296";"260655.2"
"36227756000";"2183500";"3296";"260663.5"
"36228835000";"2183500";"3296";"260671.8"
"36229916000";"2183500";"3296";"260679.8"
"36231001000";"2183500";"3296";"260687.7"
"36232081000";"2183500";"3296";"260696.0"
"36233429000";"2183500";"3296";"260704.4"
"36234510000";"2139600";"3297";"260712.3"
"36235590000";"2139600";"3297";"260720.3"
"36236670000";"2139600";"3297";"260728.2"
"36237750000";"2139600";"3297";"260736.2"
"36239093000";"2139600";"3297";"260744.5"
"36240174000";"2139600";"3297";"260752.4"
"36241253000";"2139600";"3297";"260760.8"
"36242334000";"2185000";"3297";"260768.7"
"36243418000";"2185000";"3297";"260776.7"
"36244761000";"2185000";"3297";"260785.0"
"36245840000";"2185000";"3297";"260793.0"
"36246919000";"2185000";"3296";"260800.9"
"36247999000";"2185000";"3296";"260808.9"
"36249078000";"2185000";"3296";"260817.2"
"36250420000";"2127900";"3296";"260825.5"
"36251500000";"2127900";"3296";"260833.5"
"36252581000";"2127900";"3296";"260841.4"
"36253665000";"2127900";"3296";"260849.8"
"36254746000";"2127900";"3296";"260857.7"
"36256089000";"2127900";"3296";"260866.0"
"36257168000";"2127900";"3296";"260874.0"
"36258249000";"2183500";"3296";"260881.9"
"36259329000";"2183500";"3296";"260889.9"
"36260409000";"2183500";"3296";"260898.2"
"36261686000";"2183500";"3296";"260906.2"
"36262832000";"2183500";"3296";"260914.5"
"36263917000";"2183500";"3296";"260922.4"
"36264997000";"2183500";"3296";"260930.4"
"36266077000";"2183900";"3296";"260938.3"
"36267420000";"2183900";"3296";"260946.7"
"36268500000";"2183900";"3296";"260954.6"
"36269580000";"2183900";"3296";"260962.9"
"36270659000";"2183900";"3296";"260970.9"
"36271738000";"2183900";"3296";"260978.9"
"36273091000";"2183900";"3296";"260987.6"
"36274171000";"2140100";"3296";"260995.5"
"36275251000";"2140100";"3296";"261003.5"
"36276332000";"2140100";"3296";"261011.4"
"36277411000";"2140100";"3296";"261019.7"
"36278754000";"2140100";"3296";"261027.7"
"36279834000";"2140100";"3296";"261036.0"
"36280914000";"2140100";"3296";"261044.0"
"36281994000";"2185200";"3296";"261051.9"
"36283080000";"2185200";"3296";"261059.9"
"36284422000";"2185200";"3296";"261068.2"
"36285501000";"2185200";"3296";"261076.1"
"36286581000";"2185200";"3296";"261084.1"
"36287660000";"2185200";"3296";"261092.4"
"36288741000";"2185200";"3296";"261100.4"
"36290084000";"2127000";"3296";"261108.7"
"36291164000";"2127000";"3296";"261116.7"
"36292244000";"2127000";"3296";"261124.6"
"36293329000";"2127000";"3296";"261132.9"
"36294410000";"2127000";"3296";"261140.9"
"36295752000";"2127000";"3296";"261149.2"
"36296832000";"2127000";"3296";"261157.2"
"36297912000";"2183900";"3296";"261165.1"
"36298992000";"2183900";"3296";"261173.5"
"36300072000";"2183900";"3296";"261181.4"
"36301414000";"2183900";"3296";"261190.9"
"36302494000";"2183900";"3296";"261199.2"
"36303579000";"2183900";"3296";"261207.2"
"36304659000";"2244900";"3296";"261215.1"
"36305740000";"2244900";"3296";"261223.1"
"36307082000";"2244900";"3296";"261231.4"
"36308161000";"2244900";"3296";"261239.3"
"36309242000";"2244900";"3296";"261247.7"
"36310322000";"2244900";"3296";"261255.6"
"36311402000";"2244900";"3296";"261263.6"
"36312746000";"2127900";"3296";"261271.9"
"36313832000";"2127900";"3296";"261280.2"
"36314917000";"2127900";"3296";"261288.2"
"36315997000";"2127900";"3296";"261296.1"
"36317077000";"2127900";"3296";"261304.1"
"36318419000";"2127900";"3296";"261312.4"
"36319500000";"2127900";"3296";"261320.4"
"36320579000";"2182500";"3296";"261328.3"
"36321659000";"2182500";"3296";"261336.6"
"36322739000";"2182500";"3296";"261344.6"
"36324088000";"2182500";"3296";"261352.9"
"36325167000";"2182500";"3296";"261360.9"
"36326246000";"2182500";"3296";"261368.8"
"36327326000";"2182500";"3296";"261376.8"
"36328406000";"2184100";"3297";"261384.7"
"36329749000";"2184100";"3297";"261393.4"
"36330830000";"2184100";"3297";"261401.4"
"36331910000";"2184100";"3297";"261409.3"
"36332995000";"2184100";"3297";"261417.7"
"36334075000";"2184100";"3297";"261425.6"
"36335418000";"2192700";"3297";"261435.5"
"36336498000";"2192700";"3297";"261443.4"
"36337578000";"2192700";"3297";"261451.4"
"36338657000";"2192700";"3297";"261459.3"
"36339738000";"2192700";"3297";"261467.3"
"36341081000";"2192700";"3297";"261475.6"
"36342161000";"2192700";"3297";"261483.9"
"36343246000";"2183700";"3297";"261491.9"
"36344327000";"2183700";"3297";"261499.8"
"36345406000";"2183700";"3297";"261507.8"
"36346750000";"2183700";"3297";"261517.6"
"36347829000";"2183700";"3297";"261525.6"
"36348908000";"2183700";"3297";"261533.5"
"36349988000";"2229700";"3297";"261541.5"
"36351068000";"2229700";"3297";"261549.8"
"36352410000";"2229700";"3297";"261558.1"
"36353496000";"2229700";"3297";"261566.1"
"36354576000";"2229700";"3297";"261574.0"
"36355657000";"2229700";"3297";"261582.4"
"36356800000";"2229700";"3297";"261590.3"
"36358142000";"2124200";"3297";"261598.6"
"36359221000";"2124200";"3297";"261606.6"
"36360301000";"2124200";"3297";"261614.5"
"36361381000";"2124200";"3297";"261622.5"
"36362461000";"2124200";"3297";"261630.4"
"36363809000";"2124200";"3297";"261638.8"
"36364890000";"2124200";"3297";"261647.1"
"36365970000";"2183900";"3297";"261655.0"
"36367049000";"2183900";"3297";"261663.0"
"36368129000";"2183900";"3297";"261671.0"
"36369472000";"2183900";"3297";"261680.8"
"36370552000";"2183900";"3297";"261688.8"
"36371632000";"2183900";"3297";"261697.1"
"36372712000";"2246800";"3297";"261705.0"
"36373797000";"2246800";"3297";"261713.0"
"36375140000";"2246800";"3297";"261721.3"
"36376220000";"2246800";"3297";"261729.3"
"36377300000";"2246800";"3297";"261737.6"
"36378380000";"2246800";"3297";"261745.5"
"36379460000";"2246800";"3297";"261753.5"
"36380802000";"2126900";"3297";"261761.8"
"36381882000";"2126900";"3297";"261769.8"
"36382968000";"2126900";"3297";"261777.7"
"36384048000";"2126900";"3297";"261786.1"
"36385128000";"2126900";"3297";"261794.0"
"36386470000";"2126900";"3297";"261802.3"
"36387549000";"2126900";"3297";"261810.3"
"36388629000";"2184300";"3297";"261818.2"
"36389709000";"2184300";"3296";"261826.2"
"36390788000";"2184300";"3296";"261834.5"
"36392131000";"2184300";"3296";"261842.8"
"36393216000";"2184300";"3296";"261850.8"
"36394297000";"2184300";"3296";"261858.7"
"36395376000";"2184300";"3296";"261867.1"
"36396457000";"2198700";"3296";"261875.0"
"36397799000";"2198700";"3297";"261883.4"
"36398883000";"2198700";"3296";"261891.3"
"36399964000";"2198700";"3296";"261899.3"
"36401044000";"2198700";"3296";"261907.6"
"36402124000";"2198700";"3296";"261915.5"
"36403473000";"2158100";"3296";"261925.0"
"36404553000";"2158100";"3296";"261933.3"
"36405633000";"2158100";"3296";"261941.3"
"36406713000";"2158100";"3296";"261949.2"
"36407792000";"2158100";"3296";"261957.6"
"36409135000";"2158100";"3296";"261965.5"
"36410214000";"2158100";"3296";"261973.5"
"36411294000";"2200800";"3297";"261981.8"
"36412374000";"2200800";"3297";"261989.8"
"36413459000";"2200800";"3297";"261997.7"
"36414802000";"2200800";"3296";"262006.0"
"36415882000";"2200800";"3296";"262014.4"
"36416963000";"2200800";"3297";"262022.3"
"36418042000";"2200800";"3297";"262030.3"
"36419121000";"2184100";"3297";"262038.2"
"36420464000";"2184100";"3297";"262046.5"
"36421544000";"2184100";"3296";"262054.5"
"36422624000";"2184100";"3296";"262062.4"
"36423710000";"2184100";"3296";"262070.4"
"36424790000";"2184100";"3297";"262078.7"
"36426133000";"2184100";"3297";"262087.0"
"36427213000";"2126400";"3297";"262095.0"
"36428293000";"2126400";"3297";"262102.9"
"36429372000";"2126400";"3297";"262110.9"
"36430452000";"2126400";"3297";"262119.2"
"36431795000";"2126400";"3297";"262127.6"
"36432880000";"2126400";"3297";"262135.5"
"36433960000";"2126400";"3297";"262143.5"
"36435040000";"2198800";"3297";"262151.8"
"36436121000";"2198800";"3297";"262159.7"
"36437463000";"2198800";"3297";"262168.1"
"36438543000";"2198800";"3297";"262176.0"
"36439623000";"2198800";"3297";"262184.0"
"36440707000";"2198800";"3297";"262191.9"
"36441788000";"2198800";"3297";"262199.9"
"36443136000";"2111100";"3297";"262208.2"
"36444216000";"2111100";"3297";"262216.1"
"36445296000";"2111100";"3297";"262224.1"
"36446376000";"2111100";"3297";"262232.4"
"36447456000";"2111100";"3297";"262240.4"
"36448799000";"2111100";"3297";"262250.2"
"36449879000";"2246400";"3297";"262258.2"
"36450959000";"2246400";"3297";"262266.1"
"36452039000";"2246400";"3297";"262274.5"
"36453123000";"2246400";"3297";"262282.4"
"36454466000";"2246400";"3297";"262290.7"
"36455546000";"2246400";"3297";"262298.7"
"36456625000";"2246400";"3297";"262306.6"
"36457706000";"2184300";"3297";"262314.6"
"36458786000";"2184300";"3297";"262322.9"
"36460129000";"2184300";"3297";"262331.2"
"36461209000";"2184300";"3297";"262339.2"
"36462289000";"2184300";"3297";"262347.2"
"36463374000";"2184300";"3297";"262355.1"
"36464454000";"2184300";"3297";"262363.1"
"36465797000";"2183800";"3297";"262372.9"
"36466876000";"2183800";"3297";"262380.9"
"36467955000";"2183800";"3297";"262388.8"
"36469036000";"2183800";"3297";"262397.1"
"36470116000";"2183800";"3297";"262405.1"
"36471459000";"2183800";"3297";"262413.4"
"36472538000";"2183800";"3297";"262421.4"
"36473624000";"2198800";"3297";"262429.7"
"36474704000";"2198800";"3297";"262437.7"
"36475784000";"2198800";"3297";"262445.6"
"36477127000";"2198800";"3297";"262455.4"
"36478207000";"2198800";"3297";"262463.4"
"36479287000";"2198800";"3297";"262471.4"
"36480366000";"2229500";"3297";"262479.3"
"36481446000";"2229500";"3297";"262487.3"
"36482794000";"2229500";"3297";"262497.1"
"36483879000";"2229500";"3297";"262505.4"
"36484958000";"2229500";"3297";"262513.4"
"36486039000";"2229500";"3297";"262521.3"
"36487118000";"2243400";"3297";"262529.3"
"36488460000";"2243400";"3297";"262537.6"
"36489540000";"2243400";"3297";"262545.6"
"36490620000";"2243400";"3297";"262553.9"
"36491700000";"2243400";"3297";"262561.8"
"36492780000";"2243400";"3297";"262569.8"
"36494129000";"2243400";"3297";"262578.1"
"36495209000";"2141100";"3297";"262586.5"
"36496289000";"2141100";"3297";"262594.4"
"36497368000";"2141100";"3297";"262602.4"
"36498448000";"2141100";"3297";"262610.3"
"36499790000";"2141100";"3297";"262618.6"
"36500869000";"2141100";"3297";"262626.6"
"36501950000";"2141100";"3297";"262634.5"
"36503036000";"2184100";"3297";"262642.9"
"36504115000";"2184100";"3296";"262650.8"
"36505459000";"2184100";"3296";"262659.1"
"36506538000";"2184100";"3296";"262667.1"
"36507619000";"2184100";"3296";"262675.0"
"36508699000";"2184100";"3296";"262683.4"
"36509779000";"2184100";"3296";"262691.3"
"36511123000";"2127700";"3296";"262699.7"
"36512202000";"2127700";"3296";"262707.6"
"36513288000";"2127700";"3296";"262715.9"
"36514368000";"2127700";"3296";"262723.9"
"36515449000";"2127700";"3296";"262731.8"
"36516791000";"2127700";"3296";"262740.2"
"36517871000";"2127700";"3296";"262748.1"
"36518951000";"2183700";"3296";"262756.1"
"36520032000";"2183700";"3296";"262764.0"
"36521112000";"2183700";"3296";"262772.4"
"36522455000";"2183700";"3296";"262780.7"
"36523541000";"2183700";"3296";"262788.6"
"36524625000";"2183700";"3296";"262796.6"
"36525705000";"2183700";"3296";"262804.5"
"36526784000";"2182600";"3296";"262812.5"
"36528126000";"2182600";"3296";"262820.8"
"36529207000";"2182600";"3296";"262828.8"
"36530286000";"2182600";"3296";"262837.1"
"36531367000";"2182600";"3296";"262845.0"
"36532446000";"2182600";"3296";"262853.0"
"36533795000";"2182600";"3296";"262861.7"
"36534875000";"2140800";"3296";"262869.6"
"36535955000";"2140800";"3296";"262877.6"
"36537035000";"2140800";"3296";"262885.5"
"36538115000";"2140800";"3296";"262893.5"
"36539458000";"2140800";"3296";"262901.8"
"36540538000";"2140800";"3296";"262909.8"
"36541617000";"2140800";"3296";"262917.7"
"36542698000";"2185300";"3296";"262926.1"
"36543783000";"2185300";"3296";"262934.0"
"36545126000";"2185300";"3296";"262942.3"
"36546206000";"2185300";"3296";"262950.3"
"36547287000";"2185300";"3296";"262958.2"
"36548366000";"2185300";"3296";"262966.2"
"36549446000";"2185300";"3296";"262974.5"
"36550789000";"2126500";"3296";"262982.8"
"36551870000";"2126500";"3296";"262990.8"
"36552954000";"2126500";"3296";"262999.1"
"36554034000";"2126500";"3296";"263007.1"
"36555114000";"2126500";"3296";"263015.0"
"36556457000";"2126500";"3296";"263023.4"
"36557537000";"2126500";"3296";"263031.3"
"36558617000";"2198800";"3296";"263039.6"
"36559696000";"2198800";"3296";"263047.6"
"36560777000";"2198800";"3297";"263055.5"
"36562119000";"2198800";"3297";"263063.9"
"36563205000";"2198800";"3297";"263071.8"
"36564285000";"2198800";"3297";"263079.8"
"36565364000";"2198800";"3297";"263087.7"
"36566444000";"2169100";"3297";"263095.7"
"36567792000";"2169100";"3296";"263104.0"
"36568871000";"2169100";"3297";"263112.3"
"36569952000";"2169100";"3297";"263120.3"
"36571031000";"2169100";"3296";"263128.2"
"36572110000";"2169100";"3296";"263136.2"
"36573459000";"2169100";"3296";"263144.5"
"36574539000";"2139900";"3296";"263152.8"
"36575619000";"2139900";"3297";"263160.8"
"36576698000";"2139900";"3296";"263168.7"
"36577778000";"2139900";"3296";"263176.7"
"36579121000";"2139900";"3296";"263185.0"
"36580201000";"2139900";"3296";"263193.0"
"36581281000";"2139900";"3296";"263200.9"
"36582362000";"2170600";"3296";"263208.9"
"36583448000";"2170600";"3296";"263217.2"
"36584790000";"2170600";"3297";"263225.5"
"36585870000";"2170600";"3297";"263233.5"
"36586950000";"2170600";"3297";"263241.4"
"36588030000";"2170600";"3297";"263249.4"
"36589109000";"2170600";"3297";"263257.3"
"36590452000";"2184000";"3296";"263267.2"
"36591533000";"2184000";"3296";"263275.1"
"36592613000";"2184000";"3296";"263283.5"
"36593699000";"2184000";"3296";"263291.4"
"36594778000";"2184000";"3296";"263299.7"
"36596122000";"2184000";"3297";"263307.7"
"36597202000";"2184000";"3297";"263316.0"
"36598282000";"2197900";"3297";"263324.0"
"36599362000";"2197900";"3297";"263331.9"
"36600442000";"2197900";"3297";"263339.9"
"36601785000";"2197900";"3297";"263348.2"
"36602871000";"2197900";"3297";"263356.1"
"36603950000";"2197900";"3297";"263364.1"
"36605031000";"2197900";"3297";"263372.1"
"36606112000";"2183500";"3297";"263380.4"
"36607455000";"2183500";"3297";"263389.8"
"36608540000";"2183500";"3297";"263398.2"
"36609619000";"2183500";"3297";"263406.1"
"36610698000";"2183500";"3297";"263414.1"
"36611779000";"2183500";"3297";"263422.0"
"36613127000";"2175200";"3297";"263430.7"
"36614207000";"2175200";"3297";"263438.7"
"36615287000";"2175200";"3297";"263446.6"
"36616366000";"2175200";"3297";"263454.6"
"36617446000";"2175200";"3297";"263462.5"
"36618789000";"2175200";"3297";"263470.9"
"36619869000";"2175200";"3296";"263478.8"
"36620949000";"2185300";"3296";"263487.2"
"36622030000";"2185300";"3297";"263495.1"
"36623116000";"2185300";"3297";"263503.1"
"36624458000";"2185300";"3297";"263511.4"
"36625537000";"2185300";"3297";"263519.3"
"36626617000";"2185300";"3297";"263527.3"
"36627697000";"2185300";"3297";"263535.2"
"36628778000";"2169000";"3297";"263543.2"
"36630122000";"2169000";"3297";"263551.5"
"36631201000";"2169000";"3297";"263559.8"
"36632281000";"2169000";"3297";"263567.8"
"36633366000";"2169000";"3297";"263575.7"
"36634446000";"2169000";"3297";"263584.1"
"36635789000";"2169000";"3297";"263592.4"
"36636869000";"2140800";"3297";"263600.4"
"36637948000";"2140800";"3297";"263608.3"
"36639028000";"2140800";"3297";"263616.3"
"36640108000";"2140800";"3297";"263624.2"
"36641451000";"2140800";"3297";"263632.5"
"36642531000";"2140800";"3297";"263640.5"
"36643616000";"2140800";"3297";"263648.4"
"36644695000";"2169700";"3297";"263656.4"
"36645776000";"2169700";"3297";"263664.3"
"36647118000";"2169700";"3297";"263672.7"
"36648199000";"2169700";"3297";"263680.6"
"36649279000";"2169700";"3297";"263688.9"
"36650402000";"2169700";"3297";"263696.9"
"36651482000";"2169700";"3297";"263704.8"
"36652825000";"2116600";"3297";"263713.2"
"36653911000";"2116600";"3297";"263721.5"
"36654990000";"2116600";"3297";"263729.5"
"36656070000";"2116600";"3296";"263737.4"
"36657150000";"2116600";"3296";"263745.4"
"36658493000";"2116600";"3297";"263753.7"
"36659572000";"2116600";"3296";"263761.6"
"36660652000";"2183900";"3296";"263769.6"
"36661732000";"2183900";"3296";"263777.5"
"36662812000";"2183900";"3296";"263785.9"
"36664160000";"2183900";"3296";"263793.8"
"36665241000";"2183900";"3296";"263802.1"
"36666321000";"2183900";"3296";"263810.1"
"36667401000";"2183900";"3297";"263818.0"
"36668481000";"2183700";"3296";"263826.0"
"36669823000";"2183700";"3296";"263834.3"
"36670903000";"2183700";"3296";"263842.3"
"36671984000";"2183700";"3296";"263850.2"
"36673070000";"2183700";"3296";"263858.6"
"36674149000";"2183700";"3296";"263866.5"
"36675493000";"2183700";"3296";"263874.8"
"36676573000";"2140600";"3297";"263883.2"
"36677653000";"2140600";"3297";"263891.1"
"36678733000";"2140600";"3296";"263899.1"
"36679813000";"2140600";"3296";"263907.0"
"36681155000";"2140600";"3296";"263915.3"
"36682235000";"2140600";"3296";"263923.3"
"36683321000";"2140600";"3296";"263931.2"
"36684400000";"2169300";"3296";"263939.2"
"36685481000";"2169300";"3296";"263947.1"
"36686824000";"2169300";"3296";"263955.5"
"36687904000";"2169300";"3296";"263963.4"
"36688984000";"2169300";"3296";"263971.7"
"36690064000";"2169300";"3296";"263979.7"
"36691143000";"2169300";"3296";"263987.7"
"36692490000";"2126900";"3296";"263996.0"
"36693577000";"2126900";"3296";"264004.3"
"36694657000";"2126900";"3296";"264012.3"
"36695737000";"2126900";"3296";"264020.2"
"36696816000";"2126900";"3296";"264028.2"
"36698159000";"2126900";"3296";"264036.5"
"36699239000";"2126900";"3296";"264044.4"
"36700320000";"2183500";"3296";"264052.4"
"36701400000";"2183500";"3296";"264060.3"
"36702480000";"2183500";"3296";"264068.7"
"36703827000";"2183500";"3296";"264078.1"
"36704907000";"2183500";"3296";"264086.1"
"36705987000";"2183500";"3296";"264094.4"
"36707067000";"2244900";"3296";"264102.4"
"36708147000";"2244900";"3296";"264110.3"
"36709490000";"2244900";"3296";"264118.6"
"36710569000";"2244900";"3296";"264126.6"
"36711649000";"2244900";"3296";"264134.6"
"36712729000";"2244900";"3296";"264142.9"
"36713815000";"2244900";"3296";"264150.8"
"36715157000";"2127000";"3296";"264159.2"
"36716236000";"2127000";"3296";"264167.1"
"36717315000";"2127000";"3296";"264175.1"
"36718395000";"2127000";"3296";"264183.0"
"36719475000";"2127000";"3296";"264191.0"
"36720818000";"2127000";"3296";"264199.3"
"36721897000";"2127000";"3296";"264207.2"
"36722983000";"2184400";"3296";"264215.6"
"36724062000";"2184400";"3296";"264223.5"
"36725142000";"2184400";"3296";"264231.5"
"36726485000";"2184400";"3296";"264239.8"
"36727564000";"2184400";"3296";"264247.7"
"36728645000";"2184400";"3296";"264255.7"
"36729725000";"2184400";"3296";"264264.0"
"36730804000";"2185700";"3296";"264272.0"
"36732147000";"2185700";"3296";"264280.3"
"36733232000";"2185700";"3296";"264288.3"
"36734317000";"2185700";"3296";"264296.6"
"36735397000";"2185700";"3296";"264304.5"
"36736476000";"2185700";"3296";"264312.5"
"36737818000";"2175400";"3296";"264322.3"
"36738899000";"2175400";"3296";"264330.3"
"36739979000";"2175400";"3296";"264338.2"
"36741058000";"2175400";"3296";"264346.2"
"36742138000";"2175400";"3296";"264354.2"
"36743486000";"2175400";"3296";"264362.5"
"36744566000";"2175400";"3297";"264370.4"
"36745646000";"2169100";"3297";"264378.4"
"36746727000";"2169100";"3297";"264386.3"
"36747806000";"2169100";"3297";"264394.3"
"36749149000";"2169100";"3297";"264402.6"
"36750229000";"2169100";"3296";"264410.6"
"36751310000";"2169100";"3296";"264418.9"
"36752390000";"2169100";"3296";"264426.8"
"36753474000";"2183900";"3297";"264434.8"
"36754817000";"2183900";"3297";"264444.6"
"36755897000";"2183900";"3297";"264452.6"
"36756977000";"2183900";"3297";"264460.5"
"36758056000";"2183900";"3296";"264468.5"
"36759137000";"2183900";"3297";"264476.4"
"36760480000";"2161700";"3297";"264484.8"
"36761559000";"2161700";"3297";"264492.7"
"36762639000";"2161700";"3297";"264501.0"
"36763724000";"2161700";"3297";"264509.0"
"36764803000";"2161700";"3297";"264517.0"
"36766145000";"2161700";"3297";"264525.3"
"36767226000";"2161700";"3297";"264533.2"
"36768305000";"2184400";"3297";"264541.2"
"36769386000";"2184400";"3297";"264549.1"
"36770465000";"2184400";"3297";"264557.5"
"36771809000";"2184400";"3297";"264565.8"
"36772894000";"2184400";"3297";"264573.7"
"36773974000";"2184400";"3297";"264581.7"
"36775054000";"2184400";"3297";"264590.0"
"36776134000";"2198500";"3297";"264598.0"
"36777482000";"2198500";"3297";"264606.3"
"36778561000";"2198500";"3297";"264614.2"
"36779641000";"2198500";"3297";"264622.2"
"36780721000";"2198500";"3297";"264630.2"
"36781801000";"2198500";"3297";"264638.1"
"36783150000";"2198500";"3297";"264646.4"
"36784230000";"2111100";"3297";"264654.4"
"36785310000";"2111100";"3297";"264662.3"
"36786391000";"2111100";"3297";"264670.7"
"36787471000";"2111100";"3297";"264678.6"
"36788813000";"2111100";"3297";"264688.1"
"36789893000";"2111100";"3297";"264696.4"
"36790974000";"2246200";"3297";"264704.4"
"36792053000";"2246200";"3297";"264712.3"
"36793139000";"2246200";"3297";"264720.6"
"36794481000";"2246200";"3297";"264729.0"
"36795561000";"2246200";"3297";"264736.9"
"36796640000";"2246200";"3297";"264744.9"
"36797721000";"2246200";"3297";"264752.8"
"36798801000";"2183900";"3297";"264760.8"
"36800144000";"2183900";"3296";"264769.1"
"36801224000";"2183900";"3296";"264777.0"
"36802304000";"2183900";"3296";"264785.4"
"36803390000";"2183900";"3296";"264793.3"
"36804471000";"2183900";"3297";"264801.3"
"36805813000";"2159700";"3297";"264810.8"
"36806894000";"2159700";"3297";"264819.1"
"36807974000";"2159700";"3297";"264827.0"
"36809054000";"2159700";"3297";"264835.0"
"36810133000";"2159700";"3297";"264842.9"
"36811477000";"2159700";"3296";"264851.3"
"36812556000";"2159700";"3297";"264859.6"
"36813642000";"2198300";"3297";"264867.5"
"36814722000";"2198300";"3297";"264875.5"
"36815801000";"2198300";"3296";"264883.5"
"36817143000";"2198300";"3296";"264891.8"
"36818229000";"2198300";"3296";"264899.7"
"36819308000";"2198300";"3296";"264908.1"
"36820389000";"2198300";"3296";"264916.0"
"36821468000";"2184400";"3296";"264924.0"
"36822812000";"2184400";"3296";"264933.4"
"36823897000";"2184400";"3296";"264941.4"
"36824977000";"2184400";"3296";"264949.7"
"36826056000";"2184400";"3296";"264957.7"
"36827136000";"2184400";"3296";"264965.6"
"36828478000";"2160300";"3296";"264973.9"
"36829559000";"2160300";"3296";"264981.9"
"36830639000";"2160300";"3296";"264989.8"
"36831718000";"2160300";"3296";"264997.8"
"36832798000";"2160300";"3296";"265006.1"
"36834145000";"2160300";"3296";"265015.6"
"36835226000";"2244900";"3296";"265023.9"
"36836305000";"2244900";"3296";"265031.9"
"36837385000";"2244900";"3296";"265039.8"
"36838464000";"2244900";"3297";"265047.8"
"36839806000";"2244900";"3297";"265056.1"
"36840886000";"2244900";"3297";"265064.1"
"36841966000";"2244900";"3297";"265072.0"
"36843050000";"2170000";"3297";"265080.0"
"36844129000";"2170000";"3297";"265087.9"
"36845473000";"2170000";"3296";"265096.2"
"36846553000";"2170000";"3296";"265104.2"
"36847634000";"2170000";"3296";"265112.1"
"36848714000";"2170000";"3296";"265120.5"
"36849794000";"2170000";"3296";"265128.4"
"36851137000";"2127900";"3296";"265136.7"
"36852217000";"2127900";"3296";"265144.7"
"36853302000";"2127900";"3296";"265153.0"
"36854382000";"2127900";"3296";"265161.0"
"36855462000";"2127900";"3297";"265168.9"
"36856805000";"2127900";"3297";"265178.8"
"36857885000";"2244700";"3297";"265186.7"
"36858965000";"2244700";"3297";"265194.7"
"36860045000";"2244700";"3297";"265202.6"
"36861129000";"2244700";"3297";"265210.6"
"36862472000";"2244700";"3297";"265218.9"
"36863557000";"2244700";"3297";"265226.9"
"36864636000";"2244700";"3296";"265234.8"
"36865717000";"2168100";"3296";"265242.8"
"36866797000";"2168100";"3296";"265250.7"
"36868141000";"2168100";"3296";"265260.6"
"36869221000";"2168100";"3296";"265268.5"
"36870302000";"2168100";"3296";"265276.5"
"36871382000";"2168100";"3296";"265284.8"
"36872462000";"2245600";"3296";"265292.7"
"36873810000";"2245600";"3296";"265301.1"
"36874890000";"2245600";"3296";"265309.0"
"36875971000";"2245600";"3296";"265317.0"
"36877050000";"2245600";"3296";"265325.3"
"36878129000";"2245600";"3296";"265333.3"
"36879472000";"2245600";"3296";"265341.6"
"36880553000";"2126900";"3297";"265349.5"
"36881633000";"2126900";"3297";"265357.5"
"36882713000";"2126900";"3297";"265365.4"
"36883799000";"2126900";"3297";"265373.4"
"36885142000";"2126900";"3297";"265381.7"
"36886222000";"2126900";"3297";"265389.7"
"36887301000";"2126900";"3297";"265397.6"
"36888380000";"2169100";"3297";"265405.6"
"36889461000";"2169100";"3296";"265413.5"
"36890804000";"2169100";"3296";"265421.8"
"36891884000";"2169100";"3296";"265430.2"
"36892969000";"2169100";"3296";"265438.1"
"36894049000";"2169100";"3296";"265446.5"
"36895129000";"2169100";"3296";"265454.4"
"36896472000";"2140800";"3296";"265462.7"
"36897552000";"2140800";"3296";"265470.7"
"36898632000";"2140800";"3296";"265478.6"
"36899712000";"2140800";"3296";"265486.6"
"36900792000";"2140800";"3296";"265494.5"
"36902140000";"2140800";"3296";"265504.4"
"36903225000";"2225900";"3296";"265512.3"
"36904305000";"2225900";"3296";"265520.3"
"36905386000";"2225900";"3296";"265528.2"
"36906466000";"2225900";"3296";"265536.2"
"36907809000";"2225900";"3296";"265544.5"
"36908890000";"2225900";"3296";"265552.5"
"36909970000";"2225900";"3296";"265560.8"
"36911050000";"2184600";"3296";"265568.7"
"36912131000";"2184600";"3296";"265576.7"
"36913479000";"2184600";"3296";"265585.0"
"36914559000";"2184600";"3296";"265593.0"
"36915639000";"2184600";"3296";"265601.3"
"36916718000";"2184600";"3296";"265609.3"
"36917797000";"2184600";"3296";"265617.2"
"36919139000";"2184300";"3296";"265627.1"
"36920218000";"2184300";"3296";"265635.0"
"36921298000";"2184300";"3296";"265643.0"
"36922378000";"2184300";"3296";"265650.9"
"36923464000";"2184300";"3296";"265658.9"
"36924806000";"2184300";"3296";"265668.3"
"36925886000";"2228000";"3296";"265676.7"
"36926966000";"2228000";"3296";"265684.6"
"36928046000";"2228000";"3296";"265692.6"
"36929127000";"2228000";"3296";"265700.5"
"36930469000";"2228000";"3296";"265708.8"
"36931548000";"2228000";"3296";"265716.8"
"36932629000";"2228000";"3297";"265725.1"
"36933713000";"2184100";"3297";"265733.1"
"36934794000";"2184100";"3297";"265741.0"
"36936137000";"2184100";"3296";"265749.3"
"36937217000";"2184100";"3296";"265757.3"
"36938297000";"2184100";"3296";"265765.3"
"36939377000";"2184100";"3296";"265773.6"
"36940458000";"2184100";"3296";"265781.5"
"36941801000";"2127700";"3296";"265789.9"
"36942887000";"2127700";"3296";"265797.8"
"36944003000";"2127700";"3296";"265805.8"
"36945084000";"2127700";"3296";"265813.7"
"36946163000";"2127700";"3296";"265821.7"
"36947505000";"2127700";"3297";"265830.0"
"36948585000";"2127700";"3297";"265837.9"
"36949664000";"2159400";"3297";"265845.9"
"36950743000";"2159400";"3297";"265854.2"
"36951824000";"2159400";"3297";"265862.2"
"36953171000";"2159400";"3297";"265870.5"
"36954252000";"2159400";"3297";"265878.4"
"36955331000";"2159400";"3296";"265886.4"
"36956412000";"2159400";"3297";"265894.7"
"36957492000";"2198500";"3297";"265902.7"
"36958834000";"2198500";"3297";"265912.1"
"36959914000";"2198500";"3297";"265920.1"
"36960995000";"2198500";"3297";"265928.1"
"36962074000";"2198500";"3297";"265936.0"
"36963160000";"2198500";"3297";"265944.3"
"36964503000";"2143600";"3297";"265952.3"
"36965583000";"2143600";"3297";"265960.2"
"36966663000";"2143600";"3297";"265968.6"
"36967744000";"2143600";"3297";"265976.5"
"36968823000";"2143600";"3297";"265984.5"
"36970165000";"2143600";"3298";"265994.3"
"36971245000";"2246600";"3298";"266002.3"
"36972325000";"2246600";"3298";"266010.2"
"36973411000";"2246600";"3298";"266018.5"
"36974492000";"2246600";"3298";"266026.5"
"36975833000";"2246600";"3298";"266034.8"
"36976913000";"2246600";"3298";"266042.8"
"36977993000";"2246600";"3298";"266050.7"
"36979073000";"2183700";"3298";"266058.7"
"36980153000";"2183700";"3297";"266066.6"
"36981497000";"2183700";"3297";"266075.0"
"36982577000";"2183700";"3297";"266082.9"
"36983662000";"2183700";"3297";"266090.9"
"36984743000";"2183700";"3297";"266099.2"
"36985822000";"2183700";"3297";"266107.1"
"36987169000";"2125300";"3297";"266115.5"
"36988249000";"2125300";"3297";"266123.4"
"36989329000";"2125300";"3297";"266131.4"
"36990409000";"2125300";"3297";"266139.3"
"36991488000";"2125300";"3297";"266147.3"
"36992832000";"2125300";"3297";"266155.6"
"36993917000";"2125300";"3297";"266163.9"
"36994997000";"2184100";"3297";"266171.9"
"36996077000";"2184100";"3297";"266179.8"
"36997157000";"2184100";"3297";"266187.8"
"36998500000";"2184100";"3297";"266196.1"
"36999580000";"2184100";"3297";"266204.1"
"37000661000";"2184100";"3297";"266212.0"
"37001741000";"2184100";"3297";"266220.0"
"37002822000";"2169900";"3297";"266227.9"
"37004171000";"2169900";"3296";"266236.2"
"37005251000";"2169900";"3297";"266244.2"
"37006331000";"2169900";"3297";"266252.5"
"37007410000";"2169900";"3297";"266260.5"
"37008490000";"2169900";"3297";"266268.4"
"37009833000";"2169900";"3297";"266276.7"
"37010912000";"2126900";"3297";"266284.7"
"37011993000";"2126900";"3297";"266292.6"
"37013078000";"2126900";"3297";"266301.0"
"37014158000";"2126900";"3296";"266308.9"
"37015501000";"2126900";"3297";"266317.2"
"37016580000";"2126900";"3297";"266325.2"
"37017660000";"2126900";"3297";"266333.2"
"37018741000";"2183700";"3296";"266341.1"
"37019822000";"2183700";"3296";"266349.4"
"37021164000";"2183700";"3297";"266358.9"
"37022245000";"2183700";"3296";"266366.9"
"37023329000";"2183700";"3296";"266374.8"
"37024409000";"2183700";"3296";"266382.8"
"37025490000";"2227200";"3296";"266390.7"
"37026833000";"2227200";"3296";"266399.0"
"37027918000";"2227200";"3296";"266407.0"
"37028998000";"2227200";"3296";"266415.3"
"37030078000";"2227200";"3296";"266423.3"
"37031158000";"2227200";"3296";"266431.2"
"37032501000";"2227200";"3296";"266439.5"
"37033586000";"2125300";"3296";"266447.5"
"37034666000";"2125300";"3296";"266455.8"
"37035745000";"2125300";"3296";"266463.8"
"37036826000";"2125300";"3296";"266471.7"
"37038169000";"2125300";"3296";"266480.1"
"37039249000";"2125300";"3296";"266488.0"
"37040329000";"2125300";"3296";"266496.0"
"37041408000";"2185500";"3296";"266503.9"
"37042489000";"2185500";"3296";"266511.9"
"37043837000";"2185500";"3295";"266520.2"
"37044917000";"2185500";"3295";"266528.1"
"37045996000";"2185500";"3296";"266536.5"
"37047077000";"2185500";"3296";"266544.4"
"37048156000";"2185500";"3296";"266552.4"
"37049500000";"2126400";"3296";"266560.7"
"37050581000";"2126400";"3296";"266568.6"
"37051660000";"2126400";"3296";"266576.6"
"37052741000";"2126400";"3296";"266584.9"
"37053825000";"2126400";"3296";"266592.9"
"37055168000";"2126400";"3296";"266601.2"
"37056247000";"2126400";"3296";"266609.2"
"37057328000";"2183900";"3296";"266617.1"
"37058407000";"2183900";"3296";"266625.4"
"37059488000";"2183900";"3296";"266633.4"
"37060831000";"2183900";"3297";"266641.7"
"37061910000";"2183900";"3296";"266649.7"
"37062996000";"2183900";"3296";"266657.6"
"37064076000";"2183900";"3296";"266665.6"
"37065155000";"2198800";"3296";"266673.9"
"37066499000";"2198800";"3296";"266683.4"
"37067578000";"2198800";"3296";"266691.3"
"37068659000";"2198800";"3296";"266699.6"
"37069739000";"2198800";"3297";"266707.6"
"37070824000";"2198800";"3297";"266715.6"
"37072167000";"2159900";"3297";"266723.9"
"37073251000";"2159900";"3297";"266731.8"
"37074332000";"2159900";"3297";"266740.2"
"37075413000";"2159900";"3297";"266748.1"
"37076493000";"2159900";"3297";"266756.1"
"37077834000";"2159900";"3297";"266765.9"
"37078915000";"2244700";"3297";"266773.9"
"37079995000";"2244700";"3297";"266781.8"
"37081075000";"2244700";"3297";"266789.8"
"37082155000";"2244700";"3297";"266797.7"
"37083503000";"2244700";"3297";"266807.6"
"37084583000";"2244700";"3297";"266815.5"
"37085664000";"2227400";"3297";"266823.5"
"37086744000";"2227400";"3297";"266831.4"
"37087824000";"2227400";"3297";"266839.8"
"37089166000";"2227400";"3297";"266848.1"
"37090245000";"2227400";"3297";"266856.0"
"37091325000";"2227400";"3297";"266864.0"
"37092404000";"2227400";"3297";"266871.9"
"37093490000";"2199000";"3297";"266880.3"
"37094834000";"2199000";"3297";"266888.6"
"37095914000";"2199000";"3297";"266896.5"
"37096993000";"2199000";"3297";"266904.5"
"37098073000";"2199000";"3297";"266912.4"
"37099153000";"2199000";"3297";"266920.4"
"37100496000";"2161500";"3297";"266930.2"
"37101575000";"2161500";"3297";"266938.2"
"37102655000";"2161500";"3297";"266946.1"
"37103741000";"2161500";"3297";"266954.1"
"37104821000";"2161500";"3297";"266962.0"
"37106163000";"2161500";"3297";"266970.4"
"37107244000";"2161500";"3297";"266978.3"
"37108324000";"2183900";"3297";"266986.7"
"37109404000";"2183900";"3297";"266994.6"
"37110484000";"2183900";"3297";"267002.6"
"37111833000";"2183900";"3297";"267010.9"
"37112918000";"2183900";"3297";"267018.8"
"37113998000";"2183900";"3297";"267026.8"
"37115078000";"2183900";"3297";"267035.1"
"37116158000";"2182100";"3297";"267043.1"
"37117502000";"2182100";"3297";"267052.5"
"37118581000";"2182100";"3297";"267060.9"
"37119662000";"2182100";"3297";"267068.8"
"37120741000";"2182100";"3297";"267076.8"
"37121820000";"2182100";"3297";"267084.7"
"37123168000";"2160300";"3297";"267093.0"
"37124249000";"2160300";"3297";"267101.0"
"37125329000";"2160300";"3297";"267108.9"
"37126409000";"2160300";"3297";"267116.9"
"37127488000";"2160300";"3297";"267125.2"
"37128832000";"2160300";"3297";"267133.2"
"37129912000";"2160300";"3297";"267141.5"
"37130992000";"2185000";"3297";"267149.5"
"37132073000";"2185000";"3297";"267157.4"
"37133158000";"2185000";"3297";"267165.4"
"37134500000";"2185000";"3297";"267173.7"
"37135581000";"2185000";"3297";"267182.0"
"37136660000";"2185000";"3297";"267190.0"
"37137740000";"2185000";"3297";"267197.9"
"37138821000";"2183700";"3297";"267205.9"
"37140163000";"2183700";"3297";"267215.7"
"37141243000";"2183700";"3297";"267223.7"
"37142323000";"2183700";"3297";"267231.6"
"37143408000";"2183700";"3298";"267239.6"
"37144489000";"2183700";"3297";"267247.5"
"37145831000";"2160100";"3297";"267255.8"
"37146911000";"2160100";"3297";"267263.8"
"37147991000";"2160100";"3297";"267271.7"
"37149072000";"2160100";"3297";"267279.7"
"37150151000";"2160100";"3297";"267287.7"
"37151495000";"2160100";"3297";"267297.5"
"37152574000";"2229300";"3297";"267305.4"
"37153719000";"2229300";"3297";"267313.8"
"37154798000";"2229300";"3297";"267321.7"
"37155878000";"2229300";"3297";"267329.7"
"37157221000";"2229300";"3297";"267339.5"
"37158300000";"2229300";"3297";"267347.5"
"37159381000";"2225200";"3297";"267355.4"
"37160462000";"2225200";"3297";"267363.8"
"37161542000";"2225200";"3297";"267371.7"
"37162890000";"2225200";"3297";"267380.0"
"37163970000";"2225200";"3297";"267388.0"
"37165050000";"2225200";"3297";"267395.9"
"37166129000";"2225200";"3297";"267403.9"
"37167209000";"2183900";"3297";"267411.8"
"37168553000";"2183900";"3297";"267420.2"
"37169632000";"2183900";"3297";"267428.1"
"37170712000";"2183900";"3297";"267436.1"
"37171792000";"2183900";"3297";"267444.4"
"37172877000";"2183900";"3297";"267452.4"
"37174219000";"2183900";"3297";"267460.7"
"37175299000";"2127000";"3297";"267468.6"
"37176378000";"2127000";"3296";"267476.6"
"37177459000";"2127000";"3297";"267484.5"
"37178539000";"2127000";"3297";"267492.9"
"37179882000";"2127000";"3297";"267500.8"
"37180963000";"2127000";"3297";"267508.8"
"37182042000";"2127000";"3297";"267517.1"
"37183128000";"2183500";"3297";"267525.0"
"37184208000";"2183500";"3297";"267533.0"
"37185552000";"2183500";"3297";"267541.3"
"37186632000";"2183500";"3297";"267549.3"
"37187711000";"2183500";"3297";"267557.2"
"37188790000";"2183500";"3297";"267565.2"
"37189870000";"2183500";"3297";"267573.1"
"37191212000";"2114100";"3297";"267581.4"
"37192293000";"2114100";"3297";"267589.8"
"37193379000";"2114100";"3297";"267597.7"
"37194459000";"2114100";"3297";"267605.7"
"37195539000";"2114100";"3297";"267613.6"
"37196888000";"2114100";"3297";"267622.0"
"37197968000";"2114100";"3297";"267630.3"
"37199048000";"2196500";"3297";"267638.2"
"37200127000";"2196500";"3297";"267646.2"
"37201207000";"2196500";"3297";"267654.1"
"37202551000";"2196500";"3297";"267663.6"
"37203636000";"2196500";"3297";"267671.9"
"37204716000";"2196500";"3297";"267679.9"
"37205797000";"2227400";"3297";"267687.8"
"37206876000";"2227400";"3297";"267695.8"
"37208218000";"2227400";"3297";"267704.1"
"37209298000";"2227400";"3297";"267712.1"
"37210378000";"2227400";"3297";"267720.0"
"37211457000";"2227400";"3297";"267728.0"
"37212537000";"2227400";"3297";"267736.3"
"37213886000";"2127200";"3297";"267744.6"
"37214966000";"2127200";"3297";"267752.6"
"37216046000";"2127200";"3297";"267760.5"
"37217125000";"2127200";"3297";"267768.5"
"37218206000";"2127200";"3297";"267776.4"
"37219549000";"2127200";"3297";"267786.3"
"37220628000";"2229500";"3297";"267794.2"
"37221708000";"2229500";"3297";"267802.2"
"37222789000";"2229500";"3297";"267810.1"
"37223875000";"2229500";"3297";"267818.1"
"37225217000";"2229500";"3297";"267826.4"
"37226298000";"2229500";"3297";"267834.4"
"37227378000";"2229500";"3297";"267842.7"
"37228458000";"2183400";"3297";"267850.7"
"37229538000";"2183400";"3297";"267858.6"
"37230880000";"2183400";"3297";"267868.4"
"37231960000";"2183400";"3297";"267876.4"
"37233045000";"2183400";"3297";"267884.4"
"37234126000";"2183400";"3297";"267892.3"
"37235206000";"2244700";"3297";"267900.6"
"37236549000";"2244700";"3297";"267910.1"
"37237634000";"2244700";"3297";"267918.4"
"37238714000";"2244700";"3296";"267926.4"
"37239793000";"2244700";"3296";"267934.3"
"37240873000";"2244700";"3296";"267942.3"
"37242216000";"2160300";"3296";"267950.6"
"37243301000";"2160300";"3296";"267958.6"
"37244380000";"2160300";"3296";"267966.5"
"37245461000";"2160300";"3296";"267974.5"
"37246540000";"2160300";"3296";"267982.4"
"37247883000";"2160300";"3296";"267990.7"
"37248963000";"2160300";"3296";"267999.1"
"37250043000";"2184100";"3296";"268007.0"
"37251122000";"2184100";"3296";"268015.0"
"37252202000";"2184100";"3296";"268022.9"
"37253551000";"2184100";"3297";"268032.8"
"37254630000";"2184100";"3296";"268040.7"
"37255710000";"2184100";"3296";"268048.7"
"37256789000";"2245600";"3296";"268057.0"
"37257869000";"2245600";"3296";"268065.0"
"37259211000";"2245600";"3296";"268074.4"
"37260291000";"2245600";"3296";"268082.8"
"37261371000";"2245600";"3296";"268090.7"
"37262450000";"2245600";"3296";"268098.7"
"37263536000";"2227800";"3296";"268106.6"
"37264879000";"2227800";"3296";"268114.9"
"37265959000";"2227800";"3296";"268122.9"
"37267039000";"2227800";"3296";"268130.8"
"37268119000";"2227800";"3296";"268138.8"
"37269200000";"2227800";"3296";"268146.7"
"37270543000";"2227800";"3296";"268155.1"
"37271623000";"2127700";"3296";"268163.4"
"37272703000";"2127700";"3296";"268171.4"
"37273788000";"2127700";"3296";"268179.3"
"37274868000";"2127700";"3296";"268187.3"
"37276211000";"2127700";"3296";"268195.6"
"37277291000";"2127700";"3296";"268203.9"
"37278371000";"2127700";"3297";"268211.9"
"37279451000";"2183900";"3297";"268219.8"
"37280536000";"2183900";"3297";"268227.8"
"37281879000";"2183900";"3297";"268236.1"
"37282963000";"2183900";"3297";"268244.0"
"37284044000";"2183900";"3297";"268252.4"
"37285124000";"2183900";"3297";"268260.3"
"37286204000";"2183900";"3297";"268268.3"
"37287548000";"2125200";"3297";"268276.6"
"37288628000";"2125200";"3297";"268284.6"
"37289707000";"2125200";"3297";"268292.5"
"37290787000";"2125200";"3297";"268300.5"
"37291867000";"2125200";"3297";"268308.8"
"37293216000";"2125200";"3297";"268317.1"
"37294295000";"2125200";"3297";"268325.1"
"37295374000";"2184400";"3297";"268333.0"
"37296453000";"2184400";"3297";"268341.3"
"37297533000";"2184400";"3297";"268349.3"
"37298876000";"2184400";"3297";"268357.6"
"37299955000";"2184400";"3297";"268365.6"
"37301034000";"2184400";"3297";"268373.5"
"37302115000";"2184400";"3297";"268381.5"
"37303200000";"2184400";"3297";"268389.4"
"37304542000";"2184400";"3297";"268397.7"
"37305621000";"2184400";"3297";"268405.7"
"37306702000";"2184400";"3297";"268413.7"
"37307782000";"2184400";"3297";"268421.6"
"37308862000";"2184400";"3297";"268429.9"
"37310206000";"2161500";"3297";"268439.4"
"37311286000";"2161500";"3297";"268447.7"
"37312366000";"2161500";"3297";"268455.7"
"37313451000";"2161500";"3297";"268463.6"
"37314531000";"2161500";"3297";"268472.0"
"37315874000";"2161500";"3297";"268480.3"
"37316954000";"2161500";"3297";"268488.2"
"37318035000";"2198300";"3297";"268496.2"
"37319115000";"2198300";"3297";"268504.2"
"37320194000";"2198300";"3297";"268512.1"
"37321542000";"2198300";"3297";"268521.9"
"37322622000";"2198300";"3297";"268529.9"
"37323708000";"2198300";"3297";"268537.9"
"37324787000";"2226100";"3297";"268545.8"
"37325867000";"2226100";"3297";"268553.8"
"37327210000";"2226100";"3297";"268563.6"
"37328290000";"2226100";"3297";"268571.6"
"37329370000";"2226100";"3297";"268579.5"
"37330451000";"2226100";"3297";"268587.8"
"37331532000";"2246000";"3297";"268595.8"
"37332880000";"2246000";"3297";"268605.6"
"37333961000";"2246000";"3297";"268613.6"
"37335040000";"2246000";"3297";"268621.5"
"37336121000";"2246000";"3297";"268629.9"
"37337200000";"2246000";"3297";"268637.8"
"37338543000";"2176400";"3297";"268646.1"
"37339623000";"2176400";"3297";"268654.1"
"37340703000";"2176400";"3297";"268662.1"
"37341783000";"2176400";"3297";"268670.0"
"37342869000";"2176400";"3297";"268678.0"
"37344212000";"2176400";"3297";"268686.3"
"37345292000";"2176400";"3297";"268694.2"
"37346371000";"2183700";"3297";"268702.6"
"37347451000";"2183700";"3297";"268710.5"
"37348531000";"2183700";"3297";"268718.5"
"37349874000";"2183700";"3297";"268726.8"
"37350953000";"2183700";"3297";"268734.7"
"37352033000";"2183700";"3297";"268742.7"
"37353119000";"2183700";"3297";"268751.0"
"37354198000";"2184300";"3297";"268759.0"
"37355541000";"2184300";"3297";"268767.3"
"37356620000";"2184300";"3297";"268775.2"
"37357700000";"2184300";"3297";"268783.2"
"37358780000";"2184300";"3297";"268791.5"
"37359860000";"2184300";"3297";"268799.5"
"37361202000";"2184300";"3297";"268807.8"
"37362282000";"2128400";"3297";"268815.8"
"37363434000";"2128400";"3297";"268823.7"
"37364514000";"2128400";"3297";"268831.7"
"37365594000";"2128400";"3297";"268839.6"
"37366937000";"2128400";"3297";"268847.9"
"37368017000";"2128400";"3297";"268855.9"
"37369098000";"2128400";"3297";"268864.2"
"37370177000";"2165200";"3297";"268872.2"
"37371258000";"2165200";"3297";"268880.1"
"37372600000";"2165200";"3296";"268888.4"
"37373685000";"2165200";"3296";"268896.8"
"37374765000";"2165200";"3296";"268904.7"
"37375844000";"2165200";"3296";"268912.7"
"37376925000";"2165200";"3296";"268921.0"
"37378268000";"2126700";"3297";"268929.0"
"37379348000";"2126700";"3297";"268937.3"
"37380428000";"2126700";"3297";"268945.2"
"37381509000";"2126700";"3297";"268953.2"
"37382588000";"2126700";"3297";"268961.1"
"37383937000";"2126700";"3297";"268969.5"
"37385017000";"2126700";"3297";"268977.4"
"37386096000";"2183900";"3297";"268985.4"
"37387177000";"2183900";"3297";"268993.3"
"37388256000";"2183900";"3297";"269001.3"
"37389599000";"2183900";"3297";"269009.6"
"37390679000";"2183900";"3297";"269017.9"
"37391759000";"2183900";"3297";"269025.9"
"37392839000";"2183900";"3297";"269033.8"
"37393925000";"2183700";"3297";"269041.8"
"37395266000";"2183700";"3297";"269050.1"
"37396346000";"2183700";"3297";"269058.4"
"37397426000";"2183700";"3297";"269066.4"
"37398506000";"2183700";"3297";"269074.3"
"37399586000";"2183700";"3297";"269082.3"
"37400929000";"2183700";"3297";"269090.6"
"37402010000";"2128200";"3297";"269098.6"
"37403096000";"2128200";"3297";"269106.9"
"37404176000";"2128200";"3297";"269114.8"
"37405256000";"2128200";"3297";"269122.8"
"37406602000";"2128200";"3297";"269131.1"
"37407683000";"2128200";"3297";"269139.1"
"37408762000";"2128200";"3297";"269147.0"
"37409843000";"2182500";"3297";"269155.0"
"37410922000";"2182500";"3297";"269163.3"
"37412266000";"2182500";"3297";"269171.6"
"37413352000";"2182500";"3297";"269179.6"
"37414431000";"2182500";"3297";"269187.5"
"37415511000";"2182500";"3297";"269195.9"
"37416591000";"2182500";"3297";"269203.8"
"37417934000";"2141000";"3297";"269212.1"
"37419013000";"2141000";"3297";"269220.1"
"37420093000";"2141000";"3297";"269228.0"
"37421173000";"2141000";"3297";"269236.0"
"37422254000";"2141000";"3297";"269243.9"
"37423603000";"2141000";"3297";"269252.3"
"37424683000";"2141000";"3297";"269260.2"
"37425763000";"2183500";"3297";"269268.6"
"37426843000";"2183500";"3297";"269276.5"
"37427923000";"2183500";"3297";"269284.5"
"37429266000";"2183500";"3297";"269292.8"
"37430346000";"2183500";"3297";"269300.7"
"37431425000";"2183500";"3297";"269308.7"
"37432506000";"2183500";"3297";"269317.0"
"37433591000";"2183900";"3297";"269325.0"
"37434933000";"2183900";"3297";"269333.3"
"37436012000";"2183900";"3297";"269341.2"
"37437091000";"2183900";"3297";"269349.2"
"37438171000";"2183900";"3297";"269357.1"
"37439250000";"2183900";"3297";"269365.5"
"37440593000";"2183900";"3297";"269373.8"
"37441673000";"2129100";"3297";"269381.8"
"37442753000";"2129100";"3297";"269389.7"
"37443838000";"2129100";"3297";"269397.7"
"37444918000";"2129100";"3297";"269405.6"
"37446260000";"2129100";"3297";"269413.9"
"37447344000";"2129100";"3297";"269421.9"
"37448424000";"2129100";"3297";"269429.8"
"37449504000";"2168100";"3297";"269437.8"
"37450585000";"2168100";"3297";"269446.1"
"37451927000";"2168100";"3297";"269454.4"
"37453013000";"2168100";"3296";"269462.4"
"37454092000";"2168100";"3296";"269470.7"
"37455173000";"2168100";"3296";"269478.7"
"37456253000";"2168100";"3297";"269486.6"
"37457596000";"2140800";"3297";"269494.9"
"37458676000";"2140800";"3297";"269502.9"
"37459756000";"2140800";"3296";"269510.9"
"37460836000";"2140800";"3296";"269519.2"
"37461916000";"2140800";"3297";"269527.1"
"37463264000";"2140800";"3297";"269535.5"
"37464344000";"2140800";"3297";"269543.4"
"37465423000";"2184100";"3297";"269551.4"
"37466503000";"2184100";"3297";"269559.3"
"37467584000";"2184100";"3297";"269567.3"
"37468926000";"2184100";"3297";"269575.6"
"37470005000";"2184100";"3297";"269583.5"
"37471086000";"2184100";"3297";"269591.5"
"37472166000";"2184100";"3297";"269599.8"
"37473251000";"2183900";"3297";"269607.8"
"37474593000";"2183900";"3296";"269616.1"
"37475674000";"2183900";"3296";"269624.1"
"37476754000";"2183900";"3296";"269632.4"
"37477834000";"2183900";"3297";"269640.3"
"37478914000";"2183900";"3297";"269648.3"
"37480256000";"2183900";"3297";"269656.6"
"37481336000";"2128200";"3297";"269664.6"
"37482416000";"2128200";"3297";"269672.5"
"37483501000";"2128200";"3297";"269680.5"
"37484581000";"2128200";"3297";"269688.8"
"37485923000";"2128200";"3296";"269696.7"
"37487003000";"2128200";"3296";"269705.1"
"37488083000";"2128200";"3297";"269713.0"
"37489164000";"2183900";"3297";"269721.0"
"37490248000";"2183900";"3296";"269728.9"
"37491592000";"2183900";"3296";"269737.2"
"37492672000";"2183900";"3296";"269745.2"
"37493757000";"2183900";"3296";"269753.5"
"37494836000";"2183900";"3296";"269761.5"
"37495916000";"2183900";"3296";"269769.4"
"37497258000";"2125800";"3296";"269777.8"
"37498339000";"2125800";"3296";"269785.7"
"37499419000";"2125800";"3296";"269794.0"
"37500498000";"2125800";"3296";"269802.0"
"37501578000";"2125800";"3296";"269809.9"
"37502928000";"2125800";"3296";"269818.3"
"37504008000";"2125800";"3296";"269826.2"
"37505088000";"2183200";"3296";"269834.2"
"37506167000";"2183200";"3296";"269842.1"
"37507248000";"2183200";"3296";"269850.1"
"37508590000";"2183200";"3296";"269858.4"
"37509670000";"2183200";"3296";"269866.3"
"37510750000";"2183200";"3296";"269874.7"
"37511829000";"2183200";"3296";"269882.6"
"37512915000";"2184100";"3296";"269890.6"
"37514257000";"2184100";"3296";"269898.9"
"37515338000";"2184100";"3296";"269907.2"
"37516418000";"2184100";"3296";"269915.2"
"37517498000";"2184100";"3296";"269923.1"
"37518578000";"2184100";"3296";"269931.1"
"37519920000";"2184100";"3296";"269939.4"
"37521001000";"2128200";"3296";"269947.4"
"37522080000";"2128200";"3296";"269955.3"
"37523166000";"2128200";"3296";"269963.7"
"37524246000";"2128200";"3296";"269971.6"
"37525589000";"2128200";"3296";"269979.9"
"37526670000";"2128200";"3296";"269987.9"
"37527749000";"2128200";"3296";"269995.8"
"37528829000";"2183700";"3296";"270003.8"
"37529910000";"2183700";"3296";"270011.7"
"37531257000";"2183700";"3296";"270020.1"
"37532337000";"2183700";"3296";"270028.4"
"37533424000";"2183700";"3296";"270036.3"
"37534503000";"2183700";"3296";"270044.3"
"37535584000";"2183700";"3296";"270052.6"
"37536926000";"2139300";"3296";"270060.9"
"37538007000";"2139300";"3296";"270068.9"
"37539086000";"2139300";"3296";"270076.9"
"37540167000";"2139300";"3296";"270084.8"
"37541246000";"2139300";"3296";"270092.8"
"37542589000";"2139300";"3296";"270101.1"
"37543675000";"2139300";"3296";"270109.4"
"37544755000";"2183500";"3296";"270117.4"
"37545835000";"2183500";"3296";"270125.3"
"37546915000";"2183500";"3296";"270133.3"
"37548258000";"2183500";"3296";"270141.6"
"37549338000";"2183500";"3296";"270149.5"
"37550419000";"2183500";"3296";"270157.9"
"37551498000";"2183500";"3296";"270165.8"
"37552579000";"2185200";"3296";"270173.8"
"37553927000";"2185200";"3296";"270183.6"
"37555008000";"2185200";"3296";"270191.6"
"37556087000";"2185200";"3296";"270199.9"
"37557167000";"2185200";"3296";"270207.9"
"37558247000";"2185200";"3296";"270215.8"
"37559590000";"2176400";"3296";"270224.1"
"37560670000";"2176400";"3296";"270232.1"
"37561751000";"2176400";"3296";"270240.0"
"37562831000";"2176400";"3296";"270248.4"
"37563916000";"2176400";"3296";"270256.3"
"37565258000";"2176400";"3296";"270264.6"
"37566337000";"2176400";"3296";"270272.6"
"37567417000";"2184100";"3296";"270280.5"
"37568497000";"2184100";"3296";"270288.5"
"37569578000";"2184100";"3296";"270296.5"
"37570921000";"2184100";"3296";"270304.8"
"37572001000";"2184100";"3296";"270313.1"
"37573148000";"2184100";"3296";"270321.1"
"37574227000";"2184100";"3296";"270329.0"
"37575308000";"2181100";"3296";"270337.3"
"37576650000";"2181100";"3296";"270345.7"
"37577730000";"2181100";"3296";"270353.6"
"37578810000";"2181100";"3296";"270361.6"
"37579891000";"2181100";"3296";"270369.5"
"37580971000";"2181100";"3296";"270377.8"
"37582314000";"2181100";"3296";"270385.8"
"37583399000";"2126700";"3296";"270394.1"
"37584479000";"2126700";"3296";"270402.1"
"37585559000";"2126700";"3296";"270410.0"
"37586640000";"2126700";"3296";"270418.0"
"37587982000";"2126700";"3296";"270427.8"
"37589061000";"2126700";"3296";"270435.8"
"37590141000";"2229500";"3296";"270443.7"
"37591222000";"2229500";"3296";"270451.7"
"37592302000";"2229500";"3296";"270460.0"
"37593650000";"2229500";"3296";"270469.9"
"37594729000";"2229500";"3296";"270477.8"
"37595809000";"2229500";"3296";"270485.8"
"37596889000";"2261800";"3296";"270494.1"
"37597969000";"2261800";"3296";"270502.0"
"37599312000";"2261800";"3296";"270510.4"
"37600392000";"2261800";"3296";"270518.3"
"37601471000";"2261800";"3296";"270526.3"
"37602551000";"2261800";"3296";"270534.2"
"37603637000";"2261800";"3296";"270542.6"
"37604979000";"2112800";"3296";"270550.5"
"37606058000";"2112800";"3296";"270558.8"
"37607138000";"2112800";"3297";"270566.8"
"37608218000";"2112800";"3297";"270574.7"
"37609298000";"2112800";"3297";"270582.7"
"37610641000";"2112800";"3297";"270591.0"
"37611721000";"2112800";"3297";"270599.0"
"37612801000";"2200300";"3297";"270607.3"
"37613886000";"2200300";"3297";"270615.2"
"37614966000";"2200300";"3297";"270623.2"
"37616314000";"2200300";"3297";"270631.5"
"37617393000";"2200300";"3297";"270639.9"
"37618474000";"2200300";"3297";"270647.8"
"37619553000";"2200300";"3297";"270655.8"
"37620633000";"2182600";"3297";"270663.7"
"37621976000";"2182600";"3297";"270672.0"
"37623062000";"2182600";"3296";"270680.0"
"37624142000";"2182600";"3296";"270687.9"
"37625221000";"2182600";"3297";"270696.3"
"37626300000";"2182600";"3297";"270704.2"
"37627644000";"2182600";"3297";"270712.5"
"37628723000";"2126900";"3297";"270720.5"
"37629803000";"2126900";"3297";"270728.4"
"37630883000";"2126900";"3297";"270736.4"
"37631963000";"2126900";"3297";"270744.7"
"37633312000";"2126900";"3297";"270753.0"
"37634392000";"2126900";"3297";"270761.0"
"37635472000";"2126900";"3297";"270769.0"
"37636551000";"2183900";"3297";"270776.9"
"37637632000";"2183900";"3297";"270785.2"
"37638975000";"2183900";"3297";"270793.6"
"37640055000";"2183900";"3297";"270801.5"
"37641134000";"2183900";"3297";"270809.5"
"37642214000";"2183900";"3297";"270817.4"
"37643300000";"2183900";"3297";"270825.4"
"37644642000";"2126700";"3297";"270833.7"
"37645722000";"2126700";"3297";"270841.6"
"37646801000";"2126700";"3297";"270850.0"
"37647882000";"2126700";"3297";"270857.9"
"37648962000";"2126700";"3297";"270865.9"
"37650304000";"2126700";"3297";"270874.2"
"37651384000";"2126700";"3297";"270882.1"
"37652465000";"2185300";"3297";"270890.1"
"37653551000";"2185300";"3297";"270898.4"
"37654631000";"2185300";"3297";"270906.4"
"37655973000";"2185300";"3297";"270914.7"
"37657057000";"2185300";"3297";"270922.7"
"37658137000";"2185300";"3297";"270931.0"
"37659217000";"2185300";"3297";"270938.9"
"37660298000";"2197200";"3297";"270946.9"
"37661641000";"2197200";"3296";"270955.2"
"37662721000";"2197200";"3296";"270963.2"
"37663807000";"2197200";"3296";"270971.1"
"37664887000";"2197200";"3296";"270979.1"
"37665966000";"2197200";"3296";"270987.4"
"37667309000";"2197200";"3296";"270995.3"
"37668389000";"2126500";"3296";"271003.7"
"37669470000";"2126500";"3296";"271011.6"
"37670550000";"2126500";"3296";"271019.6"
"37671630000";"2126500";"3296";"271027.5"
"37672978000";"2126500";"3296";"271036.2"
"37674058000";"2126500";"3296";"271044.2"
"37675138000";"2126500";"3296";"271052.1"
"37676218000";"2198300";"3296";"271060.5"
"37677299000";"2198300";"3296";"271068.4"
"37678641000";"2198300";"3296";"271076.7"
"37679721000";"2198300";"3297";"271084.7"
"37680801000";"2198300";"3297";"271092.7"
"37681880000";"2198300";"3296";"271100.6"
"37682965000";"2198300";"3296";"271108.9"
"37684309000";"2169700";"3296";"271118.4"
"37685389000";"2169700";"3296";"271126.7"
"37686469000";"2169700";"3296";"271134.7"
"37687549000";"2169700";"3297";"271142.6"
"37688629000";"2169700";"3297";"271150.6"
"37689971000";"2169700";"3296";"271160.4"
"37691051000";"2246600";"3296";"271168.4"
"37692131000";"2246600";"3296";"271176.3"
"37693217000";"2246600";"3296";"271184.7"
"37694298000";"2246600";"3296";"271192.6"
"37695641000";"2246600";"3296";"271200.9"
"37696721000";"2246600";"3296";"271208.9"
"37697801000";"2246600";"3296";"271217.2"
"37698880000";"2198500";"3296";"271225.2"
"37699964000";"2198500";"3296";"271233.1"
"37701307000";"2198500";"3296";"271241.5"
"37702386000";"2198500";"3296";"271249.4"
"37703472000";"2198500";"3296";"271257.4"
"37704551000";"2198500";"3296";"271265.3"
"37705632000";"2198500";"3296";"271273.6"
"37706974000";"2111400";"3296";"271281.6"
"37708055000";"2111400";"3296";"271289.9"
"37709135000";"2111400";"3296";"271297.9"
"37710215000";"2111400";"3296";"271305.8"
"37711295000";"2111400";"3296";"271313.8"
"37712638000";"2111400";"3296";"271322.1"
"37713724000";"2111400";"3296";"271330.4"
"37714804000";"2198100";"3296";"271338.4"
"37715883000";"2198100";"3296";"271346.3"
"37716963000";"2198100";"3296";"271354.3"
"37718307000";"2198100";"3297";"271362.6"
"37719388000";"2198100";"3297";"271370.9"
"37720468000";"2198100";"3297";"271378.9"
"37721548000";"2198100";"3297";"271386.8"
"37722627000";"2185200";"3297";"271394.8"
"37723977000";"2185200";"3297";"271403.1"
"37725057000";"2185200";"3297";"271411.1"
"37726137000";"2185200";"3297";"271419.0"
"37727217000";"2185200";"3297";"271427.4"
"37728297000";"2185200";"3297";"271435.3"
"37729639000";"2185200";"3297";"271443.6"
"37730720000";"2126400";"3297";"271451.6"
"37731799000";"2126400";"3297";"271459.5"
"37732885000";"2126400";"3297";"271467.9"
"37733965000";"2126400";"3297";"271475.8"
"37735308000";"2126400";"3297";"271484.1"
"37736388000";"2126400";"3297";"271492.1"
"37737468000";"2126400";"3297";"271500.4"
"37738549000";"2198300";"3297";"271508.4"
"37739628000";"2198300";"3297";"271516.3"
"37740975000";"2198300";"3297";"271524.6"
"37742055000";"2198300";"3297";"271532.6"
"37743141000";"2198300";"3297";"271540.5"
"37744220000";"2198300";"3297";"271548.5"
"37745300000";"2198300";"3297";"271556.8"
"37746643000";"2111600";"3297";"271564.8"
"37747722000";"2111600";"3297";"271573.1"
"37748803000";"2111600";"3297";"271581.1"
"37749883000";"2111600";"3297";"271589.0"
"37750963000";"2111600";"3297";"271597.0"
"37752306000";"2111600";"3297";"271605.3"
"37753392000";"2111600";"3297";"271613.2"
"37754472000";"2198300";"3297";"271621.6"
"37755552000";"2198300";"3297";"271629.5"
"37756631000";"2198300";"3297";"271637.5"
"37757975000";"2198300";"3297";"271645.8"
"37759055000";"2198300";"3297";"271654.1"
"37760135000";"2198300";"3297";"271662.1"
"37761214000";"2198300";"3297";"271670.0"
"37762294000";"2185500";"3297";"271678.0"
"37763642000";"2185500";"3297";"271686.3"
"37764722000";"2185500";"3296";"271694.3"
"37765802000";"2185500";"3296";"271702.2"
"37766883000";"2185500";"3296";"271710.2"
"37767963000";"2185500";"3297";"271718.5"
"37769306000";"2185500";"3297";"271726.8"
"37770386000";"2126400";"3297";"271734.8"
"37771466000";"2126400";"3297";"271742.7"
"37772547000";"2126400";"3297";"271750.7"
"37773633000";"2126400";"3297";"271759.0"
"37774976000";"2126400";"3296";"271767.3"
"37776056000";"2126400";"3296";"271775.3"
"37777136000";"2126400";"3296";"271783.2"
"37778215000";"2198300";"3296";"271791.6"
"37779296000";"2198300";"3297";"271799.5"
"37780638000";"2198300";"3297";"271809.0"
"37781719000";"2198300";"3297";"271817.3"
"37782862000";"2198300";"3296";"271825.3"
"37783942000";"2198300";"3296";"271833.2"
"37785021000";"2208600";"3296";"271841.2"
"37786364000";"2208600";"3296";"271849.5"
"37787445000";"2208600";"3296";"271857.4"
"37788525000";"2208600";"3296";"271865.4"
"37789605000";"2208600";"3296";"271873.7"
"37790685000";"2208600";"3296";"271881.7"
"37792028000";"2208600";"3296";"271890.0"
"37793113000";"2126400";"3297";"271897.9"
"37794193000";"2126400";"3297";"271906.3"
"37795273000";"2126400";"3296";"271914.2"
"37796352000";"2126400";"3296";"271922.2"
"37797695000";"2126400";"3296";"271930.5"
"37798775000";"2126400";"3296";"271938.8"
"37799855000";"2126400";"3296";"271946.8"
"37800935000";"2200500";"3296";"271954.7"
"37802014000";"2200500";"3296";"271962.7"
"37803363000";"2200500";"3296";"271971.0"
"37804442000";"2200500";"3296";"271979.0"
"37805522000";"2200500";"3296";"271986.9"
"37806602000";"2200500";"3296";"271995.3"
"37807681000";"2200500";"3296";"272003.2"
"37809025000";"2126900";"3296";"272011.5"
"37810104000";"2126900";"3296";"272019.5"
"37811184000";"2126900";"3296";"272027.4"
"37812264000";"2126900";"3296";"272035.4"
"37813351000";"2126900";"3296";"272043.7"
"37814693000";"2126900";"3297";"272052.0"
"37815774000";"2126900";"3297";"272060.0"
"37816854000";"2183500";"3297";"272067.9"
"37817934000";"2183500";"3297";"272075.9"
"37819015000";"2183500";"3297";"272084.2"
"37820359000";"2183500";"3297";"272092.5"
"37821438000";"2183500";"3297";"272100.5"
"37822518000";"2183500";"3297";"272108.5"
"37823603000";"2183500";"3297";"272116.4"
"37824682000";"2183700";"3297";"272124.4"
"37826030000";"2183700";"3297";"272132.7"
"37827111000";"2183700";"3297";"272140.6"
"37828190000";"2183700";"3297";"272149.0"
"37829270000";"2183700";"3297";"272156.9"
"37830350000";"2183700";"3297";"272164.9"
"37831692000";"2176800";"3297";"272174.7"
"37832773000";"2176800";"3297";"272182.7"
"37833858000";"2176800";"3297";"272190.6"
"37834938000";"2176800";"3297";"272198.9"
"37836018000";"2176800";"3297";"272206.9"
"37837361000";"2176800";"3297";"272215.2"
"37838440000";"2176800";"3297";"272223.2"
"37839520000";"2184100";"3297";"272231.1"
"37840599000";"2184100";"3297";"272239.5"
"37841679000";"2184100";"3297";"272247.4"
"37843027000";"2184100";"3297";"272255.7"
"37844106000";"2184100";"3297";"272263.7"
"37845187000";"2184100";"3297";"272271.6"
"37846267000";"2184100";"3297";"272279.6"
"37847348000";"2198500";"3297";"272287.9"
"37848691000";"2198500";"3297";"272295.9"
"37849770000";"2198500";"3297";"272304.2"
"37850850000";"2198500";"3297";"272312.1"
"37851930000";"2198500";"3297";"272320.1"
"37853016000";"2198500";"3297";"272328.4"
"37854359000";"2176600";"3297";"272338.3"
"37855439000";"2176600";"3297";"272346.2"
"37856519000";"2176600";"3297";"272354.2"
"37857600000";"2176600";"3297";"272362.1"
"37858679000";"2176600";"3298";"272370.5"
"37860023000";"2176600";"3298";"272379.9"
"37861102000";"2246200";"3298";"272388.3"
"37862183000";"2246200";"3298";"272396.2"
"37863268000";"2246200";"3298";"272404.2"
"37864348000";"2246200";"3298";"272412.1"
"37865691000";"2246200";"3298";"272420.4"
"37866776000";"2246200";"3298";"272428.4"
"37867856000";"2246200";"3297";"272436.3"
"37868937000";"2182100";"3298";"272444.7"
"37870016000";"2182100";"3298";"272452.6"
"37871358000";"2182100";"3298";"272461.0"
"37872439000";"2182100";"3297";"272468.9"
"37873524000";"2182100";"3298";"272476.9"
"37874604000";"2182100";"3297";"272485.2"
"37875684000";"2182100";"3297";"272493.1"
"37877027000";"2126700";"3297";"272501.5"
"37878107000";"2126700";"3297";"272509.4"
"37879187000";"2126700";"3297";"272517.4"
"37880267000";"2126700";"3297";"272525.7"
"37881347000";"2126700";"3297";"272533.7"
"37882691000";"2126700";"3297";"272542.0"
"37883776000";"2126700";"3297";"272549.9"
"37884856000";"2183700";"3297";"272557.9"
"37885935000";"2183700";"3297";"272565.8"
"37887015000";"2183700";"3297";"272573.8"
"37888358000";"2183700";"3297";"272583.6"
"37889438000";"2183700";"3297";"272591.6"
"37890518000";"2183700";"3297";"272599.5"
"37891598000";"2246800";"3297";"272607.9"
"37892677000";"2246800";"3297";"272615.8"
"37894026000";"2246800";"3297";"272624.1"
"37895106000";"2246800";"3297";"272632.1"
"37896186000";"2246800";"3297";"272640.4"
"37897267000";"2246800";"3297";"272648.4"
"37898347000";"2246800";"3297";"272656.3"
"37899689000";"2126500";"3297";"272664.6"
"37900769000";"2126500";"3297";"272672.6"
"37901849000";"2126500";"3297";"272680.5"
"37902935000";"2126500";"3297";"272688.9"
"37904014000";"2126500";"3297";"272696.8"
"37905357000";"2126500";"3297";"272705.2"
"37906436000";"2126500";"3296";"272713.1"
"37907516000";"2184100";"3296";"272721.1"
"37908596000";"2184100";"3296";"272729.0"
"37909680000";"2184100";"3296";"272737.3"
"37911023000";"2184100";"3296";"272745.7"
"37912103000";"2184100";"3296";"272753.6"
"37913188000";"2184100";"3296";"272761.6"
"37914268000";"2184100";"3296";"272769.5"
"37915347000";"2197800";"3296";"272777.9"
"37916690000";"2197800";"3296";"272786.2"
"37917770000";"2197800";"3296";"272794.1"
"37918849000";"2197800";"3296";"272802.1"
"37919930000";"2197800";"3296";"272810.0"
"37921010000";"2197800";"3296";"272818.4"
"37922352000";"2197800";"3296";"272826.7"
"37923438000";"2126900";"3297";"272834.6"
"37924517000";"2126900";"3297";"272842.6"
"37925597000";"2126900";"3297";"272850.5"
"37926677000";"2126900";"3296";"272858.5"
"37928019000";"2126900";"3296";"272866.8"
"37929099000";"2126900";"3296";"272874.8"
"37930180000";"2126900";"3296";"272882.7"
"37931260000";"2185500";"3296";"272891.1"
"37932339000";"2185500";"3296";"272899.0"
"37933687000";"2185500";"3296";"272907.3"
"37934768000";"2185500";"3296";"272915.3"
"37935847000";"2185500";"3296";"272923.2"
"37936927000";"2185500";"3296";"272931.6"
"37938006000";"2185500";"3296";"272939.5"
"37939349000";"2127200";"3296";"272947.8"
"37940429000";"2127200";"3296";"272955.8"
"37941509000";"2127200";"3296";"272963.7"
"37942588000";"2127200";"3296";"272971.7"
"37943674000";"2127200";"3296";"272980.0"
"37945017000";"2127200";"3296";"272988.3"
"37946097000";"2127200";"3296";"272996.3"
"37947177000";"2183900";"3296";"273004.2"
"37948256000";"2183900";"3296";"273012.2"
"37949337000";"2183900";"3296";"273020.2"
"37950683000";"2183900";"3296";"273028.5"
"37951764000";"2183900";"3296";"273036.4"
"37952844000";"2183900";"3296";"273044.8"
"37953929000";"2183900";"3296";"273052.7"
"37955009000";"2182600";"3296";"273060.7"
"37956352000";"2182600";"3296";"273069.0"
"37957431000";"2182600";"3296";"273076.9"
"37958512000";"2182600";"3296";"273085.3"
"37959591000";"2182600";"3296";"273093.2"
"37960671000";"2182600";"3296";"273101.2"
"37962013000";"2182600";"3296";"273109.5"
"37963098000";"2127000";"3296";"273117.4"
"37964179000";"2127000";"3296";"273125.4"
"37965258000";"2127000";"3297";"273133.7"
"37966338000";"2127000";"3297";"273141.7"
"37967680000";"2127000";"3297";"273150.0"
"37968760000";"2127000";"3297";"273158.0"
"37969840000";"2127000";"3297";"273165.9"
"37970919000";"2186100";"3297";"273173.9"
"37971999000";"2186100";"3296";"273181.8"
"37973347000";"2186100";"3296";"273191.7"
"37974428000";"2186100";"3296";"273199.6"
"37975507000";"2186100";"3296";"273207.9"
"37976587000";"2186100";"3296";"273215.9"
"37977667000";"2244700";"3296";"273223.8"
"37979010000";"2244700";"3296";"273232.2"
"37980090000";"2244700";"3296";"273240.1"
"37981171000";"2244700";"3296";"273248.1"
"37982251000";"2244700";"3296";"273256.4"
"37983337000";"2244700";"3296";"273264.4"
"37984679000";"2244700";"3296";"273272.7"
"37985760000";"2126200";"3296";"273280.6"
"37986840000";"2126200";"3297";"273288.6"
"37987920000";"2126200";"3297";"273296.5"
"37989000000";"2126200";"3297";"273304.5"
"37990343000";"2126200";"3296";"273312.8"
"37991424000";"2126200";"3296";"273320.8"
"37992504000";"2126200";"3297";"273328.7"
"37993594000";"2181900";"3297";"273337.0"
"37994675000";"2181900";"3297";"273345.0"
"37996016000";"2181900";"3297";"273353.3"
"37997097000";"2181900";"3297";"273361.3"
"37998176000";"2181900";"3297";"273369.6"
"37999255000";"2181900";"3297";"273377.6"
"38000335000";"2181900";"3297";"273385.5"
"38001678000";"2128600";"3297";"273393.8"
"38002758000";"2128600";"3297";"273401.8"
"38003843000";"2128600";"3297";"273409.7"
"38004922000";"2128600";"3297";"273417.7"
"38006003000";"2128600";"3297";"273425.6"
"38007346000";"2128600";"3297";"273434.0"
"38008426000";"2128600";"3297";"273441.9"
"38009507000";"2183700";"3297";"273450.2"
"38010586000";"2183700";"3297";"273458.2"
"38011665000";"2183700";"3297";"273466.1"
"38013014000";"2183700";"3297";"273474.5"
"38014094000";"2183700";"3297";"273482.4"
"38015174000";"2183700";"3297";"273490.8"
"38016253000";"2183700";"3297";"273498.7"
"38017333000";"2184300";"3297";"273506.7"
"38018677000";"2184300";"3297";"273516.5"
"38019756000";"2184300";"3297";"273524.5"
"38020836000";"2184300";"3297";"273532.4"
"38021916000";"2184300";"3297";"273540.7"
"38023001000";"2184300";"3297";"273548.7"
"38024344000";"2176600";"3297";"273557.0"
"38025424000";"2176600";"3296";"273565.0"
"38026505000";"2176600";"3296";"273572.9"
"38027585000";"2176600";"3296";"273580.9"
"38028665000";"2176600";"3297";"273588.8"
"38030009000";"2176600";"3297";"273597.1"
"38031089000";"2176600";"3297";"273605.5"
"38032169000";"2184600";"3297";"273613.4"
"38033255000";"2184600";"3297";"273621.4"
"38034334000";"2184600";"3297";"273629.3"
"38035682000";"2184600";"3297";"273639.2"
"38036763000";"2184600";"3297";"273647.1"
"38037843000";"2184600";"3297";"273655.5"
"38038922000";"2243000";"3297";"273663.4"
"38040003000";"2243000";"3297";"273671.4"
"38041345000";"2243000";"3296";"273679.7"
"38042425000";"2243000";"3296";"273687.6"
"38043511000";"2243000";"3296";"273695.6"
"38044590000";"2243000";"3296";"273703.5"
"38045670000";"2243000";"3296";"273711.5"
"38047013000";"2112600";"3296";"273719.8"
"38048092000";"2112600";"3296";"273727.8"
"38049172000";"2112600";"3296";"273736.1"
"38050252000";"2112600";"3296";"273744.1"
"38051332000";"2112600";"3296";"273752.0"
"38052675000";"2112600";"3296";"273761.8"
"38053761000";"2244500";"3296";"273769.8"
"38054841000";"2244500";"3296";"273777.8"
"38055921000";"2244500";"3296";"273785.7"
"38057001000";"2244500";"3296";"273794.0"
"38058343000";"2244500";"3296";"273803.5"
"38059423000";"2244500";"3296";"273811.8"
"38060503000";"2247100";"3296";"273819.8"
"38061582000";"2247100";"3296";"273827.7"
"38062662000";"2247100";"3296";"273835.7"
"38064009000";"2247100";"3296";"273844.0"
"38065089000";"2247100";"3296";"273852.0"
"38066170000";"2247100";"3296";"273859.9"
"38067250000";"2247100";"3296";"273867.9"
"38068330000";"2169300";"3296";"273875.8"
"38069673000";"2169300";"3296";"273885.7"
"38070753000";"2169300";"3296";"273893.6"
"38071832000";"2169300";"3296";"273901.6"
"38072918000";"2169300";"3296";"273909.5"
"38073998000";"2169300";"3297";"273917.5"
"38075340000";"2176600";"3297";"273926.2"
"38076464000";"2176600";"3297";"273934.1"
"38077544000";"2176600";"3297";"273942.1"
"38078624000";"2176600";"3297";"273950.0"
"38079704000";"2176600";"3297";"273958.4"
"38081047000";"2176600";"3297";"273966.7"
"38082126000";"2176600";"3297";"273974.6"
"38083211000";"2171900";"3297";"273982.6"
"38084291000";"2171900";"3297";"273990.5"
"38085370000";"2171900";"3297";"273998.5"
"38086714000";"2171900";"3297";"274006.8"
"38087793000";"2171900";"3297";"274014.8"
"38088873000";"2171900";"3297";"274022.7"
"38089953000";"2171900";"3297";"274030.7"
"38091033000";"2185500";"3297";"274039.0"
"38092375000";"2185500";"3297";"274047.3"
"38093460000";"2185500";"3297";"274055.3"
"38094539000";"2185500";"3297";"274063.2"
"38095619000";"2185500";"3297";"274071.2"
"38096699000";"2185500";"3297";"274079.5"
"38098042000";"2185500";"3297";"274087.8"
"38099122000";"2127200";"3297";"274095.8"
"38100202000";"2127200";"3297";"274103.7"
"38101282000";"2127200";"3297";"274111.7"
"38102362000";"2127200";"3297";"274119.6"
"38103712000";"2127200";"3297";"274129.5"
"38104791000";"2127200";"3297";"274137.8"
"38105870000";"2244700";"3297";"274145.8"
"38106951000";"2244700";"3297";"274153.7"
"38108031000";"2244700";"3297";"274161.7"
"38109374000";"2244700";"3297";"274170.0"
"38110453000";"2244700";"3297";"274178.0"
"38111533000";"2244700";"3297";"274185.9"
"38112613000";"2244700";"3297";"274193.9"
"38113699000";"2183500";"3297";"274202.2"
"38115042000";"2183500";"3297";"274210.5"
"38116122000";"2183500";"3297";"274218.5"
"38117201000";"2183500";"3297";"274226.4"
"38118281000";"2183500";"3297";"274234.7"
"38119366000";"2183500";"3297";"274242.7"
"38120708000";"2177200";"3297";"274252.5"
"38121788000";"2177200";"3297";"274260.5"
"38122873000";"2177200";"3297";"274268.4"
"38123953000";"2177200";"3297";"274276.4"
"38125033000";"2177200";"3297";"274284.4"
"38126375000";"2177200";"3297";"274292.7"
"38127455000";"2177200";"3297";"274300.6"
"38128534000";"2169700";"3297";"274308.6"
"38129614000";"2169700";"3297";"274316.5"
"38130694000";"2169700";"3297";"274324.5"
"38132037000";"2169700";"3297";"274332.8"
"38133122000";"2169700";"3297";"274341.1"
"38134202000";"2169700";"3297";"274349.1"
"38135281000";"2169700";"3297";"274357.0"
"38136362000";"2183900";"3297";"274365.0"
"38137705000";"2183900";"3296";"274374.8"
"38138785000";"2183900";"3296";"274382.8"
"38139865000";"2183900";"3296";"274391.1"
"38140945000";"2183900";"3296";"274399.1"
"38142025000";"2183900";"3296";"274407.0"
"38143374000";"2176200";"3296";"274415.3"
"38144453000";"2176200";"3296";"274423.3"
"38145532000";"2176200";"3297";"274431.3"
"38146611000";"2176200";"3297";"274439.2"
"38147692000";"2176200";"3296";"274447.2"
"38149036000";"2176200";"3296";"274455.5"
"38150115000";"2176200";"3296";"274463.4"
"38151196000";"2185500";"3296";"274471.8"
"38152275000";"2185500";"3297";"274479.7"
"38153361000";"2185500";"3296";"274487.7"
"38154702000";"2185500";"3296";"274496.0"
"38155782000";"2185500";"3296";"274503.9"
"38156862000";"2185500";"3296";"274512.3"
"38157942000";"2185500";"3297";"274520.2"
"38159022000";"2184400";"3297";"274528.2"
"38160369000";"2184400";"3297";"274536.5"
"38161450000";"2184400";"3297";"274544.4"
"38162529000";"2184400";"3296";"274552.4"
"38163615000";"2184400";"3296";"274560.7"
"38164694000";"2184400";"3296";"274568.7"
"38166036000";"2184400";"3296";"274577.0"
"38167115000";"2126000";"3296";"274585.0"
"38168195000";"2126000";"3297";"274592.9"
"38169275000";"2126000";"3297";"274600.9"
"38170355000";"2126000";"3297";"274608.8"
"38171697000";"2126000";"3297";"274618.7"
"38172777000";"2126000";"3297";"274626.6"
"38173863000";"2227800";"3297";"274634.6"
"38174942000";"2227800";"3297";"274642.9"
"38176023000";"2227800";"3297";"274650.8"
"38177365000";"2227800";"3297";"274659.2"
"38178445000";"2227800";"3296";"274667.1"
"38179524000";"2227800";"3296";"274675.1"
"38180604000";"2227800";"3296";"274683.4"
"38181685000";"2200300";"3296";"274691.4"
"38183033000";"2200300";"3296";"274699.7"
"38184112000";"2200300";"3296";"274707.6"
"38185192000";"2200300";"3296";"274715.6"
"38186272000";"2200300";"3296";"274723.5"
"38187352000";"2200300";"3296";"274731.5"
"38188695000";"2160300";"3296";"274741.3"
"38189774000";"2160300";"3296";"274749.3"
"38190854000";"2160300";"3296";"274757.2"
"38191934000";"2160300";"3296";"274765.6"
"38193019000";"2160300";"3296";"274773.5"
"38194362000";"2160300";"3296";"274783.4"
"38195441000";"2245100";"3297";"274791.3"
"38196522000";"2245100";"3296";"274799.3"
"38197601000";"2245100";"3296";"274807.6"
"38198681000";"2245100";"3296";"274815.6"
"38200023000";"2245100";"3296";"274823.9"
"38201103000";"2245100";"3296";"274831.8"
"38202183000";"2245100";"3296";"274839.8"
"38203273000";"2182800";"3296";"274847.7"
"38204353000";"2182800";"3296";"274856.1"
"38205696000";"2182800";"3296";"274865.5"
"38206775000";"2182800";"3296";"274873.5"
"38207856000";"2182800";"3296";"274881.4"
"38208935000";"2182800";"3296";"274889.8"
"38210016000";"2246600";"3296";"274897.7"
"38211358000";"2246600";"3297";"274906.0"
"38212437000";"2246600";"3297";"274914.0"
"38213523000";"2246600";"3297";"274921.9"
"38214604000";"2246600";"3297";"274929.9"
"38215685000";"2246600";"3297";"274938.2"
"38217027000";"2246600";"3297";"274946.6"
"38218106000";"2126700";"3297";"274954.5"
"38219187000";"2126700";"3297";"274962.5"
"38220267000";"2126700";"3297";"274970.4"
"38221347000";"2126700";"3297";"274978.7"
"38222689000";"2126700";"3297";"274987.1"
"38223776000";"2126700";"3297";"274995.0"
"38224856000";"2126700";"3297";"275003.0"
"38225936000";"2183500";"3297";"275010.9"
"38227015000";"2183500";"3297";"275018.9"
"38228359000";"2183500";"3297";"275027.2"
"38229438000";"2183500";"3297";"275035.1"
"38230517000";"2183500";"3297";"275043.1"
"38231598000";"2183500";"3297";"275051.0"
"38232678000";"2183500";"3297";"275059.4"
"38234025000";"2169900";"3297";"275068.8"
"38235106000";"2169900";"3297";"275077.2"
"38236186000";"2169900";"3297";"275085.1"
"38237266000";"2169900";"3297";"275093.1"
"38238346000";"2169900";"3297";"275101.4"
"38239689000";"2169900";"3297";"275110.9"
"38240769000";"2246200";"3297";"275118.8"
"38241849000";"2246200";"3297";"275127.2"
"38242934000";"2246200";"3297";"275135.1"
"38244013000";"2246200";"3297";"275143.1"
"38245361000";"2246200";"3297";"275151.4"
"38246440000";"2246200";"3297";"275159.3"
"38247521000";"2246200";"3297";"275167.3"
"38248601000";"2197400";"3297";"275175.6"
"38249681000";"2197400";"3297";"275183.6"
"38251024000";"2197400";"3297";"275191.9"
"38252105000";"2197400";"3297";"275199.9"
"38253191000";"2197400";"3297";"275207.8"
"38254270000";"2197400";"3297";"275215.8"
"38255351000";"2197400";"3297";"275224.1"
"38256693000";"2126400";"3298";"275232.4"
"38257774000";"2126400";"3298";"275240.4"
"38258854000";"2126400";"3298";"275248.3"
"38259933000";"2126400";"3298";"275256.3"
"38261013000";"2126400";"3298";"275264.6"
"38262355000";"2126400";"3298";"275272.5"
"38263441000";"2126400";"3298";"275280.9"
"38264521000";"2183900";"3298";"275288.8"
"38265601000";"2183900";"3298";"275296.8"
"38266681000";"2183900";"3298";"275304.7"
"38268025000";"2183900";"3298";"275313.1"
"38269104000";"2183900";"3298";"275321.0"
"38270185000";"2183900";"3298";"275329.0"
"38271265000";"2183900";"3297";"275336.9"
"38272345000";"2185200";"3297";"275345.2"
"38273692000";"2185200";"3297";"275353.6"
"38274771000";"2185200";"3297";"275361.5"
"38275852000";"2185200";"3297";"275369.5"
"38276932000";"2185200";"3297";"275377.4"
"38278012000";"2185200";"3297";"275385.8"
"38279354000";"2160300";"3297";"275395.2"
"38280434000";"2160300";"3297";"275403.5"
"38281514000";"2160300";"3297";"275411.5"
"38282594000";"2160300";"3297";"275419.5"
"38283680000";"2160300";"3297";"275427.4"
"38285023000";"2160300";"3297";"275435.7"
"38286104000";"2160300";"3297";"275443.7"
"38287189000";"2196700";"3297";"275452.0"
"38288270000";"2196700";"3297";"275460.0"
"38289350000";"2196700";"3297";"275467.9"
"38290691000";"2196700";"3297";"275476.2"
"38291772000";"2196700";"3297";"275484.2"
"38292856000";"2196700";"3297";"275492.1"
"38293937000";"2196700";"3297";"275500.1"
"38295017000";"2184100";"3298";"275508.4"
"38296359000";"2184100";"3298";"275516.7"
"38297439000";"2184100";"3298";"275524.7"
"38298519000";"2184100";"3297";"275532.6"
"38299599000";"2184100";"3298";"275541.0"
"38300678000";"2184100";"3298";"275548.9"
"38302021000";"2184100";"3298";"275557.3"
"38303105000";"2127200";"3298";"275565.2"
"38304186000";"2127200";"3298";"275573.2"
"38305265000";"2127200";"3298";"275581.1"
"38306346000";"2127200";"3298";"275589.4"
"38307689000";"2127200";"3297";"275597.4"
"38308769000";"2127200";"3297";"275605.7"
"38309850000";"2127200";"3297";"275613.7"
"38310930000";"2184800";"3297";"275621.6"
"38312010000";"2184800";"3297";"275629.6"
"38313358000";"2184800";"3297";"275637.9"
"38314439000";"2184800";"3297";"275645.8"
"38315519000";"2184800";"3297";"275654.2"
"38316604000";"2184800";"3297";"275662.1"
"38317685000";"2184800";"3297";"275670.1"
"38319027000";"2139400";"3297";"275678.8"
"38320107000";"2139400";"3297";"275686.7"
"38321187000";"2139400";"3297";"275694.7"
"38322268000";"2139400";"3297";"275702.6"
"38323353000";"2139400";"3297";"275710.6"
"38324696000";"2139400";"3297";"275718.9"
"38325776000";"2139400";"3297";"275726.9"
"38326856000";"2168800";"3297";"275734.8"
"38327936000";"2168800";"3297";"275742.8"
"38329021000";"2168800";"3297";"275751.1"
"38330365000";"2168800";"3297";"275759.4"
"38331445000";"2168800";"3297";"275767.4"
"38332524000";"2168800";"3297";"275775.3"
"38333610000";"2168800";"3297";"275783.3"
"38334689000";"2182300";"3297";"275791.2"
"38336032000";"2182300";"3297";"275799.6"
"38337111000";"2182300";"3297";"275807.9"
"38338191000";"2182300";"3297";"275815.8"
"38339271000";"2182300";"3297";"275823.8"
"38340351000";"2182300";"3297";"275831.7"
"38341694000";"2182300";"3297";"275840.1"
"38342774000";"2128400";"3297";"275848.0"
"38343860000";"2128400";"3297";"275856.3"
"38344940000";"2128400";"3297";"275864.3"
"38346020000";"2128400";"3297";"275872.3"
"38347362000";"2128400";"3297";"275880.6"
"38348442000";"2128400";"3297";"275888.5"
"38349523000";"2128400";"3297";"275896.5"
"38350602000";"2183700";"3297";"275904.4"
"38351683000";"2183700";"3297";"275912.4"
"38353031000";"2183700";"3297";"275921.1"
"38354112000";"2183700";"3297";"275929.0"
"38355192000";"2183700";"3297";"275937.0"
"38356271000";"2183700";"3297";"275944.9"
"38357351000";"2183700";"3297";"275953.3"
"38358693000";"2141000";"3297";"275961.6"
"38359772000";"2141000";"3297";"275969.5"
"38360851000";"2141000";"3297";"275977.5"
"38361932000";"2141000";"3297";"275985.4"
"38363018000";"2141000";"3297";"275993.8"
"38364361000";"2141000";"3297";"276002.1"
"38365440000";"2141000";"3297";"276010.1"
"38366521000";"2184100";"3297";"276018.0"
"38367601000";"2184100";"3297";"276026.0"
"38368681000";"2184100";"3296";"276033.9"
"38370067000";"2184100";"3296";"276042.2"
"38371148000";"2184100";"3297";"276050.2"
"38372227000";"2184100";"3297";"276058.5"
"38373313000";"2184100";"3297";"276066.5"
"38374393000";"2171400";"3297";"276074.4"
"38375736000";"2171400";"3296";"276082.7"
"38376816000";"2171400";"3296";"276091.1"
"38377897000";"2171400";"3296";"276099.0"
"38378977000";"2171400";"3296";"276107.0"
"38380056000";"2171400";"3297";"276114.9"
"38381398000";"2178400";"3297";"276124.8"
"38382478000";"2178400";"3297";"276132.7"
"38383562000";"2178400";"3297";"276140.7"
"38384643000";"2178400";"3296";"276148.6"
"38385723000";"2178400";"3296";"276156.6"
"38387066000";"2178400";"3296";"276164.9"
"38388146000";"2178400";"3296";"276172.9"
"38389226000";"2183900";"3296";"276181.2"
"38390305000";"2183900";"3296";"276189.1"
"38391385000";"2183900";"3296";"276197.1"
"38392727000";"2183900";"3296";"276205.4"
"38393812000";"2183900";"3296";"276213.4"
"38394892000";"2183900";"3296";"276221.3"
"38395971000";"2183900";"3296";"276229.7"
"38397051000";"2184600";"3296";"276237.6"
"38398394000";"2184600";"3296";"276245.9"
"38399474000";"2184600";"3296";"276253.9"
"38400554000";"2184600";"3296";"276262.2"
"38401633000";"2184600";"3296";"276270.2"
"38402713000";"2184600";"3296";"276278.1"
"38404060000";"2184600";"3296";"276286.4"
"38405141000";"2127000";"3296";"276294.4"
"38406220000";"2127000";"3296";"276302.3"
"38407301000";"2127000";"3296";"276310.3"
"38408381000";"2127000";"3296";"276318.2"
"38409725000";"2127000";"3296";"276326.6"
"38410805000";"2127000";"3296";"276334.5"
"38411884000";"2127000";"3296";"276342.8"
"38412974000";"2182300";"3296";"276350.8"
"38414055000";"2182300";"3296";"276358.8"
"38415397000";"2182300";"3296";"276368.6"
"38416476000";"2182300";"3296";"276376.6"
"38417556000";"2182300";"3296";"276384.9"
"38418636000";"2182300";"3296";"276392.8"
"38419717000";"2246600";"3296";"276400.8"
"38421059000";"2246600";"3296";"276409.1"
"38422139000";"2246600";"3296";"276417.1"
"38423225000";"2246600";"3296";"276425.0"
"38424304000";"2246600";"3296";"276433.3"
"38425385000";"2246600";"3296";"276441.3"
"38426727000";"2246600";"3296";"276449.6"
"38427808000";"2126700";"3296";"276457.6"
"38428887000";"2126700";"3296";"276465.5"
"38429968000";"2126700";"3296";"276473.5"
"38431047000";"2126700";"3296";"276481.4"
"38432390000";"2126700";"3296";"276489.7"
"38433476000";"2126700";"3296";"276497.7"
"38434556000";"2126700";"3296";"276506.0"
"38435637000";"2183500";"3296";"276514.0"
"38436716000";"2183500";"3296";"276521.9"
"38438058000";"2183500";"3296";"276530.3"
"38439139000";"2183500";"3297";"276538.6"
"38440219000";"2183500";"3297";"276546.5"
"38441299000";"2183500";"3297";"276554.5"
"38442379000";"2183500";"3296";"276562.4"
"38443728000";"2126700";"3296";"276570.8"
"38444807000";"2126700";"3296";"276578.7"
"38445887000";"2126700";"3296";"276587.1"
"38446967000";"2126700";"3296";"276595.0"
"38448046000";"2126700";"3296";"276603.0"
"38449389000";"2126700";"3296";"276611.3"
"38450468000";"2126700";"3296";"276619.2"
"38451548000";"2185900";"3296";"276627.2"
"38452629000";"2185900";"3296";"276635.1"
"38453715000";"2185900";"3296";"276643.5"
"38455063000";"2185900";"3296";"276651.8"
"38456143000";"2185900";"3296";"276659.7"
"38457223000";"2185900";"3296";"276667.7"
"38458302000";"2185900";"3296";"276676.0"
"38459382000";"2197000";"3296";"276684.0"
"38460725000";"2197000";"3296";"276692.3"
"38461804000";"2197000";"3296";"276700.3"
"38462890000";"2197000";"3296";"276708.2"
"38463971000";"2197000";"3296";"276716.5"
"38465051000";"2197000";"3296";"276724.5"
"38466394000";"2197000";"3296";"276732.8"
"38467475000";"2126200";"3297";"276740.8"
"38468555000";"2126200";"3297";"276748.7"
"38469635000";"2126200";"3297";"276756.7"
"38470715000";"2126200";"3297";"276764.6"
"38472058000";"2126200";"3297";"276772.9"
"38473144000";"2126200";"3297";"276781.3"
"38474223000";"2126200";"3297";"276789.2"
"38475303000";"2183900";"3297";"276797.2"
"38476383000";"2183900";"3296";"276805.1"
"38477726000";"2183900";"3296";"276813.8"
"38478806000";"2183900";"3297";"276821.8"
"38479886000";"2183900";"3297";"276829.7"
"38480966000";"2183900";"3297";"276837.7"
"38482046000";"2183900";"3297";"276845.6"
"38483395000";"2126400";"3297";"276854.0"
"38484475000";"2126400";"3297";"276862.3"
"38485555000";"2126400";"3297";"276870.2"
"38486634000";"2126400";"3297";"276878.2"
"38487713000";"2126400";"3297";"276886.1"
"38489056000";"2126400";"3297";"276894.5"
"38490136000";"2126400";"3297";"276902.4"
"38491216000";"2185900";"3296";"276910.4"
"38492296000";"2185900";"3297";"276918.3"
"38493382000";"2185900";"3297";"276926.7"
"38494725000";"2185900";"3297";"276935.0"
"38495804000";"2185900";"3297";"276942.9"
"38496889000";"2185900";"3297";"276950.9"
"38497969000";"2185900";"3297";"276959.2"
"38499049000";"2197200";"3297";"276967.2"
"38500392000";"2197200";"3297";"276975.5"
"38501471000";"2197200";"3297";"276983.4"
"38502551000";"2197200";"3297";"276991.4"
"38503637000";"2197200";"3297";"276999.7"
"38504718000";"2197200";"3297";"277007.7"
"38506059000";"2197200";"3297";"277016.0"
"38507139000";"2126900";"3297";"277023.9"
"38508218000";"2126900";"3297";"277031.9"
"38509298000";"2126900";"3297";"277039.9"
"38510378000";"2126900";"3297";"277047.8"
"38511722000";"2126900";"3297";"277056.1"
"38512801000";"2126900";"3297";"277064.1"
"38513887000";"2126900";"3297";"277072.4"
"38514967000";"2183700";"3297";"277080.4"
"38516048000";"2183700";"3297";"277088.3"
"38517391000";"2183700";"3297";"277098.2"
"38518470000";"2183700";"3297";"277106.1"
"38519550000";"2183700";"3297";"277114.4"
"38520629000";"2183700";"3297";"277122.4"
"38521708000";"2247100";"3297";"277130.4"
"38523057000";"2247100";"3297";"277140.2"
"38524137000";"2247100";"3297";"277148.1"
"38525217000";"2247100";"3297";"277156.1"
"38526297000";"2247100";"3297";"277164.1"
"38527377000";"2247100";"3297";"277172.0"
"38528720000";"2159700";"3297";"277180.3"
"38529801000";"2159700";"3296";"277188.3"
"38530881000";"2159700";"3297";"277196.6"
"38531961000";"2159700";"3297";"277204.6"
"38533046000";"2159700";"3297";"277212.5"
"38534389000";"2159700";"3297";"277220.8"
"38535468000";"2159700";"3296";"277228.8"
"38536548000";"2198700";"3296";"277237.1"
"38537627000";"2198700";"3296";"277245.1"
"38538712000";"2198700";"3296";"277253.0"
"38540055000";"2198700";"3296";"277261.3"
"38541136000";"2198700";"3296";"277269.3"
"38542217000";"2198700";"3296";"277277.6"
"38543301000";"2198700";"3296";"277285.6"
"38544380000";"2182600";"3296";"277293.5"
"38545722000";"2182600";"3296";"277303.4"
"38546803000";"2182600";"3296";"277311.3"
"38547883000";"2182600";"3297";"277319.3"
"38548963000";"2182600";"3296";"277327.2"
"38550043000";"2182600";"3296";"277335.2"
"38551386000";"2161500";"3296";"277343.5"
"38552466000";"2161500";"3296";"277351.5"
"38553552000";"2161500";"3296";"277359.8"
"38554632000";"2161500";"3296";"277367.7"
"38555712000";"2161500";"3296";"277375.7"
"38557054000";"2161500";"3296";"277384.0"
"38558135000";"2161500";"3296";"277392.4"
"38559214000";"2198700";"3296";"277400.3"
"38560293000";"2198700";"3296";"277408.3"
"38561373000";"2198700";"3296";"277416.2"
"38562715000";"2198700";"3296";"277424.5"
"38563801000";"2198700";"3296";"277432.5"
"38564881000";"2198700";"3296";"277440.8"
"38565960000";"2198700";"3296";"277448.8"
"38567040000";"2184400";"3296";"277456.7"
"38568384000";"2184400";"3296";"277465.0"
"38569464000";"2184400";"3296";"277473.0"
"38570544000";"2184400";"3296";"277480.9"
"38571624000";"2184400";"3296";"277488.9"
"38572704000";"2184400";"3296";"277497.2"
"38574053000";"2184400";"3296";"277505.6"
"38575132000";"2126500";"3296";"277513.5"
"38576212000";"2126500";"3296";"277521.5"
"38577292000";"2126500";"3296";"277529.8"
"38578372000";"2126500";"3296";"277537.7"
"38579781000";"2126500";"3296";"277546.1"
"38580860000";"2126500";"3296";"277554.0"
"38581941000";"2126500";"3296";"277562.3"
"38583027000";"2179800";"3296";"277570.3"
"38584106000";"2179800";"3296";"277578.2"
"38585449000";"2179800";"3296";"277586.6"
"38586529000";"2179800";"3296";"277594.5"
"38587610000";"2179800";"3296";"277602.5"
"38588690000";"2179800";"3296";"277610.8"
"38589769000";"2179800";"3296";"277618.8"
"38591112000";"2128200";"3296";"277627.1"
"38592192000";"2128200";"3296";"277635.0"
"38593278000";"2128200";"3296";"277643.0"
"38594359000";"2128200";"3296";"277650.9"
"38595438000";"2128200";"3296";"277659.3"
"38596780000";"2128200";"3296";"277667.6"
"38597861000";"2128200";"3296";"277675.5"
"38598940000";"2183900";"3296";"277683.5"
"38600020000";"2183900";"3296";"277691.8"
"38601100000";"2183900";"3296";"277699.8"
"38602442000";"2183900";"3296";"277708.1"
"38603529000";"2183900";"3296";"277716.0"
"38604608000";"2183900";"3296";"277724.0"
"38605689000";"2183900";"3296";"277732.0"
"38606769000";"2198300";"3296";"277740.3"
"38608112000";"2198300";"3296";"277748.2"
"38609193000";"2198300";"3296";"277756.6"
"38610273000";"2198300";"3296";"277764.5"
"38611353000";"2198300";"3296";"277772.5"
"38612432000";"2198300";"3296";"277780.4"
"38613781000";"2159500";"3296";"277790.3"
"38614861000";"2159500";"3296";"277798.2"
"38615941000";"2159500";"3296";"277806.5"
"38617020000";"2159500";"3296";"277814.5"
"38618101000";"2159500";"3296";"277822.5"
"38619442000";"2159500";"3296";"277832.3"
"38620522000";"2247100";"3297";"277840.2"
"38621603000";"2247100";"3297";"277848.2"
"38622688000";"2247100";"3297";"277856.5"
"38623774000";"2247100";"3297";"277864.5"
"38625117000";"2247100";"3297";"277872.8"
"38626197000";"2247100";"3297";"277880.8"
"38627278000";"2247100";"3297";"277888.7"
"38628358000";"2181800";"3297";"277896.7"
"38629438000";"2181800";"3297";"277904.6"
"38630781000";"2181800";"3297";"277912.9"
"38631861000";"2181800";"3297";"277921.3"
"38632945000";"2181800";"3297";"277929.2"
"38634026000";"2181800";"3296";"277937.2"
"38635106000";"2181800";"3296";"277945.5"
"38636449000";"2140800";"3297";"277953.8"
"38637530000";"2140800";"3297";"277961.8"
"38638609000";"2140800";"3296";"277969.7"
"38639690000";"2140800";"3296";"277978.1"
"38640769000";"2140800";"3297";"277986.0"
"38642111000";"2140800";"3297";"277994.3"
"38643196000";"2140800";"3297";"278002.3"
"38644276000";"2184300";"3297";"278010.2"
"38645356000";"2184300";"3297";"278018.2"
"38646436000";"2184300";"3297";"278026.1"
"38647779000";"2184300";"3297";"278034.5"
"38648859000";"2184300";"3297";"278042.8"
"38649938000";"2184300";"3297";"278050.8"
"38651018000";"2184300";"3297";"278058.7"
"38652099000";"2185300";"3297";"278066.7"
"38653447000";"2185300";"3297";"278075.0"
"38654527000";"2185300";"3297";"278082.9"
"38655607000";"2185300";"3297";"278091.3"
"38656687000";"2185300";"3297";"278099.2"
"38657766000";"2185300";"3297";"278107.2"
"38659109000";"2185300";"3297";"278115.5"
"38660190000";"2141000";"3297";"278123.8"
"38661269000";"2141000";"3297";"278131.8"
"38662349000";"2141000";"3297";"278139.7"
"38663434000";"2141000";"3297";"278147.7"
"38664782000";"2141000";"3297";"278156.0"
"38665863000";"2141000";"3296";"278163.9"
"38666943000";"2141000";"3296";"278171.9"
"38668022000";"2182600";"3296";"278180.2"
"38669102000";"2182600";"3296";"278188.2"
"38670445000";"2182600";"3296";"278196.5"
"38671525000";"2182600";"3297";"278204.5"
"38672606000";"2182600";"3296";"278212.4"
"38673690000";"2182600";"3296";"278220.4"
"38674770000";"2182600";"3296";"278228.7"
"38676112000";"2126900";"3297";"278237.0"
"38677192000";"2126900";"3297";"278245.0"
"38678271000";"2126900";"3296";"278252.9"
"38679351000";"2126900";"3296";"278261.3"
"38680431000";"2126900";"3296";"278269.2"
"38681774000";"2126900";"3296";"278279.1"
"38682860000";"2244900";"3296";"278287.0"
"38683940000";"2244900";"3296";"278295.0"
"38685020000";"2244900";"3296";"278302.9"
"38686100000";"2244900";"3296";"278310.9"
"38687443000";"2244900";"3296";"278319.2"
"38688524000";"2244900";"3296";"278327.1"
"38689604000";"2244900";"3296";"278335.5"
"38690684000";"2184800";"3296";"278343.4"
"38691765000";"2184800";"3296";"278351.4"
"38693113000";"2184800";"3296";"278359.7"
"38694193000";"2184800";"3296";"278368.0"
"38695273000";"2184800";"3296";"278376.0"
"38696353000";"2184800";"3296";"278383.9"
"38697433000";"2184800";"3296";"278391.9"
"38698775000";"2126700";"3296";"278400.2"
"38699855000";"2126700";"3296";"278408.5"
"38700935000";"2126700";"3296";"278416.5"
"38702014000";"2126700";"3296";"278424.4"
"38703100000";"2126700";"3296";"278432.8"
"38704444000";"2126700";"3296";"278441.1"
"38705524000";"2126700";"3296";"278449.0"
"38706609000";"2197000";"3296";"278457.0"
"38707689000";"2197000";"3296";"278464.9"
"38708769000";"2197000";"3296";"278472.9"
"38710113000";"2197000";"3296";"278481.2"
"38711192000";"2197000";"3296";"278489.2"
"38712272000";"2197000";"3296";"278497.5"
"38713357000";"2197000";"3296";"278505.5"
"38714437000";"2183900";"3296";"278513.4"
"38715780000";"2183900";"3296";"278521.7"
"38716860000";"2183900";"3296";"278529.7"
"38717941000";"2183900";"3296";"278538.0"
"38719020000";"2183900";"3296";"278546.0"
"38720100000";"2183900";"3296";"278553.9"
"38721442000";"2183900";"3296";"278562.2"
"38722522000";"2128200";"3296";"278570.2"
"38723608000";"2128200";"3296";"278578.5"
"38724688000";"2128200";"3296";"278586.5"
"38725767000";"2128200";"3296";"278594.4"
"38727111000";"2128200";"3296";"278602.8"
"38728191000";"2128200";"3296";"278610.7"
"38729270000";"2128200";"3296";"278618.7"
"38730350000";"2183700";"3296";"278626.6"
"38731431000";"2183700";"3296";"278634.9"
"38732773000";"2183700";"3296";"278642.9"
"38733859000";"2183700";"3297";"278651.2"
"38734938000";"2183700";"3297";"278659.2"
"38736018000";"2183700";"3297";"278667.1"
"38737098000";"2183700";"3297";"278675.5"
"38738441000";"2141000";"3296";"278683.8"
"38739521000";"2141000";"3296";"278691.7"
"38740601000";"2141000";"3296";"278699.7"
"38741681000";"2141000";"3296";"278707.6"
"38742761000";"2141000";"3296";"278716.0"
"38744109000";"2141000";"3296";"278725.4"
"38745189000";"2227600";"3296";"278733.4"
"38746270000";"2227600";"3296";"278741.7"
"38747350000";"2227600";"3296";"278749.7"
"38748433000";"2227600";"3296";"278757.6"
"38749776000";"2227600";"3297";"278765.9"
"38750856000";"2227600";"3296";"278773.9"
"38751936000";"2227600";"3296";"278781.8"
"38753020000";"2197800";"3296";"278790.2"
"38754101000";"2197800";"3297";"278798.1"
"38755442000";"2197800";"3296";"278806.4"
"38756522000";"2197800";"3296";"278814.4"
"38757602000";"2197800";"3296";"278822.7"
"38758682000";"2197800";"3296";"278830.7"
"38759762000";"2197800";"3296";"278838.6"
"38761105000";"2128200";"3296";"278847.0"
"38762185000";"2128200";"3296";"278854.9"
"38763271000";"2128200";"3296";"278863.2"
"38764351000";"2128200";"3296";"278871.2"
"38765431000";"2128200";"3296";"278879.1"
"38766775000";"2128200";"3296";"278887.5"
"38767854000";"2128200";"3296";"278895.4"
"38768935000";"2183500";"3296";"278903.4"
"38770015000";"2183500";"3296";"278911.3"
"38771095000";"2183500";"3297";"278919.3"
"38772439000";"2183500";"3296";"278927.6"
"38773525000";"2183500";"3297";"278935.9"
"38774605000";"2183500";"3297";"278943.9"
"38775685000";"2183500";"3297";"278951.8"
"38776766000";"2183000";"3297";"278959.8"
"38778107000";"2183000";"3297";"278968.5"
"38779187000";"2183000";"3297";"278976.4"
"38780267000";"2183000";"3297";"278984.4"
"38781347000";"2183000";"3297";"278992.3"
"38782428000";"2183000";"3297";"279000.7"
"38783777000";"2183000";"3297";"279009.0"
"38784857000";"2140800";"3297";"279016.9"
"38785936000";"2140800";"3297";"279024.9"
"38787015000";"2140800";"3297";"279032.9"
"38788095000";"2140800";"3297";"279040.8"
"38789496000";"2140800";"3297";"279049.1"
"38790577000";"2140800";"3296";"279057.1"
"38791657000";"2140800";"3296";"279065.4"
"38792737000";"2169400";"3297";"279073.4"
"38793822000";"2169400";"3296";"279081.3"
"38795165000";"2169400";"3296";"279089.6"
"38796245000";"2169400";"3296";"279097.6"
"38797324000";"2169400";"3296";"279105.9"
"38798404000";"2169400";"3296";"279113.9"
"38799484000";"2169400";"3296";"279121.8"
"38800826000";"2127200";"3296";"279130.1"
"38801905000";"2127200";"3296";"279138.5"
"38802991000";"2127200";"3296";"279146.4"
"38804071000";"2127200";"3296";"279154.4"
"38805151000";"2127200";"3296";"279162.3"
"38806494000";"2127200";"3296";"279170.7"
"38807574000";"2127200";"3297";"279178.6"
"38808654000";"2198700";"3297";"279186.9"
"38809734000";"2198700";"3297";"279194.9"
"38810814000";"2198700";"3297";"279202.8"
"38812156000";"2198700";"3297";"279211.2"
"38813241000";"2198700";"3297";"279219.1"
"38814321000";"2198700";"3297";"279227.1"
"38815402000";"2198700";"3297";"279235.4"
"38816481000";"2183900";"3297";"279243.4"
"38817824000";"2183900";"3297";"279251.7"
"38818904000";"2183900";"3297";"279259.6"
"38819985000";"2183900";"3297";"279268.0"
"38821065000";"2183900";"3297";"279275.9"
"38822145000";"2183900";"3297";"279283.9"
"38823493000";"2183900";"3297";"279292.2"
"38824574000";"2126400";"3297";"279300.1"
"38825654000";"2126400";"3297";"279308.5"
"38826734000";"2126400";"3297";"279316.4"
"38827814000";"2126400";"3297";"279324.4"
"38829157000";"2126400";"3297";"279333.8"
"38830238000";"2126400";"3297";"279342.2"
"38831318000";"2246000";"3297";"279350.1"
"38832403000";"2246000";"3297";"279358.1"
"38833488000";"2246000";"3297";"279366.0"
"38834831000";"2246000";"3297";"279374.3"
"38835911000";"2246000";"3297";"279382.7"
"38836991000";"2246000";"3297";"279390.6"
"38838070000";"2246000";"3297";"279398.6"
"38839150000";"2182800";"3297";"279406.5"
"38840492000";"2182800";"3297";"279414.9"
"38841573000";"2182800";"3297";"279423.2"
"38842653000";"2182800";"3297";"279431.1"
"38843738000";"2182800";"3297";"279439.1"
"38844818000";"2182800";"3297";"279447.0"
"38846161000";"2182800";"3297";"279455.4"
"38847241000";"2126500";"3297";"279463.3"
"38848321000";"2126500";"3297";"279471.7"
"38849401000";"2126500";"3297";"279479.6"
"38850481000";"2126500";"3297";"279487.6"
"38851823000";"2126500";"3297";"279495.9"
"38852908000";"2126500";"3297";"279503.8"
"38853987000";"2126500";"3297";"279511.8"
"38855068000";"2184300";"3297";"279519.7"
"38856148000";"2184300";"3297";"279528.1"
"38857489000";"2184300";"3297";"279536.4"
"38858570000";"2184300";"3297";"279544.3"
"38859650000";"2184300";"3297";"279552.7"
"38860729000";"2184300";"3298";"279560.6"
"38861808000";"2184300";"3297";"279568.6"
"38863157000";"2198600";"3297";"279578.4"
"38864237000";"2198600";"3297";"279586.4"
"38865317000";"2198600";"3297";"279594.3"
"38866396000";"2198600";"3297";"279602.3"
"38867477000";"2198600";"3297";"279610.2"
"38868819000";"2198600";"3297";"279620.1"
"38869899000";"2229500";"3297";"279628.0"
"38870979000";"2229500";"3297";"279636.0"
"38872059000";"2229500";"3297";"279644.3"
"38873145000";"2229500";"3297";"279652.3"
"38874494000";"2229500";"3297";"279660.6"
"38875573000";"2229500";"3297";"279668.5"
"38876652000";"2229500";"3297";"279676.5"
"38877733000";"2197000";"3297";"279684.8"
"38878813000";"2197000";"3297";"279692.8"
"38880155000";"2197000";"3297";"279701.1"
"38881234000";"2197000";"3297";"279709.0"
"38882314000";"2197000";"3297";"279717.0"
"38883399000";"2197000";"3297";"279725.3"
"38884479000";"2197000";"3297";"279733.3"
"38885822000";"2127200";"3297";"279741.6"
"38886902000";"2127200";"3297";"279749.6"
"38887982000";"2127200";"3297";"279757.5"
"38889061000";"2127200";"3297";"279765.5"
"38890141000";"2127200";"3297";"279773.4"
"38891484000";"2127200";"3297";"279781.7"
"38892564000";"2127200";"3297";"279790.1"
"38893649000";"2184100";"3297";"279798.0"
"38894729000";"2184100";"3296";"279806.0"
"38895809000";"2184100";"3297";"279814.3"
"38897152000";"2184100";"3297";"279822.6"
"38898232000";"2184100";"3296";"279830.6"
"38899312000";"2184100";"3296";"279838.5"
"38900391000";"2184100";"3296";"279846.9"
"38901471000";"2200300";"3297";"279854.8"
"38902814000";"2200300";"3297";"279863.1"
"38903900000";"2200300";"3297";"279871.1"
"38904980000";"2200300";"3297";"279879.0"
"38906060000";"2200300";"3297";"279887.0"
"38907140000";"2200300";"3296";"279894.9"
"38908484000";"2200300";"3296";"279903.3"
"38909563000";"2112100";"3296";"279911.2"
"38910643000";"2112100";"3296";"279919.6"
"38911722000";"2112100";"3296";"279927.5"
"38912802000";"2112100";"3296";"279935.5"
"38914150000";"2112100";"3296";"279943.8"
"38915230000";"2112100";"3296";"279951.7"
"38916314000";"2112100";"3296";"279959.7"
"38917395000";"2197600";"3296";"279968.0"
"38918475000";"2197600";"3296";"279976.0"
"38919818000";"2197600";"3296";"279984.3"
"38920899000";"2197600";"3296";"279992.2"
"38921979000";"2197600";"3296";"280000.6"
"38923065000";"2197600";"3296";"280008.5"
"38924145000";"2197600";"3296";"280016.5"
"38925488000";"2126200";"3296";"280024.8"
"38926567000";"2126200";"3296";"280032.7"
"38927647000";"2126200";"3296";"280040.7"
"38928726000";"2126200";"3296";"280048.7"
"38929806000";"2126200";"3296";"280056.6"
"38931149000";"2126200";"3296";"280064.9"
"38932229000";"2126200";"3296";"280073.3"
"38933314000";"2184300";"3296";"280081.2"
"38934394000";"2184300";"3296";"280089.2"
"38935474000";"2184300";"3296";"280097.1"
"38936816000";"2184300";"3296";"280105.4"
"38937896000";"2184300";"3296";"280113.8"
"38938976000";"2184300";"3296";"280121.7"
"38940056000";"2184300";"3296";"280129.7"
"38941136000";"2185500";"3296";"280137.6"
"38942480000";"2185500";"3296";"280145.9"
"38943565000";"2185500";"3296";"280154.3"
"38944645000";"2185500";"3296";"280162.2"
"38945724000";"2185500";"3296";"280170.2"
"38946805000";"2185500";"3296";"280178.1"
"38948147000";"2185500";"3296";"280186.5"
"38949227000";"2126700";"3296";"280194.4"
"38950308000";"2126700";"3296";"280202.4"
"38951388000";"2126700";"3296";"280210.3"
"38952468000";"2126700";"3296";"280218.6"
"38953817000";"2126700";"3296";"280227.0"
"38954897000";"2126700";"3296";"280234.9"
"38955977000";"2126700";"3296";"280242.9"
"38957057000";"2183200";"3296";"280250.8"
"38958143000";"2183200";"3296";"280259.2"
"38959486000";"2183200";"3296";"280267.5"
"38960565000";"2183200";"3296";"280275.4"
"38961644000";"2183200";"3296";"280283.4"
"38962725000";"2183200";"3296";"280291.3"
"38963811000";"2183200";"3296";"280299.7"
"38965155000";"2125000";"3296";"280307.6"
"38966235000";"2125000";"3296";"280315.9"
"38967315000";"2125000";"3296";"280323.9"
"38968394000";"2125000";"3296";"280331.8"
"38969474000";"2125000";"3296";"280339.8"
"38970817000";"2125000";"3296";"280348.1"
"38971897000";"2125000";"3296";"280356.1"
"38972982000";"2198800";"3296";"280364.4"
"38974062000";"2198800";"3296";"280372.4"
"38975141000";"2198800";"3296";"280380.3"
"38976484000";"2198800";"3296";"280388.6"
"38977564000";"2198800";"3297";"280396.6"
"38978645000";"2198800";"3297";"280404.9"
"38979725000";"2198800";"3297";"280412.9"
"38980804000";"2185500";"3296";"280420.8"
"38982147000";"2185500";"3296";"280429.1"
"38983232000";"2185500";"3296";"280437.1"
"38984311000";"2185500";"3296";"280445.4"
"38985391000";"2185500";"3297";"280453.4"
"38986471000";"2185500";"3296";"280461.3"
"38987814000";"2185500";"3297";"280469.6"
"38988894000";"2127000";"3297";"280477.6"
"38989973000";"2127000";"3297";"280485.5"
"38991054000";"2127000";"3296";"280493.5"
"38992135000";"2127000";"3296";"280501.5"
"38993482000";"2127000";"3296";"280509.8"
"38994563000";"2127000";"3296";"280518.1"
"38995642000";"2127000";"3297";"280526.1"
"38996722000";"2183700";"3297";"280534.0"
"38997802000";"2183700";"3297";"280542.3"
"38999145000";"2183700";"3297";"280551.8"
"39000229000";"2183700";"3297";"280560.1"
"39001309000";"2183700";"3297";"280568.1"
"39002388000";"2183700";"3297";"280576.0"
"39003473000";"2243800";"3297";"280584.0"
"39004816000";"2243800";"3296";"280592.3"
"39005897000";"2243800";"3296";"280600.3"
"39006977000";"2243800";"3296";"280608.2"
"39008057000";"2243800";"3297";"280616.6"
"39009137000";"2243800";"3297";"280624.5"
"39010480000";"2161100";"3296";"280634.0"
"39011561000";"2161100";"3297";"280641.9"
"39012641000";"2161100";"3297";"280650.3"
"39013726000";"2161100";"3297";"280658.2"
"39014807000";"2161100";"3297";"280666.2"
"39016149000";"2161100";"3296";"280674.5"
"39017230000";"2161100";"3296";"280682.4"
"39018310000";"2198100";"3296";"280690.8"
"39019390000";"2198100";"3297";"280698.7"
"39020469000";"2198100";"3296";"280706.7"
"39021813000";"2198100";"3296";"280716.5"
"39022897000";"2198100";"3296";"280724.5"
"39023978000";"2198100";"3296";"280732.4"
"39025057000";"2244900";"3296";"280740.8"
"39026138000";"2244900";"3296";"280748.7"
"39027481000";"2244900";"3296";"280757.0"
"39028560000";"2244900";"3296";"280765.0"
"39029639000";"2244900";"3296";"280772.9"
"39030718000";"2244900";"3296";"280780.9"
"39031799000";"2244900";"3296";"280788.8"
"39033147000";"2112800";"3296";"280797.2"
"39034227000";"2112800";"3296";"280805.1"
"39035307000";"2112800";"3296";"280813.4"
"39036387000";"2112800";"3296";"280821.4"
"39037467000";"2112800";"3296";"280829.3"
"39038810000";"2112800";"3296";"280837.7"
"39039890000";"2112800";"3296";"280846.0"
"39040970000";"2199900";"3296";"280854.0"
"39042055000";"2199900";"3296";"280861.9"
"39043140000";"2199900";"3296";"280869.9"
"39044483000";"2199900";"3296";"280879.7"
"39045562000";"2199900";"3296";"280887.7"
"39046641000";"2199900";"3296";"280895.6"
"39047721000";"2226700";"3296";"280903.6"
"39048801000";"2226700";"3296";"280911.5"
"39050144000";"2226700";"3296";"280919.8"
"39051225000";"2226700";"3296";"280927.8"
"39052304000";"2226700";"3296";"280935.7"
"39053390000";"2226700";"3296";"280944.1"
"39054469000";"2226700";"3296";"280952.0"
"39055811000";"2184000";"3296";"280961.9"
"39056891000";"2184000";"3296";"280969.8"
"39057970000";"2184000";"3296";"280977.8"
"39059050000";"2184000";"3296";"280985.7"
"39060131000";"2184000";"3296";"280994.1"
"39061473000";"2184000";"3296";"281003.5"
"39062553000";"2246800";"3297";"281011.9"
"39063639000";"2246800";"3297";"281019.8"
"39064720000";"2246800";"3297";"281027.8"
"39065799000";"2246800";"3297";"281035.7"
"39067142000";"2246800";"3297";"281044.0"
"39068222000";"2246800";"3296";"281052.0"
"39069303000";"2246800";"3296";"281059.9"
"39070384000";"2168400";"3296";"281067.9"
"39071464000";"2168400";"3296";"281076.2"
"39072807000";"2168400";"3296";"281084.2"
"39073892000";"2168400";"3296";"281092.5"
"39074972000";"2168400";"3296";"281100.4"
"39076053000";"2168400";"3296";"281108.4"
"39077132000";"2168400";"3296";"281116.3"
"39078476000";"2183500";"3296";"281126.2"
"39079556000";"2183500";"3296";"281134.1"
"39080636000";"2183500";"3297";"281142.5"
"39081715000";"2183500";"3296";"281150.4"
"39082795000";"2183500";"3296";"281158.4"
"39084148000";"2183500";"3296";"281166.7"
"39085228000";"2183500";"3296";"281174.7"
"39086308000";"2182600";"3296";"281182.6"
"39087388000";"2182600";"3296";"281190.6"
"39088467000";"2182600";"3296";"281198.5"
"39089810000";"2182600";"3296";"281208.4"
"39090890000";"2182600";"3296";"281216.3"
"39091971000";"2182600";"3296";"281224.3"
"39093056000";"2227600";"3296";"281232.2"
"39094137000";"2227600";"3296";"281240.5"
"39095479000";"2227600";"3296";"281248.9"
"39096558000";"2227600";"3296";"281256.8"
"39097639000";"2227600";"3296";"281264.8"
"39098718000";"2227600";"3296";"281272.7"
"39099799000";"2227600";"3296";"281281.1"
"39101141000";"2142500";"3296";"281289.4"
"39102222000";"2142500";"3296";"281297.3"
"39103306000";"2142500";"3296";"281305.3"
"39104386000";"2142500";"3296";"281313.2"
"39105467000";"2142500";"3296";"281321.2"
"39106810000";"2142500";"3296";"281331.0"
"39107890000";"2227400";"3296";"281339.0"
"39108970000";"2227400";"3296";"281346.9"
"39110051000";"2227400";"3296";"281354.9"
"39111130000";"2227400";"3296";"281362.8"
"39112473000";"2227400";"3296";"281372.7"
"39113559000";"2227400";"3296";"281380.6"
"39114640000";"2227200";"3296";"281388.6"
"39115719000";"2227200";"3296";"281396.9"
"39116799000";"2227200";"3296";"281404.9"
"39118141000";"2227200";"3295";"281413.2"
"39119221000";"2227200";"3295";"281421.1"
"39120301000";"2227200";"3295";"281429.5"
"39121381000";"2227200";"3295";"281437.4"
"39122460000";"2200700";"3295";"281445.4"
"39123808000";"2200700";"3295";"281455.2"
"39124889000";"2200700";"3296";"281463.2"
"39125973000";"2200700";"3296";"281471.1"
"39127054000";"2200700";"3296";"281479.1"
"39128133000";"2200700";"3296";"281487.0"
"39129475000";"2158700";"3296";"281495.4"
"39130555000";"2158700";"3295";"281503.3"
"39131635000";"2158700";"3295";"281511.3"
"39132715000";"2158700";"3295";"281519.6"
"39133800000";"2158700";"3296";"281527.5"
"39135143000";"2158700";"3296";"281535.9"
"39136224000";"2158700";"3296";"281543.8"
"39137304000";"2183700";"3296";"281551.8"
"39138384000";"2183700";"3296";"281560.1"
"39139463000";"2183700";"3296";"281568.1"
"39140807000";"2183700";"3296";"281576.4"
"39141886000";"2183700";"3296";"281584.3"
"39142972000";"2183700";"3296";"281592.7"
"39144053000";"2183700";"3296";"281600.6"
"39145132000";"2198700";"3296";"281608.6"
"39146474000";"2198700";"3296";"281618.4"
"39147555000";"2198700";"3296";"281626.4"
"39148635000";"2198700";"3296";"281634.3"
"39149714000";"2198700";"3297";"281642.3"
"39150794000";"2198700";"3296";"281650.2"
"39152137000";"2161900";"3296";"281658.5"
"39153221000";"2161900";"3296";"281666.5"
"39154301000";"2161900";"3296";"281674.4"
"39155381000";"2161900";"3297";"281682.8"
"39156460000";"2161900";"3297";"281690.7"
"39157804000";"2161900";"3297";"281699.1"
"39158884000";"2161900";"3296";"281707.0"
"39159964000";"2184100";"3296";"281715.0"
"39161044000";"2184100";"3297";"281723.3"
"39162124000";"2184100";"3297";"281731.2"
"39163472000";"2184100";"3297";"281739.6"
"39164552000";"2184100";"3297";"281747.5"
"39165632000";"2184100";"3297";"281755.5"
"39166712000";"2184100";"3297";"281763.4"
"39167797000";"2182300";"3297";"281771.4"
"39169141000";"2182300";"3297";"281781.2"
"39170220000";"2182300";"3297";"281789.2"
"39171300000";"2182300";"3297";"281797.1"
"39172380000";"2182300";"3297";"281805.1"
"39173466000";"2182300";"3297";"281813.4"
"39174808000";"2176600";"3297";"281821.7"
"39175887000";"2176600";"3297";"281829.7"
"39176967000";"2176600";"3297";"281837.6"
"39178047000";"2176600";"3296";"281845.6"
"39179127000";"2176600";"3297";"281853.9"
"39180470000";"2176600";"3296";"281863.4"
"39181550000";"2246800";"3296";"281871.7"
"39182630000";"2246800";"3296";"281879.7"
"39183715000";"2246800";"3296";"281887.6"
"39184795000";"2246800";"3296";"281895.6"
"39186137000";"2246800";"3296";"281903.9"
"39187217000";"2246800";"3296";"281911.8"
"39188298000";"2246800";"3296";"281919.8"
"39189379000";"2168800";"3296";"281927.7"
"39190459000";"2168800";"3296";"281935.7"
"39191802000";"2168800";"3296";"281944.0"
"39192888000";"2168800";"3296";"281952.0"
"39193968000";"2168800";"3296";"281959.9"
"39195048000";"2168800";"3296";"281968.3"
"39196128000";"2168800";"3296";"281976.2"
"39197470000";"2126700";"3296";"281984.5"
"39198549000";"2126700";"3296";"281992.5"
"39199629000";"2126700";"3296";"282000.4"
"39200710000";"2126700";"3296";"282008.4"
"39201790000";"2126700";"3296";"282016.7"
"39203138000";"2126700";"3296";"282026.2"
"39204218000";"2244500";"3296";"282034.5"
"39205299000";"2244500";"3296";"282042.5"
"39206379000";"2244500";"3296";"282050.4"
"39207459000";"2244500";"3296";"282058.4"
"39208802000";"2244500";"3296";"282068.2"
"39209887000";"2244500";"3296";"282076.2"
"39210966000";"2227800";"3296";"282084.1"
"39212046000";"2227800";"3296";"282092.1"
"39213131000";"2227800";"3296";"282100.0"
"39214474000";"2227800";"3296";"282108.3"
"39215554000";"2227800";"3296";"282116.3"
"39216634000";"2227800";"3296";"282124.3"
"39217715000";"2227800";"3296";"282132.6"
"39218795000";"2183500";"3296";"282140.5"
"39220137000";"2183500";"3296";"282148.9"
"39221217000";"2183500";"3296";"282156.8"
"39222298000";"2183500";"3296";"282164.8"
"39223383000";"2183500";"3296";"282173.1"
"39224463000";"2183500";"3296";"282181.0"
"39225805000";"2183500";"3296";"282189.0"
"39226885000";"2127000";"3296";"282197.3"
"39227965000";"2127000";"3296";"282205.3"
"39229045000";"2127000";"3297";"282213.2"
"39230126000";"2127000";"3297";"282221.2"
"39231468000";"2127000";"3296";"282230.6"
"39232549000";"2127000";"3296";"282238.6"
"39233634000";"2227200";"3296";"282246.9"
"39234714000";"2227200";"3296";"282254.9"
"39235794000";"2227200";"3296";"282262.8"
"39237137000";"2227200";"3296";"282271.2"
"39238217000";"2227200";"3296";"282279.1"
"39239297000";"2227200";"3296";"282287.4"
"39240377000";"2227200";"3296";"282295.4"
"39241457000";"2185300";"3296";"282303.3"
"39242800000";"2185300";"3296";"282313.2"
"39243886000";"2185300";"3296";"282321.1"
"39244965000";"2185300";"3296";"282329.1"
"39246044000";"2185300";"3296";"282337.0"
"39247125000";"2185300";"3296";"282345.0"
"39248467000";"2226000";"3296";"282354.8"
"39249547000";"2226000";"3296";"282362.8"
"39250627000";"2226000";"3296";"282370.7"
"39251712000";"2226000";"3296";"282379.1"
"39252793000";"2226000";"3296";"282387.0"
"39254141000";"2226000";"3296";"282395.4"
"39255221000";"2226000";"3296";"282403.3"
"39256300000";"2182600";"3296";"282411.3"
"39257379000";"2182600";"3296";"282419.2"
"39258458000";"2182600";"3296";"282427.5"
"39259802000";"2182600";"3297";"282435.9"
"39260882000";"2182600";"3297";"282443.8"
"39261962000";"2182600";"3297";"282451.8"
"39263048000";"2182600";"3296";"282459.7"
"39264128000";"2198700";"3296";"282468.1"
"39265470000";"2198700";"3296";"282476.0"
"39266550000";"2198700";"3296";"282484.3"
"39267630000";"2198700";"3296";"282492.3"
"39268711000";"2198700";"3296";"282500.2"
"39269790000";"2198700";"3296";"282508.2"
"39271133000";"2198700";"3296";"282516.5"
"39272213000";"2113900";"3297";"282524.5"
"39273298000";"2113900";"3297";"282532.4"
"39274378000";"2113900";"3297";"282540.4"
"39275458000";"2113900";"3297";"282548.7"
"39276801000";"2113900";"3297";"282558.2"
"39277881000";"2113900";"3297";"282566.5"
"39278961000";"2244700";"3297";"282574.4"
"39280041000";"2244700";"3297";"282582.4"
"39281120000";"2244700";"3296";"282590.3"
"39282463000";"2244700";"3296";"282598.7"
"39283548000";"2244700";"3296";"282607.0"
"39284628000";"2244700";"3296";"282614.9"
"39285708000";"2244700";"3296";"282622.9"
"39286787000";"2184300";"3296";"282630.9"
"39288130000";"2184300";"3296";"282639.2"
"39289209000";"2184300";"3296";"282647.1"
"39290289000";"2184300";"3296";"282655.1"
"39291370000";"2184300";"3296";"282663.0"
"39292450000";"2184300";"3296";"282671.0"
"39293803000";"2184300";"3296";"282679.3"
"39294883000";"2111200";"3296";"282687.3"
"39295963000";"2111200";"3296";"282695.6"
"39297043000";"2111200";"3296";"282703.5"
"39298123000";"2111200";"3296";"282711.5"
"39299466000";"2111200";"3296";"282719.8"
"39300546000";"2111200";"3296";"282728.1"
"39301626000";"2111200";"3296";"282736.1"
"39302707000";"2199800";"3296";"282744.1"
"39303792000";"2199800";"3296";"282752.0"
"39305136000";"2199800";"3296";"282760.3"
"39306215000";"2199800";"3296";"282768.3"
"39307295000";"2199800";"3296";"282776.2"
"39308375000";"2199800";"3296";"282784.2"
"39309456000";"2199800";"3296";"282792.1"
"39310798000";"2112200";"3296";"282800.5"
"39311879000";"2112200";"3296";"282808.4"
"39312965000";"2112200";"3296";"282816.7"
"39314045000";"2112200";"3296";"282824.7"
"39315125000";"2112200";"3296";"282832.6"
"39316469000";"2112200";"3296";"282841.0"
"39317549000";"2112200";"3295";"282848.9"
"39318629000";"2197900";"3295";"282857.2"
"39319709000";"2197900";"3295";"282865.2"
"39320789000";"2197900";"3295";"282873.2"
"39322131000";"2197900";"3295";"282881.5"
"39323216000";"2197900";"3295";"282889.4"
"39324297000";"2197900";"3295";"282897.8"
"39325376000";"2197900";"3295";"282905.7"
"39326456000";"2184100";"3295";"282913.7"
"39327799000";"2184100";"3295";"282923.1"
"39328880000";"2184100";"3295";"282931.1"
"39329960000";"2184100";"3295";"282939.4"
"39331039000";"2184100";"3295";"282947.4"
"39332119000";"2184100";"3295";"282955.3"
"39333466000";"2160100";"3295";"282963.6"
"39334545000";"2160100";"3295";"282971.6"
"39335630000";"2160100";"3295";"282979.5"
"39336711000";"2160100";"3295";"282987.5"
"39337791000";"2160100";"3296";"282995.8"
"39339133000";"2160100";"3296";"283004.1"
"39340213000";"2160100";"3296";"283012.1"
"39341293000";"2184300";"3295";"283020.1"
"39342373000";"2184300";"3295";"283028.4"
"39343459000";"2184300";"3296";"283036.3"
"39344801000";"2184300";"3296";"283044.7"
"39345881000";"2184300";"3296";"283052.6"
"39346961000";"2184300";"3296";"283060.6"
"39348041000";"2184300";"3296";"283068.5"
"39349121000";"2183700";"3296";"283076.5"
"39350464000";"2183700";"3296";"283086.3"
"39351545000";"2183700";"3295";"283094.3"
"39352624000";"2183700";"3295";"283102.2"
"39353710000";"2183700";"3295";"283110.2"
"39354790000";"2183700";"3295";"283118.5"
"39356133000";"2225800";"3295";"283128.0"
"39357212000";"2225800";"3295";"283135.9"
"39358293000";"2225800";"3295";"283144.2"
"39359373000";"2225800";"3295";"283152.2"
"39360452000";"2225800";"3295";"283160.2"
"39361795000";"2225800";"3295";"283168.5"
"39362881000";"2225800";"3295";"283176.8"
"39363962000";"2198300";"3295";"283184.8"
"39365041000";"2198300";"3296";"283192.7"
"39366121000";"2198300";"3296";"283200.7"
"39367464000";"2198300";"3296";"283209.0"
"39368544000";"2198300";"3296";"283216.9"
"39369624000";"2198300";"3296";"283224.9"
"39370703000";"2198300";"3296";"283232.8"
"39371784000";"2170800";"3296";"283240.8"
"39373132000";"2170800";"3296";"283250.6"
"39374211000";"2170800";"3296";"283258.6"
"39375291000";"2170800";"3296";"283266.5"
"39376371000";"2170800";"3296";"283274.9"
"39377456000";"2170800";"3296";"283282.8"
"39378798000";"2175400";"3296";"283291.1"
"39379877000";"2175400";"3296";"283299.1"
"39380958000";"2175400";"3296";"283307.1"
"39382038000";"2175400";"3296";"283315.4"
"39383124000";"2175400";"3296";"283323.3"
"39384467000";"2175400";"3296";"283331.7"
"39385546000";"2175400";"3296";"283339.6"
"39386627000";"2183700";"3296";"283347.6"
"39387706000";"2183700";"3296";"283355.5"
"39388786000";"2183700";"3296";"283363.5"
"39390129000";"2183700";"3296";"283371.8"
"39391209000";"2183700";"3296";"283379.7"
"39392288000";"2183700";"3296";"283388.1"
"39393374000";"2183700";"3296";"283396.0"
"39394455000";"2183900";"3296";"283404.0"
"39395797000";"2183900";"3296";"283412.3"
"39396878000";"2183900";"3296";"283420.2"
"39397957000";"2183900";"3296";"283428.2"
"39399038000";"2183900";"3296";"283436.5"
"39400118000";"2183900";"3296";"283444.5"
"39401460000";"2178200";"3296";"283454.3"
"39402539000";"2178200";"3296";"283462.3"
"39403625000";"2178200";"3296";"283470.2"
"39404705000";"2178200";"3296";"283478.2"
"39405786000";"2178200";"3296";"283486.1"
"39407130000";"2178200";"3296";"283496.0"
"39408209000";"2227400";"3296";"283503.9"
"39409289000";"2227400";"3296";"283511.9"
"39410369000";"2227400";"3296";"283519.8"
"39411449000";"2227400";"3296";"283528.2"
"39412793000";"2227400";"3296";"283537.6"
"39413877000";"2227400";"3296";"283545.6"
"39414958000";"2227400";"3296";"283553.5"
"39416038000";"2227400";"3296";"283561.9"
"39417117000";"2227400";"3296";"283569.8"
"39418460000";"2227400";"3297";"283578.2"
"39419545000";"2227400";"3296";"283586.1"
"39420625000";"2227400";"3297";"283594.1"
"39421706000";"2227400";"3297";"283602.4"
"39422785000";"2198700";"3297";"283610.3"
"39424133000";"2198700";"3297";"283618.7"
"39425213000";"2198700";"3296";"283626.6"
"39426293000";"2198700";"3296";"283634.6"
"39427373000";"2198700";"3296";"283642.5"
"39428453000";"2198700";"3296";"283650.5"
"39429796000";"2198700";"3296";"283658.8"
"39430876000";"2112600";"3296";"283666.7"
"39431955000";"2112600";"3296";"283674.7"
"39433041000";"2112600";"3297";"283683.0"
"39434121000";"2112600";"3297";"283691.0"
"39435464000";"2112600";"3297";"283700.4"
"39436544000";"2112600";"3297";"283708.8"
"39437624000";"2244700";"3296";"283716.7"
"39438703000";"2244700";"3296";"283724.7"
"39439783000";"2244700";"3296";"283733.0"
"39441125000";"2244700";"3296";"283742.5"
"39442206000";"2244700";"3296";"283750.8"
"39443291000";"2244700";"3296";"283758.8"
"39444371000";"2245100";"3296";"283766.7"
"39445451000";"2245100";"3296";"283774.7"
"39446793000";"2245100";"3297";"283783.0"
"39447872000";"2245100";"3297";"283790.9"
"39448953000";"2245100";"3296";"283798.9"
"39450032000";"2245100";"3296";"283806.8"
"39451112000";"2245100";"3296";"283814.8"
"39452455000";"2114100";"3296";"283823.1"
"39453541000";"2114100";"3296";"283831.1"
"39454621000";"2114100";"3296";"283839.4"
"39455701000";"2114100";"3296";"283847.4"
"39456781000";"2114100";"3296";"283855.3"
"39458124000";"2114100";"3296";"283863.6"
"39459203000";"2114100";"3296";"283871.6"
"39460284000";"2198500";"3296";"283879.9"
"39461369000";"2198500";"3296";"283887.9"
"39462449000";"2198500";"3296";"283895.8"
"39463797000";"2198500";"3296";"283904.1"
"39464876000";"2198500";"3296";"283912.1"
"39465956000";"2198500";"3296";"283920.0"
"39467036000";"2198500";"3296";"283928.0"
"39468117000";"2182500";"3296";"283936.3"
"39469459000";"2182500";"3296";"283944.3"
"39470539000";"2182500";"3296";"283952.6"
"39471619000";"2182500";"3296";"283960.6"
"39472698000";"2182500";"3296";"283968.5"
"39473784000";"2182500";"3296";"283976.5"
"39475127000";"2160100";"3296";"283986.3"
"39476206000";"2160100";"3296";"283994.3"
"39477286000";"2160100";"3296";"284002.2"
"39478365000";"2160100";"3296";"284010.2"
"39479445000";"2160100";"3296";"284018.5"
"39480788000";"2160100";"3296";"284026.8"
"39481868000";"2160100";"3296";"284034.8"
"39482953000";"2199200";"3296";"284043.1"
"39484033000";"2199200";"3296";"284051.0"
"39485114000";"2199200";"3296";"284059.0"
"39486457000";"2199200";"3297";"284067.3"
"39487537000";"2199200";"3297";"284075.3"
"39488617000";"2199200";"3297";"284083.2"
"39489697000";"2199200";"3296";"284091.2"
"39490777000";"2170200";"3296";"284099.1"
"39492120000";"2170200";"3296";"284109.0"
"39493205000";"2170200";"3296";"284116.9"
"39494285000";"2170200";"3296";"284124.9"
"39495365000";"2170200";"3296";"284132.8"
"39496446000";"2170200";"3296";"284141.2"
"39497789000";"2242100";"3296";"284151.0"
"39498869000";"2242100";"3296";"284159.0"
"39499949000";"2242100";"3296";"284166.9"
"39501028000";"2242100";"3296";"284174.9"
"39502108000";"2242100";"3296";"284183.2"
"39503461000";"2242100";"3296";"284192.7"
"39504541000";"2243400";"3296";"284201.0"
"39505621000";"2243400";"3297";"284208.9"
"39506702000";"2243400";"3297";"284216.9"
"39507782000";"2243400";"3297";"284224.9"
"39509125000";"2243400";"3297";"284233.2"
"39510204000";"2243400";"3297";"284241.1"
"39511284000";"2243400";"3297";"284249.1"
"39512364000";"2170400";"3297";"284257.0"
"39513450000";"2170400";"3297";"284265.0"
"39514794000";"2170400";"3297";"284274.8"
"39515874000";"2170400";"3297";"284282.8"
"39516954000";"2170400";"3297";"284290.7"
"39518035000";"2170400";"3297";"284299.1"
"39519115000";"2243800";"3297";"284307.0"
"39520458000";"2243800";"3297";"284315.3"
"39521537000";"2243800";"3297";"284323.3"
"39522618000";"2243800";"3297";"284331.6"
"39523703000";"2243800";"3297";"284339.6"
"39524784000";"2243800";"3297";"284347.5"
"39526126000";"2243800";"3297";"284355.8"
"39527205000";"2126900";"3297";"284363.8"
"39528285000";"2126900";"3297";"284371.8"
"39529364000";"2126900";"3297";"284379.7"
"39530444000";"2126900";"3297";"284387.7"
"39531786000";"2126900";"3297";"284397.5"
"39532871000";"2126900";"3297";"284405.5"
"39533952000";"2228200";"3297";"284413.4"
"39535032000";"2228200";"3297";"284421.4"
"39536112000";"2228200";"3297";"284429.3"
"39537454000";"2228200";"3297";"284437.6"
"39538533000";"2228200";"3297";"284446.0"
"39539613000";"2228200";"3296";"284453.9"
"39540693000";"2228200";"3296";"284461.9"
"39541774000";"2185500";"3296";"284469.8"
"39543123000";"2185500";"3296";"284479.7"
"39544202000";"2185500";"3296";"284487.6"
"39545288000";"2185500";"3296";"284496.0"
"39546368000";"2185500";"3296";"284503.9"
"39547449000";"2185500";"3296";"284511.9"
"39548791000";"2174600";"3296";"284520.2"
"39549871000";"2174600";"3297";"284528.1"
"39550951000";"2174600";"3297";"284536.1"
"39552032000";"2174600";"3296";"284544.0"
"39553117000";"2174600";"3296";"284552.0"
"39554460000";"2174600";"3296";"284560.3"
"39555539000";"2174600";"3296";"284568.3"
"39556618000";"2169100";"3296";"284576.2"
"39557699000";"2169100";"3296";"284584.2"
"39558778000";"2169100";"3296";"284592.5"
"39560122000";"2169100";"3297";"284600.8"
"39561201000";"2169100";"3296";"284608.8"
"39562281000";"2169100";"3296";"284616.7"
"39563366000";"2169100";"3296";"284625.1"
"39564446000";"2198700";"3296";"284633.0"
"39565790000";"2198700";"3296";"284642.5"
"39566869000";"2198700";"3296";"284650.4"
"39567949000";"2198700";"3296";"284658.8"
"39569029000";"2198700";"3296";"284666.7"
"39570110000";"2198700";"3297";"284674.7"
"39571452000";"2161700";"3297";"284683.0"
"39572532000";"2161700";"3297";"284690.9"
"39573617000";"2161700";"3297";"284698.9"
"39574697000";"2161700";"3296";"284706.8"
"39575777000";"2161700";"3296";"284714.8"
"39577120000";"2161700";"3296";"284724.6"
"39578200000";"2227600";"3296";"284732.6"
"39579280000";"2227600";"3296";"284740.5"
"39580360000";"2227600";"3296";"284748.9"
"39581440000";"2227600";"3296";"284756.8"
"39582782000";"2227600";"3296";"284765.1"
"39583867000";"2227600";"3296";"284773.1"
"39584946000";"2227600";"3296";"284781.0"
"39586026000";"2184300";"3296";"284789.0"
"39587111000";"2184300";"3296";"284797.3"
"39588455000";"2184300";"3296";"284805.3"
"39589535000";"2184300";"3296";"284813.2"
"39590615000";"2184300";"3297";"284821.6"
"39591695000";"2184300";"3297";"284829.5"
"39592775000";"2184300";"3297";"284837.5"
"39594122000";"2125300";"3297";"284845.8"
"39595203000";"2125300";"3297";"284853.7"
"39596283000";"2125300";"3297";"284861.7"
"39597363000";"2125300";"3297";"284869.6"
"39598443000";"2125300";"3297";"284877.6"
"39599786000";"2125300";"3297";"284885.9"
"39600866000";"2125300";"3297";"284894.2"
"39601946000";"2185200";"3297";"284902.2"
"39603031000";"2185200";"3297";"284910.5"
"39604112000";"2185200";"3297";"284918.5"
"39605454000";"2185200";"3297";"284927.9"
"39606534000";"2185200";"3297";"284935.9"
"39607615000";"2185200";"3297";"284944.2"
"39608695000";"2244500";"3297";"284952.2"
"39609775000";"2244500";"3297";"284960.1"
"39611118000";"2244500";"3297";"284968.5"
"39612198000";"2244500";"3297";"284976.4"
"39613283000";"2244500";"3297";"284984.4"
"39614362000";"2244500";"3297";"284992.3"
"39615441000";"2244500";"3297";"285000.3"
"39616784000";"2170000";"3297";"285010.1"
"39617863000";"2170000";"3297";"285018.1"
"39618942000";"2170000";"3297";"285026.0"
"39620023000";"2170000";"3297";"285034.3"
"39621104000";"2170000";"3297";"285042.3"
"39622447000";"2170000";"3297";"285052.1"
"39623532000";"2244500";"3297";"285060.1"
"39624613000";"2244500";"3297";"285068.0"
"39625692000";"2244500";"3297";"285076.0"
"39626773000";"2244500";"3297";"285084.0"
"39628115000";"2244500";"3297";"285092.3"
"39629199000";"2244500";"3297";"285100.2"
"39630279000";"2244500";"3297";"285108.2"
"39631359000";"2169500";"3297";"285116.1"
"39632439000";"2169500";"3297";"285124.5"
"39633786000";"2169500";"3297";"285132.4"
"39634866000";"2169500";"3297";"285140.7"
"39635946000";"2169500";"3297";"285148.7"
"39637027000";"2169500";"3297";"285156.6"
"39638107000";"2169500";"3297";"285164.6"
"39639449000";"2184000";"3297";"285174.4"
"39640528000";"2184000";"3297";"285182.4"
"39641609000";"2184000";"3297";"285190.3"
"39642689000";"2184000";"3297";"285198.7"
"39643774000";"2184000";"3297";"285206.6"
"39645118000";"2184000";"3298";"285214.9"
"39646198000";"2184000";"3297";"285222.9"
"39647277000";"2183900";"3297";"285230.9"
"39648357000";"2183900";"3297";"285238.8"
"39649438000";"2183900";"3297";"285246.8"
"39650779000";"2183900";"3297";"285255.1"
"39651860000";"2183900";"3297";"285263.0"
"39652945000";"2183900";"3297";"285271.4"
"39654026000";"2183900";"3297";"285279.3"
"39655106000";"2183500";"3297";"285287.3"
"39656449000";"2183500";"3297";"285297.1"
"39657529000";"2183500";"3297";"285305.1"
"39658609000";"2183500";"3297";"285313.0"
"39659689000";"2183500";"3297";"285321.0"
"39660768000";"2183500";"3297";"285329.3"
"39662110000";"2178600";"3297";"285337.6"
"39663196000";"2178600";"3297";"285345.6"
"39664276000";"2178600";"3296";"285353.5"
"39665356000";"2178600";"3296";"285361.5"
"39666435000";"2178600";"3296";"285369.4"
"39667779000";"2178600";"3296";"285379.3"
"39668858000";"2227800";"3296";"285387.2"
"39669938000";"2227800";"3296";"285395.2"
"39671022000";"2227800";"3296";"285403.1"
"39672102000";"2227800";"3296";"285411.1"
"39673450000";"2227800";"3296";"285419.4"
"39674530000";"2227800";"3296";"285427.4"
"39675610000";"2227800";"3296";"285435.7"
"39676690000";"2182600";"3296";"285443.6"
"39677769000";"2182600";"3296";"285451.6"
"39679112000";"2182600";"3296";"285459.9"
"39680192000";"2182600";"3296";"285467.9"
"39681271000";"2182600";"3296";"285476.2"
"39682351000";"2182600";"3296";"285484.2"
"39683436000";"2182600";"3296";"285492.1"
"39684778000";"2127400";"3296";"285500.4"
"39685859000";"2127400";"3296";"285508.4"
"39686939000";"2127400";"3296";"285516.3"
"39688019000";"2127400";"3296";"285524.3"
"39689100000";"2127400";"3296";"285532.2"
"39690442000";"2127400";"3296";"285540.6"
"39691522000";"2127400";"3296";"285548.5"
"39692603000";"2170000";"3296";"285556.5"
"39693688000";"2170000";"3296";"285564.8"
"39694768000";"2170000";"3296";"285572.7"
"39696112000";"2170000";"3296";"285581.1"
"39697191000";"2170000";"3296";"285589.0"
"39698271000";"2170000";"3296";"285597.0"
"39699352000";"2170000";"3296";"285604.9"
"39700432000";"2198500";"3296";"285613.3"
"39701774000";"2198500";"3296";"285623.1"
"39702859000";"2198500";"3296";"285631.1"
"39703939000";"2198500";"3296";"285639.0"
"39705018000";"2198500";"3296";"285647.0"
"39706099000";"2198500";"3296";"285654.9"
"39707441000";"2160300";"3296";"285663.2"
"39708522000";"2160300";"3296";"285671.2"
"39709601000";"2160300";"3296";"285679.1"
"39710681000";"2160300";"3296";"285687.5"
"39711761000";"2160300";"3296";"285695.4"
"39713114000";"2160300";"3296";"285703.7"
"39714193000";"2160300";"3296";"285711.7"
"39715273000";"2182800";"3296";"285719.6"
"39716353000";"2182800";"3296";"285727.6"
"39717433000";"2182800";"3296";"285735.9"
"39718776000";"2182800";"3296";"285743.9"
"39719856000";"2182800";"3296";"285752.2"
"39720936000";"2182800";"3296";"285760.2"
"39722015000";"2182800";"3296";"285768.1"
"39723101000";"2198700";"3296";"285776.4"
"39724444000";"2198700";"3296";"285784.8"
"39725525000";"2198700";"3296";"285792.7"
"39726605000";"2198700";"3296";"285800.7"
"39727685000";"2198700";"3296";"285808.6"
"39728765000";"2198700";"3296";"285816.6"
"39730108000";"2198700";"3296";"285824.9"
"39731188000";"2113400";"3296";"285832.8"
"39732268000";"2113400";"3296";"285840.8"
"39733353000";"2113400";"3296";"285848.7"
"39734433000";"2113400";"3296";"285856.7"
"39735777000";"2113400";"3296";"285865.0"
"39736858000";"2113400";"3296";"285873.0"
"39737937000";"2113400";"3296";"285881.3"
"39739018000";"2183400";"3296";"285889.3"
"39740098000";"2183400";"3296";"285897.2"
"39741440000";"2183400";"3296";"285905.5"
"39742520000";"2183400";"3296";"285913.5"
"39743605000";"2183400";"3296";"285921.4"
"39744686000";"2183400";"3296";"285929.8"
"39745766000";"2183400";"3296";"285937.7"
"39747109000";"2126500";"3296";"285946.0"
"39748190000";"2126500";"3296";"285954.0"
"39749269000";"2126500";"3297";"285961.9"
"39750349000";"2126500";"3296";"285969.9"
"39751429000";"2126500";"3296";"285977.8"
"39752771000";"2126500";"3296";"285986.2"
"39753857000";"2126500";"3296";"285994.1"
"39754942000";"2167900";"3296";"286002.1"
"39756021000";"2167900";"3296";"286010.0"
"39757101000";"2167900";"3296";"286018.4"
"39758444000";"2167900";"3296";"286026.7"
"39759524000";"2167900";"3296";"286034.6"
"39760604000";"2167900";"3296";"286042.6"
"39761684000";"2167900";"3296";"286050.5"
"39762764000";"2200100";"3296";"286058.9"
"39764113000";"2200100";"3296";"286067.2"
"39765193000";"2200100";"3296";"286075.1"
"39766272000";"2200100";"3296";"286083.1"
"39767353000";"2200100";"3296";"286091.0"
"39768432000";"2200100";"3296";"286099.0"
"39769774000";"2200100";"3296";"286107.3"
"39770855000";"2112600";"3296";"286115.3"
"39771934000";"2112600";"3296";"286123.2"
"39773018000";"2112600";"3296";"286131.2"
"39774098000";"2112600";"3297";"286139.1"
"39775441000";"2112600";"3296";"286147.4"
"39776521000";"2112600";"3296";"286155.8"
"39777601000";"2112600";"3296";"286163.7"
"39778681000";"2184300";"3296";"286171.7"
"39779761000";"2184300";"3296";"286179.6"
"39781104000";"2184300";"3296";"286188.0"
"39782185000";"2184300";"3296";"286196.3"
"39783271000";"2184300";"3296";"286204.2"
"39784350000";"2184300";"3296";"286212.2"
"39785431000";"2184300";"3296";"286220.1"
"39786773000";"2126400";"3296";"286228.5"
"39787853000";"2126400";"3296";"286236.4"
"39788933000";"2126400";"3296";"286244.4"
"39790012000";"2126400";"3296";"286252.3"
"39791093000";"2126400";"3297";"286260.7"
"39792437000";"2126400";"3297";"286268.6"
"39793523000";"2126400";"3297";"286276.5"
"39794602000";"2183500";"3297";"286284.9"
"39795683000";"2183500";"3297";"286292.8"
"39796768000";"2183500";"3297";"286300.8"
"39798110000";"2183500";"3297";"286309.1"
"39799190000";"2183500";"3297";"286317.1"
"39800270000";"2183500";"3297";"286325.0"
"39801349000";"2183500";"3297";"286333.3"
"39802429000";"2184300";"3297";"286341.3"
"39803778000";"2184300";"3297";"286351.1"
"39804858000";"2184300";"3297";"286359.1"
"39805939000";"2184300";"3297";"286367.0"
"39807019000";"2184300";"3297";"286375.0"
"39808099000";"2184300";"3297";"286382.9"
"39809441000";"2159500";"3297";"286391.3"
"39810521000";"2159500";"3297";"286399.2"
"39811601000";"2159500";"3297";"286407.2"
"39812681000";"2159500";"3297";"286415.1"
"39813766000";"2159500";"3297";"286423.1"
"39815109000";"2159500";"3297";"286431.4"
"39816189000";"2159500";"3297";"286439.3"
"39817269000";"2184100";"3297";"286447.7"
"39818349000";"2184100";"3297";"286455.6"
"39819429000";"2184100";"3297";"286463.6"
"39820772000";"2184100";"3297";"286471.9"
"39821852000";"2184100";"3297";"286479.9"
"39822937000";"2184100";"3297";"286488.2"
"39824018000";"2184100";"3297";"286496.1"
"39825098000";"2183500";"3297";"286504.1"
"39826441000";"2183500";"3297";"286512.4"
"39827521000";"2183500";"3296";"286520.4"
"39828601000";"2183500";"3296";"286528.3"
"39829681000";"2183500";"3296";"286536.7"
"39830761000";"2183500";"3296";"286544.6"
"39832104000";"2183500";"3296";"286552.5"
"39833190000";"2126400";"3296";"286560.9"
"39834270000";"2126400";"3297";"286568.8"
"39835351000";"2126400";"3297";"286576.8"
"39836431000";"2126400";"3297";"286584.7"
"39837773000";"2126400";"3297";"286593.1"
"39838858000";"2126400";"3297";"286601.0"
"39839937000";"2126400";"3297";"286609.0"
"39841018000";"2183900";"3297";"286617.3"
"39842097000";"2183900";"3297";"286625.2"
"39843445000";"2183900";"3297";"286633.6"
"39844524000";"2183900";"3297";"286641.5"
"39845603000";"2183900";"3297";"286649.5"
"39846684000";"2183900";"3297";"286657.4"
"39847763000";"2183900";"3297";"286665.8"
"39849106000";"2113100";"3297";"286673.7"
"39850186000";"2113100";"3297";"286682.0"
"39851265000";"2113100";"3297";"286690.0"
"39852345000";"2113100";"3297";"286697.9"
"39853429000";"2113100";"3297";"286705.9"
"39854772000";"2113100";"3297";"286714.2"
"39855851000";"2113100";"3296";"286722.2"
"39856931000";"2184600";"3296";"286730.1"
"39858012000";"2184600";"3297";"286738.1"
"39859092000";"2184600";"3297";"286746.4"
"39860435000";"2184600";"3297";"286756.2"
"39861514000";"2184600";"3297";"286764.2"
"39862593000";"2184600";"3296";"286772.1"
"39863678000";"2262300";"3297";"286780.5"
"39864757000";"2262300";"3297";"286788.4"
"39866099000";"2262300";"3296";"286797.9"
"39867179000";"2262300";"3297";"286805.8"
"39868260000";"2262300";"3297";"286814.2"
"39869340000";"2262300";"3297";"286822.1"
"39870420000";"2229700";"3297";"286830.1"
"39871763000";"2229700";"3297";"286838.4"
"39872844000";"2229700";"3297";"286846.4"
"39873930000";"2229700";"3297";"286854.3"
"39875010000";"2229700";"3297";"286862.3"
"39876089000";"2229700";"3297";"286870.2"
"39877432000";"2159700";"3297";"286880.1"
"39878512000";"2159700";"3297";"286888.0"
"39879592000";"2159700";"3297";"286896.0"
"39880677000";"2159700";"3297";"286904.3"
"39881756000";"2159700";"3298";"286912.2"
"39883104000";"2159700";"3298";"286922.1"
"39884184000";"2243400";"3298";"286930.0"
"39885264000";"2243400";"3298";"286938.0"
"39886344000";"2243400";"3298";"286945.9"
"39887423000";"2243400";"3298";"286954.3"
"39888765000";"2243400";"3298";"286963.7"
"39889845000";"2243400";"3298";"286971.7"
"39890924000";"2230100";"3297";"286979.6"
"39892004000";"2230100";"3297";"286987.6"
"39893090000";"2230100";"3297";"286995.9"
"39894433000";"2230100";"3297";"287005.8"
"39895513000";"2230100";"3297";"287013.7"
"39896592000";"2230100";"3298";"287021.7"
"39897672000";"2244900";"3297";"287029.6"
"39898752000";"2244900";"3297";"287037.6"
"39900094000";"2244900";"3297";"287047.4"
"39901175000";"2244900";"3297";"287055.4"
"39902254000";"2244900";"3297";"287063.7"
"39903340000";"2244900";"3297";"287071.7"
"39904421000";"2244500";"3297";"287079.6"
"39905764000";"2244500";"3297";"287087.9"
"39906843000";"2244500";"3297";"287095.9"
"39907922000";"2244500";"3297";"287103.8"
"39909001000";"2244500";"3297";"287111.8"
"39910081000";"2244500";"3297";"287119.8"
"39911424000";"2162300";"3297";"287129.6"
"39912505000";"2162300";"3297";"287137.6"
"39913590000";"2162300";"3297";"287145.5"
"39914670000";"2162300";"3297";"287153.5"
"39915749000";"2162300";"3297";"287161.4"
"39917093000";"2162300";"3297";"287169.7"
"39918174000";"2162300";"3297";"287178.1"
"39919254000";"2183400";"3297";"287186.0"
"39920334000";"2183400";"3297";"287194.0"
"39921414000";"2183400";"3297";"287201.9"
"39922762000";"2183400";"3297";"287211.8"
"39923847000";"2183400";"3297";"287219.7"
"39924928000";"2183400";"3297";"287228.0"
"39926008000";"2242800";"3297";"287236.0"
"39927088000";"2242800";"3297";"287244.0"
"39928432000";"2242800";"3297";"287253.8"
"39929511000";"2242800";"3297";"287261.7"
"39930592000";"2242800";"3297";"287269.7"
"39931671000";"2242800";"3297";"287277.7"
"39932750000";"2229500";"3297";"287285.6"
"39934098000";"2229500";"3297";"287293.9"
"39935178000";"2229500";"3297";"287301.9"
"39936257000";"2229500";"3297";"287309.8"
"39937338000";"2229500";"3297";"287317.8"
"39938418000";"2229500";"3297";"287326.1"
"39939761000";"2229500";"3297";"287334.4"
"39940841000";"2126700";"3297";"287342.4"
"39941921000";"2126700";"3297";"287350.3"
"39943007000";"2126700";"3297";"287358.7"
"39944087000";"2126700";"3297";"287366.6"
"39945429000";"2126700";"3297";"287376.5"
"39946509000";"2126700";"3297";"287384.4"
"39947589000";"2244700";"3297";"287392.4"
"39948670000";"2244700";"3297";"287400.3"
"39949749000";"2244700";"3297";"287408.3"
"39951092000";"2244700";"3297";"287416.6"
"39952171000";"2244700";"3297";"287424.6"
"39953257000";"2244700";"3297";"287432.5"
"39954337000";"2244700";"3297";"287440.5"
"39955417000";"2183900";"3297";"287448.8"
"39956760000";"2183900";"3297";"287456.7"
"39957840000";"2183900";"3297";"287465.1"
"39958920000";"2183900";"3297";"287473.0"
"39960000000";"2183900";"3297";"287481.0"
"39961080000";"2183900";"3297";"287488.9"
"39962423000";"2183900";"3297";"287497.2"
"39963508000";"2126700";"3297";"287505.6"
"39964592000";"2126700";"3297";"287513.5"
"39965672000";"2126700";"3297";"287521.5"
"39966752000";"2126700";"3297";"287529.4"
"39968094000";"2126700";"3297";"287537.7"
"39969175000";"2126700";"3296";"287545.7"
"39970255000";"2126700";"3296";"287553.7"
"39971335000";"2184100";"3296";"287562.0"
"39972414000";"2184100";"3297";"287569.9"
"39973763000";"2184100";"3297";"287578.3"
"39974844000";"2184100";"3297";"287586.2"
"39975923000";"2184100";"3296";"287594.2"
"39977004000";"2184100";"3296";"287602.1"
"39978083000";"2184100";"3296";"287610.4"
"39979425000";"2126900";"3296";"287618.8"
"39980505000";"2126900";"3297";"287626.7"
"39981584000";"2126900";"3297";"287634.7"
"39982665000";"2126900";"3297";"287642.6"
"39983750000";"2126900";"3297";"287651.0"
"39985093000";"2126900";"3296";"287660.4"
"39986173000";"2227800";"3296";"287668.4"
"39987253000";"2227800";"3296";"287676.7"
"39988332000";"2227800";"3296";"287684.7"
"39989412000";"2227800";"3296";"287692.6"
"39990755000";"2227800";"3297";"287700.9"
"39991834000";"2227800";"3297";"287708.9"
"39992920000";"2227800";"3297";"287716.8"
"39993999000";"2184400";"3297";"287724.8"
"39995079000";"2184400";"3297";"287732.7"
"39996423000";"2184400";"3296";"287742.6"
"39997502000";"2184400";"3296";"287750.5"
"39998582000";"2184400";"3296";"287758.5"
"39999663000";"2184400";"3296";"287766.8"
"40000743000";"2246000";"3297";"287774.8"
"40002086000";"2246000";"3297";"287784.6"
"40003171000";"2246000";"3297";"287792.6"
"40004251000";"2246000";"3296";"287800.5"
"40005331000";"2246000";"3296";"287808.5"
"40006416000";"2246000";"3296";"287816.8"
"40007758000";"2224600";"3296";"287826.3"
"40008838000";"2224600";"3296";"287834.2"
"40009919000";"2224600";"3297";"287842.2"
"40010999000";"2224600";"3297";"287850.5"
"40012080000";"2224600";"3297";"287858.5"
"40013427000";"2224600";"3297";"287867.9"
"40014508000";"2244300";"3297";"287876.3"
"40015587000";"2244300";"3297";"287884.2"
"40016667000";"2244300";"3297";"287892.2"
"40017747000";"2244300";"3297";"287900.1"
"40019089000";"2244300";"3297";"287910.0"
"40020169000";"2244300";"3297";"287917.9"
"40021249000";"2229900";"3297";"287925.9"
"40022329000";"2229900";"3297";"287934.2"
"40023415000";"2229900";"3297";"287942.2"
"40024757000";"2229900";"3297";"287950.5"
"40025838000";"2229900";"3297";"287958.4"
"40026917000";"2229900";"3297";"287966.4"
"40027998000";"2229900";"3297";"287974.3"
"40029077000";"2198500";"3297";"287982.7"
"40030421000";"2198500";"3297";"287992.1"
"40031500000";"2198500";"3297";"288000.1"
"40032580000";"2198500";"3297";"288008.0"
"40033666000";"2198500";"3297";"288016.4"
"40034746000";"2198500";"3297";"288024.3"
"40036088000";"2209600";"3297";"288033.8"
"40037168000";"2209600";"3297";"288042.1"
"40038247000";"2209600";"3297";"288050.1"
"40039326000";"2209600";"3297";"288058.0"
"40040407000";"2209600";"3297";"288066.0"
"40041750000";"2209600";"3297";"288074.3"
"40042830000";"2209600";"3297";"288082.6"
"40043915000";"2198800";"3297";"288090.6"
"40044995000";"2198800";"3297";"288098.5"
"40046074000";"2198800";"3297";"288106.5"
"40047418000";"2198800";"3296";"288114.8"
"40048503000";"2198800";"3296";"288122.8"
"40049583000";"2198800";"3296";"288130.7"
"40050663000";"2198800";"3297";"288139.0"
"40051742000";"2184300";"3297";"288147.0"
"40053090000";"2184300";"3297";"288155.3"
"40054169000";"2184300";"3297";"288163.3"
"40055249000";"2184300";"3297";"288171.2"
"40056329000";"2184300";"3297";"288179.6"
"40057409000";"2184300";"3297";"288187.5"
"40058751000";"2160500";"3297";"288197.0"
"40059831000";"2160500";"3297";"288205.3"
"40060912000";"2160500";"3297";"288213.3"
"40061991000";"2160500";"3297";"288221.2"
"40063077000";"2160500";"3297";"288229.5"
"40064421000";"2160500";"3297";"288237.9"
"40065501000";"2160500";"3297";"288245.8"
"40066581000";"2198100";"3297";"288253.8"
"40067660000";"2198100";"3297";"288261.7"
"40068741000";"2198100";"3297";"288269.7"
"40070083000";"2198100";"3297";"288278.0"
"40071164000";"2198100";"3296";"288285.9"
"40072243000";"2198100";"3296";"288293.9"
"40073329000";"2198100";"3296";"288302.2"
"40074409000";"2183700";"3296";"288310.2"
"40075752000";"2183700";"3297";"288319.6"
"40076832000";"2183700";"3297";"288328.0"
"40077912000";"2183700";"3297";"288335.9"
"40078992000";"2183700";"3297";"288343.9"
"40080072000";"2183700";"3297";"288351.8"
"40081415000";"2178000";"3297";"288360.5"
"40082496000";"2178000";"3297";"288368.5"
"40083581000";"2178000";"3297";"288376.4"
"40084661000";"2178000";"3297";"288384.4"
"40085741000";"2178000";"3297";"288392.7"
"40087084000";"2178000";"3297";"288401.0"
"40088164000";"2178000";"3297";"288409.0"
"40089244000";"2183500";"3297";"288416.9"
"40090329000";"2183500";"3297";"288424.9"
"40091409000";"2183500";"3297";"288432.9"
"40092751000";"2183500";"3297";"288442.7"
"40093836000";"2183500";"3297";"288450.6"
"40094917000";"2183500";"3297";"288458.6"
"40095996000";"2226500";"3297";"288466.6"
"40097077000";"2226500";"3297";"288474.9"
"40098419000";"2226500";"3297";"288483.2"
"40099498000";"2226500";"3297";"288491.2"
"40100577000";"2226500";"3297";"288499.1"
"40101658000";"2226500";"3297";"288507.1"
"40102738000";"2226500";"3298";"288515.4"
"40104086000";"2141100";"3298";"288523.7"
"40105166000";"2141100";"3298";"288531.7"
"40106245000";"2141100";"3298";"288539.6"
"40107326000";"2141100";"3297";"288547.6"
"40108407000";"2141100";"3297";"288555.9"
"40109749000";"2141100";"3297";"288565.4"
"40110829000";"2229300";"3297";"288573.3"
"40111909000";"2229300";"3297";"288581.7"
"40112994000";"2229300";"3297";"288589.6"
"40114074000";"2229300";"3297";"288597.6"
"40115417000";"2229300";"3297";"288605.9"
"40116497000";"2229300";"3297";"288613.8"
"40117577000";"2229300";"3297";"288622.2"
"40118657000";"2198500";"3297";"288630.1"
"40119738000";"2198500";"3297";"288638.1"
"40121081000";"2198500";"3297";"288646.4"
"40122161000";"2198500";"3297";"288654.3"
"40123246000";"2198500";"3297";"288662.7"
"40124327000";"2198500";"3297";"288670.6"
"40125406000";"2198500";"3297";"288678.6"
"40126748000";"2183800";"3297";"288688.4"
"40127828000";"2183800";"3297";"288696.4"
"40128907000";"2183800";"3297";"288704.3"
"40129987000";"2183800";"3297";"288712.3"
"40131067000";"2183800";"3297";"288720.2"
"40132415000";"2183800";"3297";"288728.6"
"40133500000";"2183800";"3297";"288736.9"
"40134579000";"2183000";"3297";"288744.8"
"40135659000";"2183000";"3297";"288752.8"
"40136739000";"2183000";"3297";"288760.7"
"40138081000";"2183000";"3296";"288769.1"
"40139162000";"2183000";"3296";"288777.0"
"40140242000";"2183000";"3296";"288785.4"
"40141322000";"2183000";"3296";"288793.3"
"40142401000";"2185500";"3296";"288801.3"
"40143751000";"2185500";"3296";"288810.0"
"40144832000";"2185500";"3296";"288817.9"
"40145911000";"2185500";"3296";"288825.9"
"40146991000";"2185500";"3296";"288833.8"
"40148071000";"2185500";"3296";"288842.1"
"40149414000";"2185500";"3296";"288850.1"
"40150494000";"2140500";"3296";"288858.4"
"40151575000";"2140500";"3296";"288866.4"
"40152655000";"2140500";"3296";"288874.3"
"40153740000";"2140500";"3296";"288882.3"
"40155083000";"2140500";"3296";"288890.6"
"40156163000";"2140500";"3296";"288898.5"
"40157242000";"2140500";"3296";"288906.5"
"40158323000";"2183700";"3296";"288914.8"
"40159403000";"2183700";"3296";"288922.8"
"40160746000";"2183700";"3296";"288932.6"
"40161826000";"2183700";"3296";"288940.6"
"40162912000";"2183700";"3296";"288948.5"
"40163992000";"2183700";"3296";"288956.9"
"40165072000";"2244300";"3296";"288964.8"
"40166414000";"2244300";"3296";"288973.1"
"40167495000";"2244300";"3297";"288981.1"
"40168574000";"2244300";"3296";"288989.0"
"40169655000";"2244300";"3296";"288997.0"
"40170736000";"2244300";"3296";"289004.9"
"40172078000";"2244300";"3296";"289013.3"
"40173164000";"2112200";"3296";"289021.2"
"40174248000";"2112200";"3296";"289029.6"
"40175328000";"2112200";"3296";"289037.5"
"40176407000";"2112200";"3296";"289045.5"
"40177751000";"2112200";"3296";"289053.8"
"40178830000";"2112200";"3296";"289061.7"
"40179911000";"2112200";"3296";"289069.7"
"40180990000";"2199000";"3296";"289078.0"
"40182070000";"2199000";"3296";"289086.0"
"40183418000";"2199000";"3296";"289095.8"
"40184497000";"2199000";"3296";"289103.8"
"40185577000";"2199000";"3296";"289111.7"
"40186657000";"2199000";"3296";"289119.7"
"40187737000";"2245100";"3296";"289128.0"
"40189080000";"2245100";"3296";"289135.9"
"40190161000";"2245100";"3296";"289144.3"
"40191240000";"2245100";"3296";"289152.2"
"40192320000";"2245100";"3296";"289160.2"
"40193406000";"2245100";"3296";"289168.1"
"40194748000";"2245100";"3296";"289176.5"
"40195827000";"2112600";"3296";"289184.4"
"40196908000";"2112600";"3296";"289192.4"
"40197988000";"2112600";"3296";"289200.7"
"40199068000";"2112600";"3296";"289208.6"
"40200410000";"2112600";"3296";"289217.0"
"40201490000";"2112600";"3296";"289224.9"
"40202570000";"2112600";"3296";"289233.2"
"40203656000";"2198500";"3296";"289241.2"
"40204735000";"2198500";"3296";"289249.2"
"40206078000";"2198500";"3296";"289257.5"
"40207159000";"2198500";"3296";"289265.4"
"40208239000";"2198500";"3296";"289273.4"
"40209319000";"2198500";"3296";"289281.7"
"40210399000";"2198500";"3296";"289289.7"
"40211742000";"2170700";"3296";"289299.1"
"40212823000";"2170700";"3296";"289307.5"
"40213909000";"2170700";"3296";"289315.4"
"40214989000";"2170700";"3296";"289323.4"
"40216073000";"2170700";"3296";"289331.3"
"40217416000";"2170700";"3296";"289339.6"
"40218496000";"2170700";"3296";"289347.6"
"40219577000";"2196700";"3296";"289355.9"
"40220657000";"2196700";"3296";"289363.9"
"40221737000";"2196700";"3296";"289371.8"
"40223085000";"2196700";"3296";"289380.1"
"40224165000";"2196700";"3296";"289388.5"
"40225245000";"2196700";"3296";"289396.4"
"40226324000";"2196700";"3296";"289404.4"
"40227404000";"2184100";"3296";"289412.3"
"40228748000";"2184100";"3296";"289422.2"
"40229827000";"2184100";"3296";"289430.1"
"40230906000";"2184100";"3296";"289438.1"
"40231987000";"2184100";"3296";"289446.0"
"40233072000";"2184100";"3296";"289454.4"
"40234415000";"2176600";"3296";"289462.7"
"40235495000";"2176600";"3296";"289470.6"
"40236574000";"2176600";"3296";"289478.6"
"40237654000";"2176600";"3296";"289486.5"
"40238734000";"2176600";"3296";"289494.5"
"40240076000";"2176600";"3296";"289504.3"
"40241156000";"2247100";"3296";"289512.7"
"40242236000";"2247100";"3296";"289520.6"
"40243321000";"2247100";"3296";"289528.6"
"40244401000";"2247100";"3296";"289536.5"
"40245745000";"2247100";"3296";"289544.9"
"40246825000";"2247100";"3296";"289553.2"
"40247904000";"2247100";"3296";"289561.1"
"40248985000";"2183700";"3296";"289569.1"
"40250065000";"2183700";"3296";"289577.0"
"40251407000";"2183700";"3296";"289585.4"
"40252486000";"2183700";"3296";"289593.3"
"40253571000";"2183700";"3296";"289601.3"
"40254650000";"2183700";"3296";"289609.2"
"40255731000";"2183700";"3296";"289617.6"
"40257075000";"2112600";"3296";"289625.5"
"40258160000";"2112600";"3296";"289633.8"
"40259240000";"2112600";"3296";"289641.8"
"40260320000";"2112600";"3296";"289649.7"
"40261400000";"2112600";"3296";"289658.1"
"40262743000";"2112600";"3296";"289666.4"
"40263829000";"2112600";"3296";"289674.3"
"40264908000";"2197000";"3297";"289682.3"
"40265988000";"2197000";"3296";"289690.2"
"40267068000";"2197000";"3296";"289698.6"
"40268411000";"2197000";"3296";"289706.5"
"40269491000";"2197000";"3296";"289714.8"
"40270572000";"2197000";"3296";"289722.8"
"40271652000";"2197000";"3296";"289730.8"
"40272732000";"2185000";"3296";"289738.7"
"40274081000";"2185000";"3296";"289747.0"
"40275161000";"2185000";"3296";"289755.0"
"40276241000";"2185000";"3296";"289762.9"
"40277321000";"2185000";"3296";"289771.3"
"40278401000";"2185000";"3296";"289779.2"
"40279744000";"2185000";"3297";"289787.5"
"40280825000";"2126400";"3297";"289795.5"
"40281904000";"2126400";"3297";"289803.4"
"40282989000";"2126400";"3297";"289811.8"
"40284068000";"2126400";"3297";"289819.7"
"40285411000";"2126400";"3297";"289828.0"
"40286490000";"2126400";"3297";"289836.4"
"40287569000";"2126400";"3297";"289844.3"
"40288650000";"2199400";"3297";"289852.3"
"40289729000";"2199400";"3297";"289860.2"
"40291073000";"2199400";"3297";"289868.6"
"40292152000";"2199400";"3297";"289876.5"
"40293237000";"2199400";"3297";"289884.5"
"40294318000";"2199400";"3297";"289892.4"
"40295397000";"2199400";"3297";"289900.7"
"40296739000";"2127000";"3297";"289909.1"
"40297820000";"2127000";"3297";"289917.0"
"40298899000";"2127000";"3297";"289925.0"
"40299984000";"2127000";"3297";"289932.9"
"40301063000";"2127000";"3297";"289941.3"
"40302406000";"2127000";"3297";"289950.7"
"40303492000";"2243200";"3297";"289959.1"
"40304572000";"2243200";"3297";"289967.0"
"40305652000";"2243200";"3297";"289975.0"
"40306731000";"2243200";"3297";"289982.9"
"40308073000";"2243200";"3297";"289991.2"
"40309152000";"2243200";"3297";"289999.2"
"40310233000";"2243200";"3298";"290007.5"
"40311313000";"2185900";"3298";"290015.5"
"40312393000";"2185900";"3298";"290023.4"
"40313741000";"2185900";"3298";"290031.7"
"40314821000";"2185900";"3297";"290039.7"
"40315901000";"2185900";"3297";"290048.0"
"40316981000";"2185900";"3297";"290056.0"
"40318061000";"2185900";"3297";"290063.9"
"40319403000";"2126900";"3297";"290072.3"
"40320483000";"2126900";"3297";"290080.2"
"40321562000";"2126900";"3297";"290088.5"
"40322642000";"2126900";"3297";"290096.5"
"40323727000";"2126900";"3297";"290104.4"
"40325070000";"2126900";"3297";"290114.3"
"40326149000";"2245600";"3297";"290122.2"
"40327229000";"2245600";"3297";"290130.2"
"40328309000";"2245600";"3297";"290138.5"
"40329390000";"2245600";"3297";"290146.5"
"40330732000";"2245600";"3297";"290155.9"
"40331813000";"2245600";"3297";"290163.9"
"40332899000";"2244100";"3298";"290172.2"
"40333979000";"2244100";"3298";"290180.2"
"40335058000";"2244100";"3297";"290188.1"
"40336335000";"2244100";"3297";"290196.5"
"40337481000";"2244100";"3297";"290204.4"
"40338560000";"2244100";"3297";"290212.4"
"40339640000";"2244100";"3297";"290220.7"
"40340720000";"2185900";"3297";"290228.6"
"40342067000";"2185900";"3297";"290237.0"
"40343152000";"2185900";"3297";"290244.9"
"40344232000";"2185900";"3297";"290253.2"
"40345312000";"2185900";"3297";"290261.2"
"40346392000";"2185900";"3297";"290269.1"
"40347735000";"2185900";"3297";"290277.5"
"40348814000";"2125800";"3297";"290285.4"
"40349894000";"2125800";"3297";"290293.4"
"40350974000";"2125800";"3297";"290301.3"
"40352054000";"2125800";"3297";"290309.7"
"40353402000";"2125800";"3297";"290317.6"
"40354483000";"2125800";"3297";"290325.9"
"40355562000";"2125800";"3297";"290333.9"
"40356642000";"2183700";"3297";"290341.8"
"40357722000";"2183700";"3297";"290349.8"
"40359065000";"2183700";"3297";"290358.1"
"40360144000";"2183700";"3297";"290366.1"
"40361225000";"2183700";"3297";"290374.4"
"40362304000";"2183700";"3297";"290382.3"
"40363390000";"2183700";"3297";"290390.3"
"40364733000";"2126700";"3297";"290398.6"
"40365813000";"2126700";"3297";"290407.0"
"40366892000";"2126700";"3297";"290414.9"
"40367972000";"2126700";"3297";"290422.9"
"40369052000";"2126700";"3297";"290430.8"
"40370395000";"2126700";"3297";"290439.1"
"40371476000";"2126700";"3297";"290447.1"
"40372556000";"2185300";"3297";"290455.0"
"40373641000";"2185300";"3297";"290463.4"
"40374721000";"2185300";"3297";"290471.3"
"40376064000";"2185300";"3297";"290479.6"
"40377145000";"2185300";"3297";"290487.6"
"40378225000";"2185300";"3297";"290495.5"
"40379304000";"2185300";"3297";"290503.5"
"40380384000";"2198700";"3297";"290511.8"
"40381727000";"2198700";"3297";"290521.7"
"40382806000";"2198700";"3297";"290529.6"
"40383896000";"2198700";"3297";"290537.6"
"40384976000";"2198700";"3297";"290545.5"
"40386056000";"2198700";"3297";"290553.9"
"40387399000";"2175200";"3297";"290562.2"
"40388478000";"2175200";"3297";"290570.1"
"40389558000";"2175200";"3297";"290578.1"
"40390638000";"2175200";"3297";"290586.0"
"40391717000";"2175200";"3297";"290594.0"
"40393066000";"2175200";"3297";"290602.3"
"40394146000";"2175200";"3297";"290610.3"
"40395227000";"2169000";"3297";"290618.2"
"40396307000";"2169000";"3297";"290626.6"
"40397386000";"2169000";"3297";"290634.5"
"40398729000";"2169000";"3297";"290644.3"
"40399808000";"2169000";"3297";"290652.3"
"40400887000";"2169000";"3297";"290660.3"
"40401967000";"2247500";"3297";"290668.2"
"40403052000";"2247500";"3297";"290676.5"
"40404395000";"2247500";"3297";"290684.9"
"40405475000";"2247500";"3297";"290692.8"
"40406555000";"2247500";"3297";"290700.8"
"40407635000";"2247500";"3297";"290708.7"
"40408715000";"2247500";"3297";"290717.0"
"40410058000";"2126700";"3297";"290725.0"
"40411139000";"2126700";"3297";"290733.3"
"40412219000";"2126700";"3297";"290741.3"
"40413305000";"2126700";"3297";"290749.2"
"40414385000";"2126700";"3297";"290757.2"
"40415728000";"2126700";"3297";"290765.5"
"40416808000";"2126700";"3297";"290773.5"
"40417889000";"2183000";"3297";"290781.4"
"40418969000";"2183000";"3297";"290789.7"
"40420049000";"2183000";"3297";"290797.7"
"40421392000";"2183000";"3297";"290806.0"
"40422471000";"2183000";"3296";"290814.0"
"40423556000";"2183000";"3296";"290822.3"
"40424636000";"2183000";"3296";"290830.2"
"40425721000";"2197400";"3296";"290838.2"
"40427065000";"2197400";"3296";"290846.5"
"40428144000";"2197400";"3296";"290854.5"
"40429224000";"2197400";"3296";"290862.4"
"40430304000";"2197400";"3296";"290870.4"
"40431384000";"2197400";"3296";"290878.7"
"40432727000";"2161700";"3296";"290888.2"
"40433811000";"2161700";"3296";"290896.1"
"40434892000";"2161700";"3297";"290904.5"
"40435972000";"2161700";"3297";"290912.4"
"40437052000";"2161700";"3297";"290920.4"
"40438395000";"2161700";"3297";"290928.7"
"40439475000";"2161700";"3297";"290936.6"
"40440554000";"2198700";"3297";"290945.0"
"40441634000";"2198700";"3297";"290952.9"
"40442714000";"2198700";"3297";"290960.9"
"40444062000";"2198700";"3296";"290969.2"
"40445142000";"2198700";"3296";"290977.1"
"40446222000";"2198700";"3296";"290985.5"
"40447302000";"2198700";"3296";"290993.4"
"40448382000";"2183900";"3296";"291001.4"
"40449725000";"2183900";"3296";"291009.7"
"40450805000";"2183900";"3296";"291017.7"
"40451885000";"2183900";"3296";"291025.6"
"40452971000";"2183900";"3296";"291033.9"
"40454050000";"2183900";"3296";"291041.9"
"40455392000";"2183900";"3296";"291050.2"
"40456472000";"2127000";"3296";"291058.2"
"40457552000";"2127000";"3296";"291066.1"
"40458632000";"2127000";"3296";"291074.5"
"40459712000";"2127000";"3296";"291082.4"
"40461054000";"2127000";"3296";"291090.7"
"40462134000";"2127000";"3296";"291098.7"
"40463220000";"2127000";"3296";"291106.6"
"40464300000";"2198500";"3296";"291115.0"
"40465380000";"2198500";"3296";"291122.9"
"40466722000";"2198500";"3296";"291132.8"
"40467806000";"2198500";"3296";"291140.7"
"40468885000";"2198500";"3296";"291148.7"
"40469965000";"2198500";"3296";"291156.6"
"40471045000";"2228600";"3296";"291164.6"
"40472388000";"2228600";"3296";"291174.4"
"40473473000";"2228600";"3296";"291182.4"
"40474553000";"2228600";"3296";"291190.3"
"40475634000";"2228600";"3296";"291198.6"
"40476714000";"2228600";"3296";"291206.6"
"40478057000";"2225600";"3296";"291216.1"
"40479137000";"2225600";"3296";"291224.4"
"40480218000";"2225600";"3296";"291232.4"
"40481297000";"2225600";"3296";"291240.3"
"40482378000";"2225600";"3296";"291248.6"
"40483726000";"2225600";"3297";"291258.5"
"40484806000";"2261600";"3297";"291266.4"
"40485886000";"2261600";"3297";"291274.4"
"40486965000";"2261600";"3297";"291282.3"
"40488045000";"2261600";"3297";"291290.7"
"40489388000";"2261600";"3297";"291298.6"
"40490469000";"2261600";"3297";"291306.9"
"40491548000";"2261600";"3296";"291314.9"
"40492628000";"2185500";"3296";"291322.8"
"40493713000";"2185500";"3296";"291330.8"
"40495056000";"2185500";"3296";"291339.1"
"40496136000";"2185500";"3296";"291347.1"
"40497216000";"2185500";"3296";"291355.0"
"40498296000";"2185500";"3296";"291363.4"
"40499376000";"2185500";"3296";"291371.3"
"40500719000";"2183800";"3296";"291381.2"
"40501799000";"2183800";"3296";"291389.1"
"40502885000";"2183800";"3296";"291397.1"
"40503965000";"2183800";"3296";"291405.4"
"40505045000";"2183800";"3297";"291413.3"
"40506388000";"2183800";"3297";"291421.7"
"40507467000";"2183800";"3297";"291429.6"
"40508547000";"2183900";"3297";"291437.6"
"40509632000";"2183900";"3297";"291445.5"
"40510712000";"2183900";"3297";"291453.5"
"40512055000";"2183900";"3297";"291461.8"
"40513140000";"2183900";"3297";"291470.1"
"40514220000";"2183900";"3297";"291478.1"
"40515301000";"2183900";"3297";"291486.0"
"40516381000";"2182100";"3297";"291494.0"
"40517724000";"2182100";"3297";"291502.3"
"40518804000";"2182100";"3297";"291510.3"
"40519885000";"2182100";"3297";"291518.6"
"40520964000";"2182100";"3297";"291526.5"
"40522044000";"2182100";"3297";"291534.5"
"40523393000";"2182100";"3296";"291542.8"
"40524473000";"2140800";"3297";"291551.1"
"40525552000";"2140800";"3297";"291559.1"
"40526632000";"2140800";"3297";"291567.1"
"40527712000";"2140800";"3297";"291575.0"
"40529055000";"2140800";"3297";"291584.8"
"40530134000";"2140800";"3297";"291592.8"
"40531214000";"2229700";"3297";"291600.8"
"40532293000";"2229700";"3297";"291608.7"
"40533379000";"2229700";"3296";"291616.7"
"40534721000";"2229700";"3296";"291625.0"
"40535802000";"2229700";"3296";"291633.3"
"40536881000";"2229700";"3296";"291641.3"
"40537960000";"2229700";"3296";"291649.2"
"40539040000";"2184600";"3296";"291657.2"
"40540382000";"2184600";"3296";"291665.5"
"40541462000";"2184600";"3296";"291673.8"
"40542542000";"2184600";"3296";"291681.8"
"40543627000";"2184600";"3296";"291689.7"
"40544707000";"2184600";"3296";"291697.7"
"40546049000";"2184600";"3296";"291706.0"
"40547130000";"2141100";"3296";"291714.3"
"40548209000";"2141100";"3296";"291722.3"
"40549289000";"2141100";"3296";"291730.2"
"40550368000";"2141100";"3296";"291738.2"
"40551715000";"2141100";"3296";"291746.5"
"40552795000";"2141100";"3296";"291754.5"
"40553881000";"2141100";"3296";"291762.4"
"40554961000";"2168300";"3296";"291770.4"
"40556041000";"2168300";"3296";"291778.7"
"40557383000";"2168300";"3296";"291787.0"
"40558463000";"2168300";"3296";"291795.0"
"40559543000";"2168300";"3296";"291802.9"
"40560622000";"2168300";"3296";"291810.9"
"40561703000";"2168300";"3296";"291819.2"
"40563051000";"2141100";"3296";"291827.5"
"40564131000";"2141100";"3296";"291835.5"
"40565211000";"2141100";"3296";"291843.4"
"40566291000";"2141100";"3296";"291851.8"
"40567372000";"2141100";"3296";"291859.7"
"40568714000";"2141100";"3297";"291868.0"
"40569795000";"2141100";"3297";"291876.0"
"40570875000";"2185000";"3297";"291883.9"
"40571955000";"2185000";"3296";"291891.9"
"40573040000";"2185000";"3296";"291899.8"
"40574383000";"2185000";"3296";"291908.2"
"40575463000";"2185000";"3296";"291916.1"
"40576544000";"2185000";"3296";"291924.5"
"40577624000";"2185000";"3296";"291932.4"
"40578704000";"2183700";"3297";"291940.4"
"40580045000";"2183700";"3297";"291948.7"
"40581125000";"2183700";"3296";"291956.6"
"40582205000";"2183700";"3297";"291965.0"
"40583291000";"2183700";"3297";"291972.9"
"40584371000";"2183700";"3297";"291980.9"
"40585713000";"2176800";"3296";"291990.7"
"40586793000";"2176800";"3296";"291998.7"
"40587873000";"2176800";"3296";"292006.6"
"40588953000";"2176800";"3296";"292014.6"
"40590033000";"2176800";"3297";"292022.9"
"40591377000";"2176800";"3297";"292031.2"
"40592457000";"2176800";"3297";"292039.2"
"40593548000";"2182100";"3297";"292047.1"
"40594628000";"2182100";"3297";"292055.1"
"40595707000";"2182100";"3297";"292063.0"
"40597050000";"2182100";"3297";"292072.9"
"40598129000";"2182100";"3297";"292080.8"
"40599209000";"2182100";"3297";"292088.8"
"40600289000";"2246800";"3297";"292097.1"
"40601370000";"2246800";"3297";"292105.1"
"40602713000";"2246800";"3297";"292113.4"
"40603797000";"2246800";"3297";"292121.3"
"40604878000";"2246800";"3297";"292129.7"
"40605957000";"2246800";"3297";"292137.6"
"40607037000";"2246800";"3297";"292145.6"
"40608380000";"2126700";"3297";"292153.9"
"40609460000";"2126700";"3297";"292161.9"
"40610540000";"2126700";"3297";"292169.8"
"40611620000";"2126700";"3297";"292177.8"
"40612701000";"2126700";"3297";"292185.7"
"40614049000";"2126700";"3297";"292194.0"
"40615130000";"2126700";"3297";"292202.4"
"40616210000";"2183400";"3297";"292210.3"
"40617289000";"2183400";"3297";"292218.3"
"40618369000";"2183400";"3297";"292226.2"
"40619712000";"2183400";"3297";"292234.5"
"40620793000";"2183400";"3297";"292242.5"
"40621873000";"2183400";"3297";"292250.8"
"40622959000";"2183400";"3297";"292258.8"
"40624039000";"2198500";"3297";"292267.1"
"40625381000";"2198500";"3297";"292275.4"
"40626461000";"2198500";"3297";"292283.4"
"40627541000";"2198500";"3297";"292291.3"
"40628621000";"2198500";"3297";"292299.3"
"40629701000";"2198500";"3297";"292307.2"
"40631043000";"2198500";"3297";"292315.6"
"40632123000";"2114100";"3297";"292323.5"
"40633208000";"2114100";"3297";"292331.8"
"40634288000";"2114100";"3297";"292339.8"
"40635372000";"2114100";"3297";"292347.7"
"40636715000";"2114100";"3297";"292356.1"
"40637794000";"2114100";"3297";"292364.0"
"40638875000";"2114100";"3296";"292372.0"
"40639955000";"2197600";"3297";"292380.3"
"40641035000";"2197600";"3297";"292388.3"
"40642378000";"2197600";"3297";"292396.6"
"40643464000";"2197600";"3297";"292404.5"
"40644544000";"2197600";"3297";"292412.9"
"40645623000";"2197600";"3297";"292420.8"
"40646704000";"2197600";"3297";"292428.8"
"40648046000";"2126700";"3297";"292437.1"
"40649126000";"2126700";"3296";"292445.0"
"40650205000";"2126700";"3296";"292453.0"
"40651285000";"2126700";"3296";"292460.9"
"40652365000";"2126700";"3296";"292468.9"
"40653713000";"2126700";"3296";"292477.2"
"40654793000";"2126700";"3296";"292485.5"
"40655873000";"2183900";"3297";"292493.5"
"40656954000";"2183900";"3296";"292501.5"
"40658033000";"2183900";"3296";"292509.4"
"40659376000";"2183900";"3296";"292517.7"
"40660456000";"2183900";"3296";"292525.7"
"40661536000";"2183900";"3296";"292534.0"
"40662615000";"2183900";"3296";"292542.0"
"40663700000";"2199000";"3296";"292550.3"
"40665043000";"2199000";"3296";"292558.6"
"40666123000";"2199000";"3296";"292566.6"
"40667203000";"2199000";"3296";"292574.5"
"40668282000";"2199000";"3296";"292582.5"
"40669363000";"2199000";"3296";"292590.4"
"40670707000";"2199000";"3296";"292598.7"
"40671786000";"2113800";"3296";"292606.7"
"40672871000";"2113800";"3296";"292614.7"
"40673950000";"2113800";"3296";"292622.6"
"40675031000";"2113800";"3296";"292630.9"
"40676373000";"2113800";"3296";"292640.4"
"40677457000";"2113800";"3296";"292648.4"
"40678537000";"2243600";"3296";"292656.7"
"40679617000";"2243600";"3296";"292664.6"
"40680698000";"2243600";"3296";"292672.6"
"40682040000";"2243600";"3296";"292680.9"
"40683126000";"2243600";"3296";"292688.9"
"40684206000";"2243600";"3296";"292697.2"
"40685285000";"2243600";"3296";"292705.1"
"40686366000";"2183700";"3296";"292713.1"
"40687709000";"2183700";"3296";"292722.9"
"40688789000";"2183700";"3296";"292730.9"
"40689870000";"2183700";"3296";"292738.8"
"40690949000";"2183700";"3296";"292746.8"
"40692029000";"2183700";"3296";"292754.8"
"40693377000";"2159700";"3296";"292763.1"
"40694458000";"2159700";"3296";"292771.0"
"40695538000";"2159700";"3296";"292779.0"
"40696618000";"2159700";"3296";"292787.3"
"40697697000";"2159700";"3296";"292795.3"
"40699041000";"2159700";"3296";"292803.6"
"40700121000";"2159700";"3296";"292811.5"
"40701200000";"2185300";"3296";"292819.5"
"40702279000";"2185300";"3296";"292827.8"
"40703365000";"2185300";"3296";"292835.8"
"40704708000";"2185300";"3296";"292844.1"
"40705788000";"2185300";"3296";"292852.0"
"40706867000";"2185300";"3296";"292860.0"
"40707948000";"2185300";"3296";"292868.0"
"40709028000";"2198700";"3296";"292876.3"
"40710371000";"2198700";"3296";"292885.7"
"40711450000";"2198700";"3296";"292893.7"
"40712530000";"2198700";"3296";"292902.0"
"40713616000";"2198700";"3296";"292910.0"
"40714697000";"2198700";"3296";"292917.9"
"40716039000";"2159900";"3297";"292926.3"
"40717118000";"2159900";"3297";"292934.2"
"40718199000";"2159900";"3297";"292942.2"
"40719283000";"2159900";"3296";"292950.1"
"40720364000";"2159900";"3297";"292958.1"
"40721708000";"2159900";"3297";"292966.8"
"40722787000";"2159900";"3297";"292974.7"
"40723873000";"2182100";"3297";"292982.7"
"40724953000";"2182100";"3297";"292990.6"
"40726033000";"2182100";"3297";"292999.0"
"40727375000";"2182100";"3297";"293006.9"
"40728455000";"2182100";"3297";"293015.2"
"40729535000";"2182100";"3297";"293023.2"
"40730615000";"2182100";"3297";"293031.1"
"40731694000";"2186100";"3297";"293039.1"
"40733042000";"2186100";"3297";"293047.4"
"40734121000";"2186100";"3297";"293055.4"
"40735201000";"2186100";"3297";"293063.3"
"40736281000";"2186100";"3297";"293071.3"
"40737361000";"2186100";"3297";"293079.2"
"40738704000";"2186100";"3297";"293087.5"
"40739785000";"2126700";"3297";"293095.9"
"40740865000";"2126700";"3297";"293103.8"
"40741945000";"2126700";"3297";"293111.8"
"40743030000";"2126700";"3297";"293120.1"
"40744373000";"2126700";"3297";"293128.4"
"40745454000";"2126700";"3297";"293136.4"
"40746534000";"2126700";"3297";"293144.3"
"40747614000";"2183500";"3297";"293152.3"
"40748694000";"2183500";"3297";"293160.2"
"40750037000";"2183500";"3297";"293168.6"
"40751117000";"2183500";"3297";"293176.5"
"40752197000";"2183500";"3298";"293184.5"
"40753283000";"2183500";"3297";"293192.8"
"40754363000";"2183500";"3297";"293200.7"
"40755706000";"2126200";"3297";"293209.1"
"40756787000";"2126200";"3297";"293217.0"
"40757867000";"2126200";"3297";"293225.0"
"40758946000";"2126200";"3297";"293232.9"
"40760027000";"2126200";"3297";"293240.9"
"40761375000";"2126200";"3298";"293249.6"
"40762455000";"2126200";"3298";"293257.5"
"40763540000";"2182300";"3298";"293265.5"
"40764620000";"2182300";"3298";"293273.4"
"40765700000";"2182300";"3298";"293281.8"
"40767043000";"2182300";"3298";"293290.1"
"40768122000";"2182300";"3298";"293298.0"
"40769203000";"2182300";"3298";"293306.0"
"40770282000";"2182300";"3298";"293313.9"
"40771361000";"2185700";"3298";"293321.9"
"40772704000";"2185700";"3298";"293330.2"
"40773789000";"2185700";"3298";"293338.2"
"40774869000";"2185700";"3298";"293346.1"
"40775949000";"2185700";"3298";"293354.1"
"40777029000";"2185700";"3298";"293362.0"
"40778372000";"2185700";"3297";"293370.3"
"40779453000";"2126500";"3297";"293378.7"
"40780533000";"2126500";"3298";"293386.6"
"40781614000";"2126500";"3298";"293394.6"
"40782693000";"2126500";"3298";"293402.5"
"40784041000";"2126500";"3298";"293411.2"
"40785121000";"2126500";"3298";"293419.2"
"40786201000";"2126500";"3298";"293427.1"
"40787281000";"2183900";"3298";"293435.1"
"40788360000";"2183900";"3298";"293443.0"
"40789703000";"2183900";"3298";"293451.4"
"40790783000";"2183900";"3298";"293459.3"
"40791864000";"2183900";"3298";"293467.3"
"40792950000";"2183900";"3298";"293475.6"
"40794029000";"2183900";"3298";"293483.6"
"40795372000";"2126700";"3298";"293491.9"
"40796452000";"2126700";"3298";"293499.8"
"40797532000";"2126700";"3298";"293507.8"
"40798611000";"2126700";"3298";"293515.7"
"40799691000";"2126700";"3298";"293523.7"
"40801035000";"2126700";"3298";"293532.4"
"40802115000";"2126700";"3298";"293540.3"
"40803206000";"2182100";"3298";"293548.3"
"40804286000";"2182100";"3298";"293556.2"
"40805365000";"2182100";"3298";"293564.6"
"40806707000";"2182100";"3298";"293572.9"
"40807788000";"2182100";"3298";"293580.8"
"40808867000";"2182100";"3298";"293588.8"
"40809946000";"2182100";"3298";"293596.8"
"40811025000";"2186200";"3298";"293604.7"
"40812369000";"2186200";"3298";"293613.0"
"40813454000";"2186200";"3298";"293621.0"
"40814534000";"2186200";"3297";"293628.9"
"40815615000";"2186200";"3298";"293637.3"
"40816694000";"2186200";"3298";"293645.2"
"40818037000";"2186200";"3298";"293653.5"
"40819117000";"2126500";"3297";"293661.5"
"40820197000";"2126500";"3298";"293669.4"
"40821277000";"2126500";"3297";"293677.4"
"40822357000";"2126500";"3297";"293685.7"
"40823706000";"2126500";"3297";"293694.0"
"40824787000";"2126500";"3297";"293702.0"
"40825866000";"2126500";"3297";"293709.9"
"40826945000";"2198500";"3297";"293718.3"
"40828026000";"2198500";"3297";"293726.2"
"40829368000";"2198500";"3297";"293735.7"
"40830448000";"2198500";"3297";"293743.7"
"40831529000";"2198500";"3297";"293752.0"
"40832608000";"2198500";"3297";"293759.9"
"40833694000";"2227600";"3297";"293767.9"
"40835038000";"2227600";"3297";"293776.2"
"40836117000";"2227600";"3297";"293784.2"
"40837197000";"2227600";"3297";"293792.1"
"40838277000";"2227600";"3297";"293800.1"
"40839358000";"2227600";"3297";"293808.0"
"40840701000";"2227600";"3297";"293816.3"
"40841781000";"2127500";"3297";"293824.7"
"40842867000";"2127500";"3297";"293832.6"
"40843946000";"2127500";"3297";"293840.6"
"40845032000";"2127500";"3297";"293848.9"
"40846375000";"2127500";"3297";"293857.2"
"40847454000";"2127500";"3298";"293865.2"
"40848534000";"2127500";"3297";"293873.1"
"40849614000";"2182600";"3297";"293881.1"
"40850693000";"2182600";"3297";"293889.0"
"40852036000";"2182600";"3297";"293897.4"
"40853121000";"2182600";"3297";"293905.3"
"40854201000";"2182600";"3297";"293913.3"
"40855281000";"2182600";"3297";"293921.6"
"40856361000";"2182600";"3297";"293929.5"
"40857705000";"2126700";"3297";"293937.9"
"40858785000";"2126700";"3297";"293945.8"
"40859865000";"2126700";"3297";"293953.8"
"40860944000";"2126700";"3297";"293961.7"
"40862025000";"2126700";"3297";"293970.1"
"40863372000";"2126700";"3297";"293978.4"
"40864453000";"2126700";"3297";"293986.3"
"40865532000";"2184100";"3297";"293994.3"
"40866611000";"2184100";"3297";"294002.2"
"40867691000";"2184100";"3297";"294010.6"
"40869034000";"2184100";"3297";"294018.9"
"40870113000";"2184100";"3297";"294026.8"
"40871194000";"2184100";"3297";"294034.8"
"40872273000";"2184100";"3297";"294042.7"
"40873360000";"2183900";"3297";"294050.7"
"40874702000";"2183900";"3297";"294059.0"
"40875783000";"2183900";"3297";"294067.0"
"40876862000";"2183900";"3297";"294074.9"
"40877942000";"2183900";"3297";"294082.9"
"40879023000";"2183900";"3297";"294090.8"
"40880366000";"2161300";"3297";"294100.7"
"40881447000";"2161300";"3297";"294108.6"
"40882528000";"2161300";"3297";"294117.0"
"40883612000";"2161300";"3297";"294124.9"
"40884692000";"2161300";"3297";"294132.9"
"40886034000";"2161300";"3297";"294141.2"
"40887120000";"2161300";"3297";"294149.1"
"40888200000";"2182300";"3297";"294157.1"
"40889281000";"2182300";"3297";"294165.4"
"40890361000";"2182300";"3297";"294173.4"
"40891705000";"2182300";"3297";"294181.3"
"40892784000";"2182300";"3297";"294189.3"
"40893870000";"2182300";"3297";"294197.6"
"40894951000";"2182300";"3297";"294205.5"
"40896030000";"2183400";"3297";"294213.5"
"40897371000";"2183400";"3297";"294221.8"
"40898451000";"2183400";"3297";"294229.8"
"40899532000";"2183400";"3297";"294237.7"
"40900611000";"2183400";"3297";"294245.7"
"40901692000";"2183400";"3297";"294254.0"
"40903040000";"2183400";"3297";"294262.3"
"40904120000";"2126900";"3297";"294270.3"
"40905199000";"2126900";"3297";"294278.2"
"40906279000";"2126900";"3297";"294286.2"
"40907360000";"2126900";"3297";"294294.5"
"40908703000";"2126900";"3297";"294304.0"
"40909783000";"2126900";"3297";"294311.9"
"40910863000";"2246400";"3297";"294320.3"
"40911943000";"2246400";"3297";"294328.2"
"40913027000";"2246400";"3297";"294336.2"
"40914370000";"2246400";"3297";"294344.5"
"40915450000";"2246400";"3297";"294352.4"
"40916531000";"2246400";"3297";"294360.4"
"40917610000";"2246400";"3297";"294368.4"
"40918690000";"2169300";"3297";"294376.3"
"40920033000";"2169300";"3297";"294384.6"
"40921113000";"2169300";"3297";"294392.6"
"40922193000";"2169300";"3297";"294400.9"
"40923278000";"2169300";"3297";"294408.9"
"40924359000";"2169300";"3297";"294416.8"
"40925702000";"2169300";"3297";"294425.1"
"40926781000";"2126700";"3297";"294433.1"
"40927861000";"2126700";"3297";"294441.0"
"40928946000";"2126700";"3297";"294449.4"
"40930026000";"2126700";"3297";"294457.3"
"40931369000";"2126700";"3297";"294465.3"
"40932449000";"2126700";"3297";"294473.6"
"40933535000";"2126700";"3297";"294481.5"
"40934615000";"2182100";"3297";"294489.5"
"40935696000";"2182100";"3297";"294497.5"
"40937038000";"2182100";"3297";"294505.8"
"40938117000";"2182100";"3297";"294513.7"
"40939198000";"2182100";"3297";"294521.7"
"40940278000";"2182100";"3297";"294529.6"
"40941358000";"2182100";"3298";"294538.0"
"40942700000";"2128200";"3298";"294546.3"
"40943785000";"2128200";"3298";"294554.2"
"40944865000";"2128200";"3298";"294562.2"
"40945945000";"2128200";"3298";"294570.5"
"40947024000";"2128200";"3298";"294578.5"
"40948368000";"2128200";"3298";"294586.8"
"40949447000";"2128200";"3297";"294594.7"
"40950527000";"2184300";"3297";"294602.7"
"40951607000";"2184300";"3297";"294610.6"
"40952686000";"2184300";"3297";"294618.6"
"40954033000";"2184300";"3297";"294626.9"
"40955114000";"2184300";"3297";"294634.9"
"40956193000";"2184300";"3297";"294642.8"
"40957273000";"2184300";"3297";"294650.8"
"40958353000";"2169500";"3297";"294658.7"
"40959696000";"2169500";"3297";"294667.0"
"40960776000";"2169500";"3297";"294675.4"
"40961856000";"2169500";"3297";"294683.3"
"40962942000";"2169500";"3297";"294691.3"
"40964023000";"2169500";"3297";"294699.6"
"40965365000";"2169500";"3297";"294707.9"
"40966446000";"2140600";"3297";"294715.9"
"40967526000";"2140600";"3297";"294723.8"
"40968606000";"2140600";"3297";"294731.8"
"40969686000";"2140600";"3297";"294739.7"
"40971034000";"2140600";"3297";"294748.1"
"40972113000";"2140600";"3297";"294756.0"
"40973200000";"2140600";"3297";"294764.0"
"40974280000";"2167400";"3297";"294771.9"
"40975360000";"2167400";"3297";"294779.9"
"40976704000";"2167400";"3297";"294788.2"
"40977784000";"2167400";"3297";"294796.5"
"40978864000";"2167400";"3297";"294804.5"
"40979944000";"2167400";"3297";"294812.4"
"40981024000";"2167400";"3297";"294820.4"
"40982366000";"2127900";"3297";"294828.7"
"40983452000";"2127900";"3297";"294837.0"
"40984532000";"2127900";"3297";"294845.0"
"40985611000";"2127900";"3297";"294852.9"
"40986692000";"2127900";"3297";"294860.9"
"40988034000";"2127900";"3297";"294869.2"
"40989114000";"2127900";"3297";"294877.2"
"40990193000";"2184100";"3296";"294885.1"
"40991274000";"2184100";"3296";"294893.1"
"40992354000";"2184100";"3296";"294901.4"
"40993703000";"2184100";"3296";"294909.3"
"40994783000";"2184100";"3296";"294917.7"
"40995863000";"2184100";"3296";"294925.6"
"40996942000";"2184100";"3296";"294933.6"
"40998023000";"2183500";"3296";"294941.5"
"40999365000";"2183500";"3296";"294949.9"
"41000446000";"2183500";"3296";"294957.8"
"41001526000";"2183500";"3296";"294965.8"
"41002606000";"2183500";"3296";"294974.1"
"41003691000";"2183500";"3296";"294982.0"
"41005034000";"2183500";"3296";"294990.4"
"41006113000";"2126900";"3296";"294998.3"
"41007193000";"2126900";"3296";"295006.3"
"41008272000";"2126900";"3296";"295014.6"
"41009353000";"2126900";"3296";"295022.6"
"41010695000";"2126900";"3296";"295032.0"
"41011776000";"2126900";"3296";"295040.0"
"41012866000";"2243000";"3296";"295048.3"
"41013946000";"2243000";"3296";"295056.3"
"41015026000";"2243000";"3296";"295064.2"
"41016369000";"2243000";"3296";"295072.5"
"41017450000";"2243000";"3296";"295080.5"
"41018529000";"2243000";"3296";"295088.4"
"41019609000";"2243000";"3296";"295096.4"
"41020689000";"2185300";"3296";"295104.7"
"41022032000";"2185300";"3296";"295113.0"
"41023117000";"2185300";"3296";"295121.0"
"41024197000";"2185300";"3296";"295128.9"
"41025276000";"2185300";"3296";"295136.9"
"41026357000";"2185300";"3296";"295145.2"
"41027699000";"2185300";"3296";"295153.6"
"41028779000";"2126900";"3296";"295161.5"
"41029859000";"2126900";"3296";"295169.5"
"41030939000";"2126900";"3296";"295177.4"
"41032019000";"2126900";"3296";"295185.4"
"41033367000";"2126900";"3296";"295193.7"
"41034448000";"2126900";"3296";"295201.6"
"41035527000";"2126900";"3296";"295209.6"
"41036608000";"2183700";"3296";"295217.9"
"41037688000";"2183700";"3296";"295225.9"
"41039030000";"2183700";"3296";"295234.2"
"41040110000";"2183700";"3296";"295242.1"
"41041190000";"2183700";"3296";"295250.1"
"41042270000";"2183700";"3296";"295258.0"
"41043356000";"2183700";"3296";"295266.4"
"41044698000";"2126700";"3296";"295274.7"
"41045779000";"2126700";"3296";"295282.7"
"41046858000";"2126700";"3296";"295290.6"
"41047938000";"2126700";"3296";"295298.9"
"41049018000";"2126700";"3296";"295306.9"
"41050362000";"2126700";"3296";"295316.4"
"41051441000";"2229500";"3296";"295324.3"
"41052521000";"2229500";"3296";"295332.6"
"41053607000";"2229500";"3296";"295340.6"
"41054691000";"2229500";"3296";"295348.5"
"41056033000";"2229500";"3296";"295356.9"
"41057113000";"2229500";"3296";"295364.8"
"41058193000";"2229500";"3296";"295372.8"
"41059273000";"2182600";"3296";"295380.7"
"41060353000";"2182600";"3296";"295389.1"
"41061697000";"2182600";"3296";"295397.4"
"41062777000";"2182600";"3296";"295405.3"
"41063862000";"2182600";"3296";"295413.3"
"41064942000";"2182600";"3296";"295421.6"
"41066022000";"2182600";"3296";"295429.6"
"41067365000";"2140800";"3297";"295437.9"
"41068444000";"2140800";"3297";"295445.8"
"41069524000";"2140800";"3297";"295453.8"
"41070603000";"2140800";"3296";"295461.7"
"41071683000";"2140800";"3296";"295469.7"
"41073031000";"2140800";"3296";"295478.0"
"41074112000";"2140800";"3296";"295486.3"
"41075191000";"2184300";"3296";"295494.3"
"41076270000";"2184300";"3296";"295502.3"
"41077351000";"2184300";"3296";"295510.2"
"41078693000";"2184300";"3296";"295518.5"
"41079773000";"2184300";"3296";"295526.5"
"41080853000";"2184300";"3296";"295534.4"
"41081932000";"2184300";"3297";"295542.4"
"41083018000";"2184100";"3297";"295550.7"
"41084361000";"2184100";"3297";"295559.0"
"41085441000";"2184100";"3296";"295567.0"
"41086521000";"2184100";"3296";"295574.9"
"41087601000";"2184100";"3297";"295582.9"
"41088682000";"2184100";"3297";"295591.2"
"41090024000";"2184100";"3297";"295599.5"
"41091104000";"2128100";"3297";"295607.5"
"41092185000";"2128100";"3297";"295615.4"
"41093269000";"2128100";"3297";"295623.4"
"41094348000";"2128100";"3297";"295631.4"
"41095692000";"2128100";"3297";"295639.7"
"41096777000";"2128100";"3297";"295647.6"
"41097857000";"2128100";"3297";"295655.6"
"41098937000";"2167700";"3297";"295663.5"
"41100017000";"2167700";"3297";"295671.9"
"41101361000";"2167700";"3297";"295681.3"
"41102441000";"2167700";"3297";"295689.7"
"41103527000";"2167700";"3297";"295697.6"
"41104606000";"2167700";"3297";"295705.6"
"41105685000";"2244700";"3297";"295713.5"
"41107029000";"2244700";"3297";"295721.8"
"41108108000";"2244700";"3297";"295729.8"
"41109189000";"2244700";"3297";"295738.1"
"41110269000";"2244700";"3297";"295746.1"
"41111349000";"2244700";"3297";"295754.0"
"41112691000";"2161700";"3297";"295763.5"
"41113776000";"2161700";"3297";"295771.8"
"41114857000";"2161700";"3297";"295779.8"
"41115936000";"2161700";"3297";"295787.7"
"41117016000";"2161700";"3297";"295795.7"
"41118359000";"2161700";"3297";"295804.0"
"41119439000";"2161700";"3297";"295812.0"
"41120519000";"2183700";"3297";"295819.9"
"41121600000";"2183700";"3297";"295827.9"
"41122679000";"2183700";"3297";"295835.8"
"41124026000";"2183700";"3297";"295844.1"
"41125107000";"2183700";"3297";"295852.5"
"41126187000";"2183700";"3297";"295860.4"
"41127266000";"2183700";"3297";"295868.4"
"41128346000";"2184300";"3298";"295876.3"
"41129689000";"2184300";"3298";"295884.6"
"41130769000";"2184300";"3298";"295892.6"
"41131850000";"2184300";"3298";"295900.9"
"41132935000";"2184300";"3298";"295908.9"
"41134015000";"2184300";"3298";"295916.8"
"41135358000";"2176200";"3297";"295926.7"
"41136437000";"2176200";"3297";"295934.6"
"41137517000";"2176200";"3297";"295942.6"
"41138602000";"2176200";"3297";"295950.5"
"41139683000";"2176200";"3298";"295958.5"
"41141026000";"2176200";"3298";"295966.8"
"41142107000";"2176200";"3298";"295975.1"
"41143192000";"2182100";"3298";"295983.1"
"41144271000";"2182100";"3298";"295991.0"
"41145351000";"2182100";"3298";"295999.4"
"41146693000";"2182100";"3298";"296007.7"
"41147774000";"2182100";"3298";"296015.6"
"41148853000";"2182100";"3298";"296023.6"
"41149932000";"2182100";"3298";"296031.6"
"41151012000";"2186100";"3298";"296039.5"
"41152355000";"2186100";"3298";"296047.8"
"41153441000";"2186100";"3298";"296055.8"
"41154521000";"2186100";"3298";"296063.7"
"41155600000";"2186100";"3297";"296071.7"
"41156681000";"2186100";"3297";"296079.6"
"41158023000";"2160100";"3297";"296089.5"
"41159103000";"2160100";"3297";"296097.4"
"41160183000";"2160100";"3297";"296105.4"
"41161263000";"2160100";"3297";"296113.7"
"41162343000";"2160100";"3297";"296121.7"
"41163691000";"2160100";"3297";"296130.0"
"41164771000";"2160100";"3297";"296137.9"
"41165850000";"2183900";"3297";"296145.9"
"41166930000";"2183900";"3297";"296154.2"
"41168010000";"2183900";"3297";"296162.2"
"41169353000";"2183900";"3297";"296170.5"
"41170432000";"2183900";"3297";"296178.5"
"41171512000";"2183900";"3297";"296186.4"
"41172592000";"2183900";"3297";"296194.4"
"41173678000";"2198700";"3297";"296202.7"
"41175022000";"2198700";"3297";"296210.6"
"41176102000";"2198700";"3297";"296219.0"
"41177181000";"2198700";"3297";"296226.9"
"41178261000";"2198700";"3297";"296234.9"
"41179341000";"2198700";"3297";"296242.8"
"41180688000";"2198700";"3297";"296251.1"
"41181768000";"2112800";"3297";"296259.1"
"41182853000";"2112800";"3297";"296267.4"
"41183933000";"2112800";"3297";"296275.4"
"41185013000";"2112800";"3297";"296283.3"
"41186355000";"2112800";"3297";"296291.6"
"41187436000";"2112800";"3297";"296299.6"
"41188515000";"2112800";"3297";"296307.6"
"41189595000";"2198800";"3297";"296315.9"
"41190675000";"2198800";"3297";"296323.8"
"41192019000";"2198800";"3297";"296332.2"
"41193104000";"2198800";"3297";"296340.1"
"41194183000";"2198800";"3297";"296348.1"
"41195263000";"2198800";"3297";"296356.0"
"41196343000";"2198800";"3297";"296364.3"
"41197687000";"2169400";"3296";"296373.8"
"41198766000";"2169400";"3296";"296381.8"
"41199847000";"2169400";"3296";"296389.7"
"41200927000";"2169400";"3296";"296398.0"
"41202006000";"2169400";"3296";"296406.0"
"41203354000";"2169400";"3296";"296414.3"
"41204433000";"2169400";"3296";"296422.3"
"41205514000";"2198800";"3296";"296430.6"
"41206594000";"2198800";"3296";"296438.6"
"41207674000";"2198800";"3296";"296446.5"
"41209018000";"2198800";"3296";"296454.8"
"41210098000";"2198800";"3296";"296462.8"
"41211178000";"2198800";"3296";"296470.7"
"41212258000";"2198800";"3296";"296478.7"
"41213343000";"2183500";"3296";"296487.0"
"41214684000";"2183500";"3296";"296496.5"
"41215765000";"2183500";"3296";"296504.4"
"41216845000";"2183500";"3296";"296512.4"
"41217925000";"2183500";"3296";"296520.7"
"41219005000";"2183500";"3296";"296528.7"
"41220348000";"2161900";"3296";"296537.0"
"41221428000";"2161900";"3297";"296544.9"
"41222513000";"2161900";"3296";"296552.9"
"41223599000";"2161900";"3296";"296561.2"
"41224679000";"2161900";"3296";"296569.2"
"41226022000";"2161900";"3296";"296579.0"
"41227101000";"2243000";"3296";"296587.0"
"41228180000";"2243000";"3296";"296594.9"
"41229260000";"2243000";"3296";"296602.9"
"41230341000";"2243000";"3296";"296610.8"
"41231684000";"2243000";"3296";"296619.2"
"41232764000";"2243000";"3296";"296627.1"
"41233851000";"2243000";"3296";"296635.1"
"41234931000";"2183200";"3296";"296643.4"
"41236012000";"2183200";"3296";"296651.3"
"41237353000";"2183200";"3296";"296659.7"
"41238433000";"2183200";"3296";"296667.6"
"41239512000";"2183200";"3296";"296675.6"
"41240592000";"2183200";"3296";"296683.5"
"41241671000";"2183200";"3296";"296691.5"
"41243021000";"2127000";"3297";"296700.2"
"41244101000";"2127000";"3297";"296708.1"
"41245181000";"2127000";"3296";"296716.1"
"41246261000";"2127000";"3296";"296724.4"
"41247341000";"2127000";"3296";"296732.4"
"41248683000";"2127000";"3296";"296740.7"
"41249763000";"2127000";"3296";"296748.6"
"41250842000";"2185700";"3296";"296756.6"
"41251922000";"2185700";"3296";"296764.5"
"41253008000";"2185700";"3296";"296772.9"
"41254352000";"2185700";"3296";"296782.3"
"41255431000";"2185700";"3296";"296790.7"
"41256512000";"2185700";"3296";"296798.6"
"41257591000";"2244700";"3296";"296806.6"
"41258671000";"2244700";"3296";"296814.5"
"41260014000";"2244700";"3296";"296824.4"
"41261093000";"2244700";"3296";"296832.3"
"41262173000";"2244700";"3296";"296840.3"
"41263258000";"2244700";"3296";"296848.2"
"41264343000";"2243200";"3296";"296856.6"
"41265687000";"2243200";"3296";"296864.9"
"41266767000";"2243200";"3296";"296872.8"
"41267847000";"2243200";"3296";"296880.8"
"41268926000";"2243200";"3297";"296888.7"
"41270007000";"2243200";"3296";"296897.1"
"41271349000";"2243200";"3297";"296905.0"
"41272429000";"2128100";"3297";"296913.4"
"41273515000";"2128100";"3297";"296921.3"
"41274594000";"2128100";"3297";"296929.3"
"41275674000";"2128100";"3297";"296937.2"
"41277016000";"2128100";"3297";"296945.5"
"41278095000";"2128100";"3297";"296953.5"
"41279176000";"2128100";"3297";"296961.4"
"41280256000";"2184100";"3297";"296969.8"
"41281337000";"2184100";"3297";"296977.7"
"41282679000";"2184100";"3297";"296986.0"
"41283763000";"2184100";"3297";"296994.0"
"41284844000";"2184100";"3297";"297001.9"
"41285924000";"2184100";"3297";"297010.3"
"41287004000";"2184100";"3297";"297018.2"
"41288347000";"2126700";"3297";"297026.5"
"41289427000";"2126700";"3297";"297034.5"
"41290507000";"2126700";"3297";"297042.5"
"41291586000";"2126700";"3297";"297050.4"
"41292666000";"2126700";"3297";"297058.4"
"41294014000";"2126700";"3296";"297068.2"
"41295094000";"2228000";"3296";"297076.2"
"41296173000";"2228000";"3296";"297084.1"
"41297253000";"2228000";"3296";"297092.1"
"41298332000";"2228000";"3296";"297100.4"
"41299676000";"2228000";"3296";"297109.9"
"41300755000";"2228000";"3296";"297117.8"
"41301836000";"2246800";"3296";"297126.1"
"41302922000";"2246800";"3296";"297134.1"
"41304001000";"2246800";"3296";"297142.0"
"41305344000";"2246800";"3296";"297150.4"
"41306428000";"2246800";"3296";"297158.7"
"41307508000";"2246800";"3296";"297166.7"
"41308588000";"2246800";"3296";"297174.6"
"41309668000";"2182600";"3296";"297182.6"
"41311011000";"2182600";"3296";"297190.9"
"41312091000";"2182600";"3296";"297198.8"
"41313177000";"2182600";"3296";"297206.8"
"41314257000";"2182600";"3296";"297214.7"
"41315338000";"2182600";"3296";"297223.1"
"41316680000";"2182600";"3296";"297231.4"
"41317760000";"2126500";"3296";"297239.3"
"41318839000";"2126500";"3297";"297247.3"
"41319918000";"2126500";"3297";"297255.2"
"41320998000";"2126500";"3297";"297263.2"
"41322341000";"2126500";"3296";"297271.5"
"41323426000";"2126500";"3297";"297279.5"
"41324506000";"2126500";"3297";"297287.8"
"41325586000";"2184300";"3297";"297295.8"
"41326666000";"2184300";"3297";"297303.7"
"41328009000";"2184300";"3296";"297312.0"
"41329089000";"2184300";"3296";"297320.0"
"41330169000";"2184300";"3296";"297328.3"
"41331249000";"2184300";"3297";"297336.3"
"41332329000";"2184300";"3297";"297344.2"
"41333677000";"2183800";"3297";"297354.1"
"41334757000";"2183800";"3297";"297362.0"
"41335836000";"2183800";"3297";"297370.0"
"41336915000";"2183800";"3296";"297377.9"
"41337995000";"2183800";"3296";"297385.9"
"41339338000";"2183800";"3296";"297394.2"
"41340418000";"2183800";"3296";"297402.5"
"41341498000";"2185700";"3297";"297410.5"
"41342579000";"2185700";"3297";"297418.4"
"41343664000";"2185700";"3296";"297426.4"
"41345007000";"2185700";"3296";"297434.7"
"41346087000";"2185700";"3296";"297443.0"
"41347167000";"2185700";"3296";"297451.0"
"41348252000";"2185700";"3296";"297458.9"
"41349331000";"2182500";"3296";"297466.9"
"41350674000";"2182500";"3296";"297476.7"
"41351754000";"2182500";"3296";"297484.7"
"41352833000";"2182500";"3296";"297492.6"
"41353918000";"2182500";"3296";"297500.6"
"41354998000";"2182500";"3296";"297508.5"
"41356341000";"2226200";"3296";"297518.4"
"41357422000";"2226200";"3296";"297526.3"
"41358503000";"2226200";"3296";"297534.3"
"41359583000";"2226200";"3296";"297542.2"
"41360663000";"2226200";"3296";"297550.6"
"41362006000";"2226200";"3296";"297558.9"
"41363091000";"2226200";"3296";"297566.9"
"41364172000";"2197900";"3296";"297575.2"
"41365252000";"2197900";"3296";"297583.1"
"41366332000";"2197900";"3296";"297591.1"
"41367674000";"2197900";"3296";"297599.4"
"41368755000";"2197900";"3296";"297607.4"
"41369835000";"2197900";"3296";"297615.3"
"41370915000";"2197900";"3296";"297623.6"
"41371996000";"2185000";"3296";"297631.6"
"41373344000";"2185000";"3296";"297639.9"
"41374424000";"2185000";"3296";"297647.9"
"41375504000";"2185000";"3296";"297655.8"
"41376583000";"2185000";"3296";"297663.8"
"41377664000";"2185000";"3296";"297671.7"
"41379008000";"2185000";"3296";"297680.0"
"41380087000";"2112200";"3296";"297688.0"
"41381168000";"2112200";"3296";"297696.0"
"41382248000";"2112200";"3296";"297704.3"
"41383333000";"2112200";"3296";"297712.2"
"41384675000";"2112200";"3296";"297722.1"
"41385755000";"2112200";"3296";"297730.0"
"41386834000";"2245100";"3296";"297738.0"
"41387915000";"2245100";"3296";"297746.3"
"41388995000";"2245100";"3296";"297754.3"
"41390342000";"2245100";"3296";"297762.6"
"41391422000";"2245100";"3296";"297770.5"
"41392501000";"2245100";"3296";"297778.5"
"41393586000";"2245100";"3296";"297786.4"
"41394666000";"2182800";"3296";"297794.4"
"41396009000";"2182800";"3296";"297804.2"
"41397088000";"2182800";"3296";"297812.2"
"41398167000";"2182800";"3296";"297820.2"
"41399247000";"2182800";"3296";"297828.1"
"41400327000";"2182800";"3296";"297836.1"
"41401669000";"2162300";"3296";"297844.4"
"41402749000";"2162300";"3296";"297852.7"
"41403834000";"2162300";"3296";"297860.7"
"41404914000";"2162300";"3296";"297868.6"
"41405994000";"2162300";"3296";"297876.6"
"41407337000";"2162300";"3296";"297886.4"
"41408417000";"2244900";"3296";"297894.4"
"41409497000";"2244900";"3296";"297902.3"
"41410577000";"2244900";"3296";"297910.3"
"41411657000";"2244900";"3296";"297918.6"
"41413006000";"2244900";"3297";"297926.9"
"41414085000";"2244900";"3297";"297934.9"
"41415165000";"2244900";"3297";"297942.8"
"41416245000";"2183900";"3296";"297950.8"
"41417324000";"2183900";"3296";"297958.7"
"41418667000";"2183900";"3296";"297967.0"
"41419747000";"2183900";"3296";"297975.0"
"41420827000";"2183900";"3297";"297983.3"
"41421907000";"2183900";"3297";"297991.3"
"41422993000";"2183900";"3297";"297999.2"
"41424336000";"2141000";"3297";"298007.9"
"41425416000";"2141000";"3297";"298015.9"
"41426496000";"2141000";"3297";"298023.8"
"41427575000";"2141000";"3297";"298031.8"
"41428656000";"2141000";"3297";"298039.7"
"41429998000";"2141000";"3297";"298048.1"
"41431079000";"2141000";"3297";"298056.0"
"41432163000";"2183900";"3297";"298064.4"
"41433248000";"2183900";"3297";"298072.3"
"41434327000";"2183900";"3297";"298080.3"
"41435671000";"2183900";"3297";"298090.1"
"41436750000";"2183900";"3297";"298098.1"
"41437830000";"2183900";"3297";"298106.0"
"41438909000";"2228400";"3297";"298114.0"
"41439989000";"2228400";"3297";"298121.9"
"41441333000";"2228400";"3297";"298130.2"
"41442413000";"2228400";"3297";"298138.6"
"41443498000";"2228400";"3297";"298146.5"
"41444578000";"2228400";"3297";"298154.5"
"41445658000";"2228400";"3296";"298162.4"
"41447002000";"2126200";"3296";"298170.7"
"41448082000";"2126200";"3296";"298179.1"
"41449162000";"2126200";"3296";"298187.0"
"41450242000";"2126200";"3296";"298195.0"
"41451322000";"2126200";"3296";"298202.9"
"41452665000";"2126200";"3296";"298211.3"
"41453751000";"2126200";"3296";"298219.2"
"41454831000";"2183500";"3296";"298227.2"
"41455911000";"2183500";"3296";"298235.1"
"41456992000";"2183500";"3296";"298243.4"
"41458335000";"2183500";"3296";"298251.4"
"41459415000";"2183500";"3296";"298259.7"
"41460494000";"2183500";"3296";"298267.7"
"41461575000";"2183500";"3296";"298275.6"
"41462654000";"2185300";"3296";"298283.6"
"41464003000";"2185300";"3296";"298293.4"
"41465082000";"2185300";"3296";"298301.4"
"41466162000";"2185300";"3297";"298309.7"
"41467242000";"2185300";"3297";"298317.7"
"41468323000";"2185300";"3296";"298325.6"
"41469665000";"2176200";"3296";"298333.9"
"41470745000";"2176200";"3296";"298341.9"
"41471825000";"2176200";"3296";"298349.8"
"41472912000";"2176200";"3296";"298357.8"
"41473997000";"2176200";"3296";"298366.1"
"41475340000";"2176200";"3297";"298375.6"
"41476419000";"2225700";"3296";"298383.5"
"41477500000";"2225700";"3296";"298391.9"
"41478580000";"2225700";"3296";"298399.8"
"41479660000";"2225700";"3296";"298407.8"
"41481003000";"2225700";"3296";"298416.1"
"41482082000";"2225700";"3296";"298424.0"
"41483168000";"2225700";"3296";"298432.0"
"41484249000";"2198300";"3296";"298440.3"
"41485329000";"2198300";"3296";"298448.3"
"41486671000";"2198300";"3296";"298456.6"
"41487751000";"2198300";"3296";"298464.6"
"41488830000";"2198300";"3296";"298472.5"
"41489910000";"2198300";"3296";"298480.8"
"41490990000";"2198300";"3296";"298488.8"
"41492334000";"2128200";"3296";"298497.1"
"41493418000";"2128200";"3296";"298505.1"
"41494497000";"2128200";"3296";"298513.0"
"41495577000";"2128200";"3296";"298521.0"
"41496657000";"2128200";"3296";"298528.9"
"41498000000";"2128200";"3296";"298538.8"
"41499079000";"2228400";"3296";"298546.7"
"41500158000";"2228400";"3296";"298554.7"
"41501239000";"2228400";"3296";"298563.0"
"41502319000";"2228400";"3296";"298571.0"
"41503667000";"2228400";"3296";"298579.3"
"41504748000";"2228400";"3296";"298587.2"
"41505828000";"2228400";"3296";"298595.2"
"41506907000";"2198700";"3296";"298603.5"
"41507987000";"2198700";"3296";"298611.5"
"41509331000";"2198700";"3297";"298619.8"
"41510411000";"2198700";"3297";"298627.7"
"41511491000";"2198700";"3297";"298635.7"
"41512570000";"2198700";"3297";"298643.6"
"41513656000";"2198700";"3297";"298651.6"
"41514998000";"2112400";"3297";"298659.9"
"41516083000";"2112400";"3296";"298668.2"
"41517164000";"2112400";"3296";"298676.2"
"41518244000";"2112400";"3296";"298684.2"
"41519324000";"2112400";"3296";"298692.1"
"41520667000";"2112400";"3297";"298702.0"
"41521747000";"2244500";"3297";"298709.9"
"41522826000";"2244500";"3296";"298717.9"
"41523911000";"2244500";"3296";"298726.2"
"41524992000";"2244500";"3296";"298734.1"
"41526334000";"2244500";"3296";"298742.5"
"41527413000";"2244500";"3296";"298750.4"
"41528493000";"2244500";"3296";"298758.4"
"41529573000";"2199000";"3297";"298766.7"
"41530652000";"2199000";"3297";"298774.7"
"41531995000";"2199000";"3297";"298783.0"
"41533081000";"2199000";"3297";"298790.9"
"41534161000";"2199000";"3297";"298798.9"
"41535240000";"2199000";"3297";"298806.8"
"41536321000";"2199000";"3296";"298814.8"
"41537664000";"2169700";"3296";"298824.6"
"41538744000";"2169700";"3296";"298832.6"
"41539825000";"2169700";"3296";"298840.5"
"41540905000";"2169700";"3296";"298848.9"
"41541984000";"2169700";"3296";"298856.8"
"41543332000";"2169700";"3296";"298865.1"
"41544412000";"2169700";"3296";"298873.1"
"41545492000";"2183700";"3297";"298881.0"
"41546572000";"2183700";"3297";"298889.4"
"41547651000";"2183700";"3297";"298897.3"
"41548994000";"2183700";"3296";"298905.6"
"41550074000";"2183700";"3296";"298913.6"
"41551154000";"2183700";"3296";"298921.5"
"41552234000";"2183700";"3296";"298929.9"
"41553320000";"2198700";"3297";"298937.8"
"41554662000";"2198700";"3296";"298947.3"
"41555742000";"2198700";"3296";"298955.3"
"41556823000";"2198700";"3297";"298963.6"
"41557906000";"2198700";"3296";"298971.5"
"41558986000";"2198700";"3296";"298979.5"
"41560329000";"2160500";"3296";"298987.8"
"41561409000";"2160500";"3296";"298995.8"
"41562489000";"2160500";"3296";"299004.1"
"41563574000";"2160500";"3296";"299012.0"
"41564654000";"2160500";"3296";"299020.0"
"41565996000";"2160500";"3296";"299028.3"
"41567076000";"2160500";"3296";"299036.7"
"41568156000";"2198800";"3296";"299044.6"
"41569235000";"2198800";"3296";"299052.6"
"41570315000";"2198800";"3296";"299060.5"
"41571658000";"2198800";"3296";"299068.8"
"41572739000";"2198800";"3296";"299076.8"
"41573824000";"2198800";"3296";"299084.7"
"41574904000";"2198800";"3296";"299093.1"
"41575984000";"2184100";"3296";"299101.0"
"41577326000";"2184100";"3296";"299109.3"
"41578406000";"2184100";"3296";"299117.3"
"41579486000";"2184100";"3296";"299125.2"
"41580566000";"2184100";"3296";"299133.2"
"41581647000";"2184100";"3296";"299141.1"
"41582996000";"2184100";"3296";"299149.8"
"41584076000";"2126200";"3296";"299157.8"
"41585156000";"2126200";"3296";"299165.8"
"41586236000";"2126200";"3296";"299174.1"
"41587316000";"2126200";"3296";"299182.0"
"41588659000";"2126200";"3296";"299190.4"
"41589739000";"2126200";"3296";"299198.3"
"41590819000";"2126200";"3295";"299206.3"
"41591900000";"2185200";"3296";"299214.2"
"41592985000";"2185200";"3296";"299222.5"
"41594327000";"2185200";"3296";"299230.9"
"41595408000";"2185200";"3296";"299238.8"
"41596487000";"2185200";"3296";"299246.8"
"41597567000";"2185200";"3296";"299254.7"
"41598647000";"2185200";"3296";"299263.1"
"41599994000";"2125800";"3296";"299271.0"
"41601074000";"2125800";"3296";"299279.3"
"41602154000";"2125800";"3296";"299287.3"
"41603239000";"2125800";"3296";"299295.2"
"41604320000";"2125800";"3296";"299303.6"
"41605662000";"2125800";"3296";"299311.9"
"41606741000";"2125800";"3296";"299319.8"
"41607820000";"2199000";"3296";"299327.8"
"41608899000";"2199000";"3296";"299335.7"
"41609979000";"2199000";"3296";"299344.1"
"41611321000";"2199000";"3296";"299353.5"
"41612401000";"2199000";"3296";"299361.5"
"41613487000";"2199000";"3296";"299369.4"
"41614568000";"2244900";"3296";"299377.8"
"41615648000";"2244900";"3297";"299385.7"
"41616990000";"2244900";"3297";"299395.2"
"41618071000";"2244900";"3297";"299403.5"
"41619151000";"2244900";"3297";"299411.5"
"41620231000";"2244900";"3297";"299419.4"
"41621311000";"2229300";"3297";"299427.4"
"41622654000";"2229300";"3297";"299435.7"
"41623740000";"2229300";"3297";"299444.0"
"41624821000";"2229300";"3297";"299452.0"
"41625901000";"2229300";"3297";"299459.9"
"41626981000";"2229300";"3297";"299467.9"
"41628324000";"2229300";"3297";"299476.2"
"41629404000";"2140300";"3297";"299484.6"
"41630484000";"2140300";"3297";"299492.5"
"41631564000";"2140300";"3297";"299500.5"
"41632644000";"2140300";"3297";"299508.4"
"41633992000";"2140300";"3297";"299516.7"
"41635072000";"2140300";"3297";"299524.7"
"41636152000";"2140300";"3297";"299532.6"
"41637232000";"2184100";"3297";"299541.0"
"41638312000";"2184100";"3297";"299548.9"
"41639655000";"2184100";"3297";"299557.2"
"41640735000";"2184100";"3297";"299565.2"
"41641820000";"2184100";"3297";"299573.1"
"41642905000";"2184100";"3297";"299581.1"
"41643985000";"2184100";"3297";"299589.4"
"41645328000";"2125300";"3297";"299597.7"
"41646407000";"2125300";"3297";"299605.7"
"41647488000";"2125300";"3297";"299613.7"
"41648567000";"2125300";"3297";"299622.0"
"41649648000";"2125300";"3297";"299629.9"
"41650990000";"2125300";"3297";"299638.3"
"41652071000";"2125300";"3297";"299646.2"
"41653157000";"2183500";"3297";"299654.2"
"41654237000";"2183500";"3297";"299662.1"
"41655316000";"2183500";"3297";"299670.1"
"41656659000";"2183500";"3297";"299678.4"
"41657739000";"2183500";"3297";"299686.3"
"41658820000";"2183500";"3297";"299694.7"
"41659899000";"2183500";"3297";"299702.6"
"41660979000";"2185500";"3297";"299710.6"
"41662321000";"2185500";"3297";"299720.4"
"41663407000";"2185500";"3297";"299728.4"
"41664487000";"2185500";"3297";"299736.3"
"41665568000";"2185500";"3297";"299744.7"
"41666648000";"2185500";"3297";"299752.6"
"41667990000";"2225800";"3297";"299762.1"
"41669069000";"2225800";"3297";"299770.4"
"41670149000";"2225800";"3297";"299778.4"
"41671228000";"2225800";"3297";"299786.3"
"41672307000";"2225800";"3297";"299794.3"
"41673657000";"2225800";"3297";"299802.6"
"41674736000";"2225800";"3297";"299810.5"
"41675815000";"2184600";"3297";"299818.5"
"41676896000";"2184600";"3297";"299826.8"
"41677975000";"2184600";"3297";"299834.8"
"41679318000";"2184600";"3297";"299843.1"
"41680397000";"2184600";"3297";"299851.0"
"41681477000";"2184600";"3297";"299859.0"
"41682556000";"2184600";"3297";"299867.0"
"41683646000";"2197800";"3297";"299875.3"
"41684989000";"2197800";"3297";"299885.1"
"41686069000";"2197800";"3297";"299893.1"
"41687148000";"2197800";"3297";"299901.0"
"41688229000";"2197800";"3297";"299909.4"
"41689308000";"2197800";"3297";"299917.3"
"41690650000";"2178600";"3297";"299925.6"
"41691731000";"2178600";"3297";"299933.6"
"41692810000";"2178600";"3297";"299941.5"
"41693895000";"2178600";"3297";"299949.5"
"41694976000";"2178600";"3297";"299957.4"
"41696320000";"2178600";"3297";"299965.8"
"41697400000";"2178600";"3297";"299973.7"
"41698480000";"2183500";"3297";"299982.1"
"41699560000";"2183500";"3297";"299990.0"
"41700639000";"2183500";"3297";"299998.0"
"41701981000";"2183500";"3297";"300006.3"
"41703066000";"2183500";"3297";"300014.2"
"41704146000";"2183500";"3297";"300022.2"
"41705226000";"2183500";"3297";"300030.5"
"41706307000";"2184100";"3297";"300038.5"
"41707649000";"2184100";"3297";"300046.8"
"41708730000";"2184100";"3297";"300054.7"
"41709809000";"2184100";"3297";"300063.1"
"41710890000";"2184100";"3297";"300071.0"
"41711969000";"2184100";"3297";"300079.0"
"41713317000";"2184100";"3297";"300087.3"
"41714398000";"2126700";"3297";"300095.3"
"41715478000";"2126700";"3297";"300103.2"
"41716558000";"2126700";"3297";"300111.2"
"41717638000";"2126700";"3297";"300119.1"
"41718981000";"2126700";"3297";"300127.4"
"41720061000";"2126700";"3297";"300135.8"
"41721140000";"2126700";"3297";"300143.7"
"41722220000";"2185500";"3297";"300151.7"
"41723305000";"2185500";"3297";"300159.6"
"41724647000";"2185500";"3296";"300169.5"
"41725732000";"2185500";"3296";"300177.4"
"41726812000";"2185500";"3296";"300185.7"
"41727891000";"2185500";"3296";"300193.7"
"41728972000";"2243400";"3296";"300201.7"
"41730314000";"2243400";"3296";"300210.0"
"41731393000";"2243400";"3296";"300217.9"
"41732474000";"2243400";"3296";"300225.9"
"41733559000";"2243400";"3296";"300234.2"
"41734639000";"2243400";"3296";"300242.2"
"41735982000";"2243400";"3296";"300250.5"
"41737063000";"2126700";"3297";"300258.4"
"41738142000";"2126700";"3297";"300266.4"
"41739223000";"2126700";"3297";"300274.3"
"41740303000";"2126700";"3296";"300282.3"
"41741646000";"2126700";"3296";"300290.6"
"41742726000";"2126700";"3296";"300298.9"
"41743812000";"2126700";"3296";"300306.9"
"41744891000";"2183700";"3296";"300314.9"
"41745971000";"2183700";"3296";"300322.8"
"41747315000";"2183700";"3296";"300331.1"
"41748394000";"2183700";"3296";"300339.5"
"41749475000";"2183700";"3296";"300347.4"
"41750555000";"2183700";"3296";"300355.4"
"41751635000";"2183700";"3296";"300363.3"
"41752984000";"2126200";"3296";"300371.6"
"41754064000";"2126200";"3297";"300380.0"
"41755144000";"2126200";"3297";"300387.9"
"41756224000";"2126200";"3297";"300395.9"
"41757304000";"2126200";"3296";"300403.8"
"41758647000";"2126200";"3296";"300412.1"
"41759727000";"2126200";"3296";"300420.1"
"41760807000";"2185200";"3296";"300428.0"
"41761888000";"2185200";"3296";"300436.4"
"41762974000";"2185200";"3296";"300444.3"
"41764316000";"2185200";"3296";"300452.7"
"41765395000";"2185200";"3296";"300461.0"
"41766481000";"2185200";"3296";"300468.9"
"41767566000";"2185200";"3296";"300477.3"
"41768645000";"2210500";"3296";"300485.2"
"41769987000";"2210500";"3296";"300495.1"
"41771068000";"2210500";"3296";"300503.0"
"41772147000";"2210500";"3296";"300511.0"
"41773233000";"2210500";"3296";"300518.9"
"41774312000";"2210500";"3296";"300526.9"
"41775656000";"2160100";"3296";"300535.2"
"41776736000";"2160100";"3296";"300543.2"
"41777816000";"2160100";"3296";"300551.5"
"41778896000";"2160100";"3296";"300559.4"
"41779975000";"2160100";"3296";"300567.4"
"41781317000";"2160100";"3296";"300575.7"
"41782397000";"2160100";"3296";"300583.7"
"41783482000";"2184400";"3296";"300591.6"
"41784563000";"2184400";"3296";"300599.9"
"41785642000";"2184400";"3296";"300607.9"
"41786985000";"2184400";"3296";"300616.2"
"41788065000";"2184400";"3296";"300624.2"
"41789145000";"2184400";"3296";"300632.1"
"41790224000";"2184400";"3296";"300640.5"
"41791305000";"2200100";"3296";"300648.4"
"41792647000";"2200100";"3296";"300656.7"
"41793731000";"2200100";"3296";"300664.7"
"41794812000";"2200100";"3296";"300672.6"
"41795891000";"2200100";"3296";"300680.6"
"41796971000";"2200100";"3296";"300688.5"
"41798314000";"2160300";"3296";"300698.4"
"41799394000";"2160300";"3296";"300706.3"
"41800475000";"2160300";"3296";"300714.3"
"41801555000";"2160300";"3296";"300722.6"
"41802634000";"2160300";"3296";"300730.6"
"41803983000";"2160300";"3296";"300738.9"
"41805063000";"2160300";"3296";"300746.8"
"41806142000";"2183900";"3296";"300754.8"
"41807223000";"2183900";"3296";"300763.1"
"41808302000";"2183900";"3296";"300771.1"
"41809649000";"2183900";"3296";"300779.4"
"41810730000";"2183900";"3296";"300787.4"
"41811810000";"2183900";"3296";"300795.7"
"41812895000";"2183900";"3296";"300803.6"
"41813975000";"2197200";"3296";"300811.6"
"41815318000";"2197200";"3296";"300819.9"
"41816398000";"2197200";"3296";"300827.9"
"41817479000";"2197200";"3296";"300835.8"
"41818558000";"2197200";"3296";"300843.8"
"41819637000";"2197200";"3296";"300851.7"
"41820981000";"2197200";"3296";"300860.0"
"41822061000";"2128100";"3296";"300868.4"
"41823146000";"2128100";"3296";"300876.3"
"41824225000";"2128100";"3296";"300884.3"
"41825306000";"2128100";"3296";"300892.2"
"41826648000";"2128100";"3296";"300900.6"
"41827728000";"2128100";"3296";"300908.9"
"41828809000";"2128100";"3296";"300916.8"
"41829888000";"2184100";"3296";"300924.8"
"41830969000";"2184100";"3296";"300932.7"
"41832311000";"2184100";"3296";"300942.6"
"41833396000";"2184100";"3296";"300950.5"
"41834476000";"2184100";"3296";"300958.5"
"41835556000";"2184100";"3296";"300966.4"
"41836636000";"2244900";"3296";"300974.8"
"41837978000";"2244900";"3296";"300984.2"
"41839059000";"2244900";"3296";"300992.2"
"41840139000";"2244900";"3296";"301000.5"
"41841218000";"2244900";"3296";"301008.5"
"41842298000";"2244900";"3296";"301016.4"
"41843646000";"2160100";"3296";"301024.8"
"41844726000";"2160100";"3296";"301032.7"
"41845807000";"2160100";"3296";"301041.0"
"41846887000";"2160100";"3296";"301049.0"
"41847966000";"2160100";"3296";"301056.9"
"41849309000";"2160100";"3296";"301065.3"
"41850389000";"2160100";"3296";"301073.2"
"41851474000";"2198700";"3296";"301081.5"
"41852554000";"2198700";"3296";"301089.5"
"41853639000";"2198700";"3296";"301097.5"
"41854982000";"2198700";"3296";"301105.8"
"41856062000";"2198700";"3296";"301113.7"
"41857142000";"2198700";"3296";"301121.7"
"41858222000";"2198700";"3296";"301129.6"
"41859302000";"2183900";"3296";"301138.0"
"41860643000";"2183900";"3296";"301146.3"
"41861722000";"2183900";"3296";"301154.2"
"41862803000";"2183900";"3296";"301162.2"
"41863888000";"2183900";"3296";"301170.1"
"41864969000";"2183900";"3296";"301178.5"
"41866311000";"2183900";"3296";"301186.8"
"41867390000";"2127400";"3296";"301194.7"
"41868469000";"2127400";"3296";"301202.7"
"41869550000";"2127400";"3296";"301210.6"
"41870630000";"2127400";"3296";"301219.0"
"41871973000";"2127400";"3296";"301228.4"
"41873058000";"2127400";"3296";"301236.4"
"41874138000";"2244700";"3296";"301244.7"
"41875217000";"2244700";"3296";"301252.7"
"41876297000";"2244700";"3296";"301260.6"
"41877641000";"2244700";"3296";"301269.0"
"41878721000";"2244700";"3296";"301276.9"
"41879801000";"2244700";"3296";"301284.9"
"41880880000";"2244700";"3296";"301292.8"
"41881960000";"2170900";"3296";"301300.8"
"41883308000";"2170900";"3296";"301309.1"
"41884387000";"2170900";"3296";"301317.4"
"41885466000";"2170900";"3296";"301325.4"
"41886545000";"2170900";"3296";"301333.3"
"41887626000";"2170900";"3296";"301341.7"
"41888970000";"2176800";"3296";"301351.1"
"41890049000";"2176800";"3296";"301359.5"
"41891130000";"2176800";"3296";"301367.4"
"41892209000";"2176800";"3297";"301375.4"
"41893299000";"2176800";"3296";"301383.3"
"41894642000";"2176800";"3296";"301391.6"
"41895721000";"2176800";"3297";"301399.6"
"41896801000";"2182800";"3296";"301407.5"
"41897881000";"2182800";"3296";"301415.5"
"41898961000";"2182800";"3296";"301423.8"
"41900304000";"2182800";"3296";"301431.8"
"41901385000";"2182800";"3297";"301440.1"
"41902465000";"2182800";"3297";"301448.0"
"41903551000";"2182800";"3296";"301456.0"
"41904631000";"2183400";"3297";"301463.9"
"41905975000";"2183400";"3297";"301472.7"
"41907055000";"2183400";"3297";"301480.6"
"41908135000";"2183400";"3297";"301488.6"
"41909214000";"2183400";"3297";"301496.5"
"41910295000";"2183400";"3297";"301504.8"
"41911639000";"2183400";"3297";"301512.8"
"41912718000";"2142000";"3297";"301521.1"
"41913804000";"2142000";"3297";"301529.1"
"41914883000";"2142000";"3297";"301537.0"
"41915963000";"2142000";"3297";"301545.0"
"41917305000";"2142000";"3297";"301553.3"
"41918385000";"2142000";"3297";"301561.2"
"41919465000";"2142000";"3297";"301569.2"
"41920545000";"2184100";"3297";"301577.5"
"41921625000";"2184100";"3297";"301585.5"
"41922974000";"2184100";"3297";"301593.8"
"41924053000";"2184100";"3297";"301601.8"
"41925134000";"2184100";"3297";"301610.1"
"41926213000";"2184100";"3297";"301618.0"
"41927292000";"2184100";"3297";"301626.0"
"41928635000";"2184200";"3297";"301635.8"
"41929715000";"2184200";"3297";"301643.8"
"41930796000";"2184200";"3297";"301651.7"
"41931876000";"2184200";"3297";"301659.7"
"41932962000";"2184200";"3297";"301668.0"
"41934305000";"2184200";"3297";"301677.9"
"41935390000";"2242300";"3297";"301685.8"
"41936470000";"2242300";"3297";"301693.8"
"41937550000";"2242300";"3297";"301701.7"
"41938631000";"2242300";"3297";"301710.1"
"41939973000";"2242300";"3297";"301718.0"
"41941054000";"2242300";"3297";"301726.3"
"41942134000";"2242300";"3297";"301734.3"
"41943220000";"2183400";"3297";"301742.2"
"41944300000";"2183400";"3297";"301750.2"
"41945642000";"2183400";"3297";"301758.5"
"41946722000";"2183400";"3297";"301766.8"
"41947801000";"2183400";"3297";"301774.8"
"41948881000";"2183400";"3297";"301782.7"
"41949961000";"2183400";"3297";"301790.7"
"41951303000";"2128700";"3297";"301799.0"
"41952384000";"2128700";"3297";"301807.4"
"41953468000";"2128700";"3297";"301815.3"
"41954549000";"2128700";"3297";"301823.3"
"41955629000";"2128700";"3297";"301831.2"
"41956971000";"2128700";"3297";"301841.1"
"41958051000";"2244700";"3297";"301849.0"
"41959131000";"2244700";"3297";"301857.0"
"41960211000";"2244700";"3297";"301864.9"
"41961292000";"2244700";"3297";"301872.9"
"41962634000";"2244700";"3297";"301881.2"
"41963720000";"2244700";"3297";"301889.5"
"41964799000";"2244700";"3297";"301897.5"
"41965879000";"2184100";"3297";"301905.4"
"41966958000";"2184100";"3297";"301913.8"
"41968300000";"2184100";"3297";"301922.1"
"41969379000";"2184100";"3297";"301930.0"
"41970460000";"2184100";"3297";"301938.0"
"41971539000";"2184100";"3296";"301945.9"
"41972619000";"2184100";"3296";"301953.9"
"41973968000";"2127200";"3296";"301962.2"
"41975047000";"2127200";"3296";"301970.2"
"41976127000";"2127200";"3296";"301978.1"
"41977212000";"2127200";"3296";"301986.4"
"41978292000";"2127200";"3296";"301994.4"
"41979635000";"2127200";"3296";"302002.7"
"41980715000";"2127200";"3296";"302010.7"
"41981795000";"2183900";"3296";"302018.6"
"41982881000";"2183900";"3296";"302026.6"
"41983961000";"2183900";"3296";"302034.9"
"41985304000";"2183900";"3296";"302044.4"
"41986384000";"2183900";"3296";"302052.7"
"41987465000";"2183900";"3296";"302060.7"
"41988544000";"2244500";"3296";"302068.6"
"41989625000";"2244500";"3296";"302076.6"
"41990967000";"2244500";"3296";"302084.9"
"41992048000";"2244500";"3296";"302093.2"
"41993134000";"2244500";"3296";"302101.2"
"41994215000";"2244500";"3296";"302109.1"
"41995295000";"2244500";"3296";"302117.1"
"41996637000";"2126200";"3296";"302125.4"
"41997717000";"2126200";"3296";"302133.3"
"41998796000";"2126200";"3296";"302141.3"
"41999875000";"2126200";"3296";"302149.2"
"42000956000";"2126200";"3296";"302157.6"
"42002299000";"2126200";"3296";"302165.9"
"42003385000";"2126200";"3296";"302173.8"
"42004464000";"2184100";"3296";"302181.8"
"42005543000";"2184100";"3296";"302189.8"
"42006624000";"2184100";"3296";"302198.1"
"42007967000";"2184100";"3296";"302206.4"
"42009047000";"2184100";"3296";"302214.4"
"42010127000";"2184100";"3296";"302222.3"
"42011207000";"2184100";"3296";"302230.3"
"42012287000";"2200100";"3296";"302238.6"
"42013635000";"2200100";"3296";"302248.1"
"42014715000";"2200100";"3296";"302256.0"
"42015795000";"2200100";"3296";"302264.0"
"42016876000";"2200100";"3296";"302272.3"
"42017956000";"2200100";"3296";"302280.3"
"42019304000";"2158100";"3297";"302288.6"
"42020383000";"2158100";"3297";"302296.5"
"42021462000";"2158100";"3297";"302304.5"
"42022542000";"2158100";"3296";"302312.4"
"42023628000";"2158100";"3296";"302320.8"
"42024971000";"2158100";"3296";"302329.1"
"42026051000";"2158100";"3296";"302337.0"
"42027130000";"2184400";"3296";"302345.0"
"42028210000";"2184400";"3296";"302353.3"
"42029290000";"2184400";"3297";"302361.3"
"42030633000";"2184400";"3297";"302369.6"
"42031713000";"2184400";"3297";"302377.5"
"42032793000";"2184400";"3297";"302385.5"
"42033879000";"2184400";"3297";"302393.4"
"42034959000";"2183500";"3297";"302401.4"
"42036303000";"2183500";"3297";"302409.7"
"42037382000";"2183500";"3297";"302417.7"
"42038462000";"2183500";"3297";"302425.6"
"42039543000";"2183500";"3297";"302433.6"
"42040622000";"2183500";"3297";"302441.9"
"42041966000";"2183500";"3297";"302450.2"
"42043051000";"2126400";"3297";"302458.2"
"42044131000";"2126400";"3297";"302466.1"
"42045210000";"2126400";"3297";"302474.1"
"42046291000";"2126400";"3297";"302482.4"
"42047633000";"2126400";"3297";"302490.7"
"42048713000";"2126400";"3297";"302498.7"
"42049793000";"2126400";"3297";"302506.6"
"42050872000";"2185900";"3297";"302514.6"
"42051953000";"2185900";"3297";"302522.5"
"42053301000";"2185900";"3297";"302530.9"
"42054380000";"2185900";"3297";"302538.8"
"42055460000";"2185900";"3296";"302546.8"
"42056540000";"2185900";"3297";"302555.1"
"42057621000";"2185900";"3297";"302563.1"
"42058963000";"2126700";"3297";"302571.4"
"42060042000";"2126700";"3297";"302579.3"
"42061128000";"2126700";"3297";"302587.3"
"42062207000";"2126700";"3297";"302595.2"
"42063292000";"2126700";"3297";"302603.2"
"42064635000";"2126700";"3297";"302611.5"
"42065715000";"2126700";"3297";"302619.8"
"42066794000";"2182800";"3297";"302627.8"
"42067875000";"2182800";"3297";"302635.7"
"42068955000";"2182800";"3297";"302643.7"
"42070298000";"2182800";"3296";"302652.0"
"42071378000";"2182800";"3297";"302660.0"
"42072458000";"2182800";"3297";"302668.3"
"42073545000";"2182800";"3297";"302676.3"
"42074625000";"2183200";"3297";"302684.2"
"42075968000";"2183200";"3297";"302692.5"
"42077048000";"2183200";"3297";"302700.5"
"42078128000";"2183200";"3297";"302708.4"
"42079207000";"2183200";"3297";"302716.4"
"42080288000";"2183200";"3297";"302724.3"
"42081630000";"2183200";"3296";"302732.7"
"42082710000";"2113900";"3297";"302740.6"
"42083796000";"2113900";"3297";"302748.9"
"42084876000";"2113900";"3297";"302756.9"
"42085956000";"2113900";"3297";"302764.8"
"42087299000";"2113900";"3296";"302773.2"
"42088378000";"2113900";"3296";"302781.5"
"42089459000";"2113900";"3296";"302789.5"
"42090539000";"2198300";"3296";"302797.4"
"42091619000";"2198300";"3297";"302805.4"
"42092967000";"2198300";"3296";"302813.7"
"42094046000";"2198300";"3296";"302821.6"
"42095126000";"2198300";"3297";"302829.6"
"42096205000";"2198300";"3297";"302837.9"
"42097284000";"2198300";"3297";"302845.9"
"42098627000";"2127500";"3297";"302854.2"
"42099707000";"2127500";"3297";"302862.1"
"42100786000";"2127500";"3297";"302870.1"
"42101866000";"2127500";"3297";"302878.0"
"42102997000";"2127500";"3297";"302886.0"
"42104341000";"2127500";"3297";"302895.8"
"42105420000";"2212600";"3297";"302903.8"
"42106500000";"2212600";"3297";"302912.1"
"42107580000";"2212600";"3297";"302920.1"
"42108661000";"2212600";"3297";"302928.0"
"42110003000";"2212600";"3297";"302936.3"
"42111084000";"2212600";"3297";"302944.3"
"42112163000";"2212600";"3297";"302952.3"
"42113249000";"2183700";"3297";"302960.2"
"42114329000";"2183700";"3297";"302968.2"
"42115671000";"2183700";"3297";"302976.5"
"42116752000";"2183700";"3296";"302984.4"
"42117832000";"2183700";"3296";"302992.8"
"42118912000";"2183700";"3297";"303000.7"
"42119992000";"2183700";"3297";"303008.7"
"42121335000";"2128100";"3297";"303017.0"
"42122415000";"2128100";"3297";"303024.9"
"42123500000";"2128100";"3297";"303032.9"
"42124579000";"2128100";"3297";"303040.8"
"42125659000";"2128100";"3297";"303049.2"
"42127002000";"2128100";"3297";"303057.5"
"42128082000";"2128100";"3297";"303065.5"
"42129162000";"2184100";"3297";"303073.4"
"42130241000";"2184100";"3297";"303081.4"
"42131322000";"2184100";"3297";"303089.3"
"42132664000";"2184100";"3297";"303097.6"
"42133750000";"2184100";"3297";"303106.0"
"42134830000";"2184100";"3297";"303113.9"
"42135909000";"2184100";"3297";"303121.9"
"42136990000";"2183900";"3297";"303129.8"
"42138333000";"2183900";"3297";"303139.3"
"42139413000";"2183900";"3297";"303147.6"
"42140493000";"2183900";"3297";"303155.6"
"42141573000";"2183900";"3297";"303163.5"
"42142653000";"2183900";"3297";"303171.5"
"42144002000";"2159500";"3297";"303179.8"
"42145087000";"2159500";"3297";"303188.1"
"42146166000";"2159500";"3297";"303196.1"
"42147246000";"2159500";"3297";"303204.0"
"42148327000";"2159500";"3297";"303212.4"
"42149670000";"2159500";"3297";"303220.3"
"42150750000";"2159500";"3297";"303228.6"
"42151831000";"2198500";"3297";"303236.6"
"42152915000";"2198500";"3297";"303244.5"
"42153995000";"2198500";"3297";"303252.5"
"42155337000";"2198500";"3297";"303260.8"
"42156416000";"2198500";"3297";"303268.8"
"42157497000";"2198500";"3297";"303276.7"
"42158577000";"2198500";"3297";"303284.7"
"42159657000";"2184300";"3297";"303293.0"
"42160999000";"2184300";"3297";"303300.9"
"42162080000";"2184300";"3297";"303309.3"
"42163166000";"2184300";"3297";"303317.2"
"42164246000";"2184300";"3297";"303325.2"
"42165326000";"2184300";"3297";"303333.1"
"42166668000";"2159900";"3297";"303343.0"
"42167749000";"2159900";"3297";"303350.9"
"42168828000";"2159900";"3297";"303359.3"
"42169909000";"2159900";"3297";"303367.2"
"42170989000";"2159900";"3297";"303375.2"
"42172332000";"2159900";"3297";"303385.0"
"42173417000";"2244500";"3297";"303393.0"
"42174497000";"2244500";"3297";"303400.9"
"42175578000";"2244500";"3297";"303408.9"
"42176657000";"2244500";"3297";"303416.8"
"42178000000";"2244500";"3297";"303425.1"
"42179080000";"2244500";"3297";"303433.1"
"42180161000";"2244500";"3297";"303441.0"
"42181241000";"2170200";"3297";"303449.0"
"42182321000";"2170200";"3297";"303457.3"
"42183670000";"2170200";"3297";"303465.6"
"42184749000";"2170200";"3297";"303473.6"
"42185829000";"2170200";"3297";"303481.6"
"42186913000";"2170200";"3297";"303489.9"
"42187993000";"2170200";"3297";"303497.8"
"42189336000";"2139900";"3297";"303506.2"
"42190415000";"2139900";"3297";"303514.1"
"42191494000";"2139900";"3297";"303522.1"
"42192574000";"2139900";"3297";"303530.0"
"42193660000";"2139900";"3297";"303538.0"
"42195003000";"2139900";"3297";"303546.3"
"42196083000";"2139900";"3297";"303554.6"
"42197163000";"2184100";"3297";"303562.6"
"42198242000";"2184100";"3297";"303570.5"
"42199322000";"2184100";"3297";"303578.5"
"42200665000";"2184100";"3297";"303586.8"
"42201745000";"2184100";"3297";"303594.8"
"42202825000";"2184100";"3297";"303602.7"
"42203911000";"2184100";"3297";"303610.7"
"42204991000";"2183900";"3297";"303619.0"
"42206334000";"2183900";"3297";"303627.3"
"42207415000";"2183900";"3297";"303635.3"
"42208494000";"2183900";"3297";"303643.2"
"42209574000";"2183900";"3297";"303651.5"
"42210654000";"2183900";"3297";"303659.5"
"42211996000";"2183900";"3297";"303667.8"
"42213082000";"2126500";"3297";"303675.8"
"42214163000";"2126500";"3297";"303683.7"
"42215243000";"2126500";"3297";"303691.7"
"42216322000";"2126500";"3297";"303699.6"
"42217665000";"2126500";"3297";"303709.5"
"42218745000";"2126500";"3297";"303717.4"
"42219825000";"2229500";"3297";"303725.4"
"42220905000";"2229500";"3297";"303733.3"
"42221984000";"2229500";"3297";"303741.3"
"42223333000";"2229500";"3297";"303749.6"
"42224414000";"2229500";"3297";"303757.9"
"42225494000";"2229500";"3297";"303765.9"
"42226574000";"2229500";"3297";"303773.8"
"42227653000";"2183700";"3297";"303781.8"
"42229001000";"2183700";"3297";"303790.5"
"42230081000";"2183700";"3297";"303798.4"
"42231161000";"2183700";"3297";"303806.4"
"42232241000";"2183700";"3297";"303814.3"
"42233326000";"2183700";"3297";"303822.3"
"42234668000";"2175200";"3297";"303832.1"
"42235749000";"2175200";"3297";"303840.1"
"42236828000";"2175200";"3297";"303848.1"
"42237909000";"2175200";"3296";"303856.0"
"42238990000";"2175200";"3296";"303864.0"
"42240333000";"2175200";"3296";"303872.3"
"42241413000";"2175200";"3296";"303880.2"
"42242493000";"2170000";"3296";"303888.2"
"42243578000";"2170000";"3296";"303896.5"
"42244658000";"2170000";"3296";"303904.5"
"42246000000";"2170000";"3296";"303912.8"
"42247080000";"2170000";"3296";"303920.7"
"42248160000";"2170000";"3296";"303928.7"
"42249240000";"2170000";"3296";"303937.0"
"42250320000";"2198800";"3296";"303945.0"
"42251664000";"2198800";"3296";"303953.3"
"42252744000";"2198800";"3296";"303961.2"
"42253829000";"2198800";"3296";"303969.2"
"42254910000";"2198800";"3296";"303977.2"
"42255989000";"2198800";"3296";"303985.1"
"42257332000";"2198800";"3296";"303993.4"
"42258411000";"2112400";"3296";"304001.4"
"42259491000";"2112400";"3296";"304009.3"
"42260572000";"2112400";"3296";"304017.3"
"42261652000";"2112400";"3296";"304025.2"
"42263001000";"2112400";"3296";"304033.6"
"42264081000";"2112400";"3296";"304041.9"
"42265162000";"2112400";"3296";"304049.8"
"42266241000";"2183400";"3296";"304057.8"
"42267321000";"2183400";"3296";"304065.7"
"42268663000";"2183400";"3296";"304075.6"
"42269742000";"2183400";"3296";"304083.5"
"42270828000";"2183400";"3296";"304091.9"
"42271908000";"2183400";"3296";"304099.8"
"42272993000";"2243200";"3296";"304107.8"
"42274337000";"2243200";"3296";"304116.1"
"42275417000";"2243200";"3296";"304124.1"
"42276496000";"2243200";"3296";"304132.0"
"42277577000";"2243200";"3296";"304140.0"
"42278656000";"2243200";"3296";"304148.3"
"42280000000";"2243200";"3296";"304156.2"
"42281079000";"2113800";"3296";"304164.2"
"42282159000";"2113800";"3296";"304172.5"
"42283245000";"2113800";"3296";"304180.5"
"42284325000";"2113800";"3296";"304188.4"
"42285668000";"2113800";"3296";"304196.7"
"42286747000";"2113800";"3296";"304204.7"
"42287827000";"2113800";"3296";"304213.0"
"42288906000";"2198800";"3297";"304221.0"
"42289985000";"2198800";"3297";"304228.9"
"42291328000";"2198800";"3297";"304237.2"
"42292407000";"2198800";"3297";"304245.2"
"42293493000";"2198800";"3297";"304253.2"
"42294572000";"2198800";"3297";"304261.1"
"42295651000";"2198800";"3297";"304269.1"
"42296995000";"2170200";"3297";"304278.9"
"42298075000";"2170200";"3297";"304286.9"
"42299154000";"2170200";"3297";"304294.8"
"42300234000";"2170200";"3297";"304302.8"
"42301313000";"2170200";"3297";"304310.7"
"42302656000";"2170200";"3297";"304319.0"
"42303741000";"2170200";"3297";"304327.0"
"42304821000";"2169500";"3297";"304334.9"
"42305902000";"2169500";"3297";"304343.3"
"42306981000";"2169500";"3297";"304351.2"
"42308324000";"2169500";"3297";"304359.5"
"42309404000";"2169500";"3297";"304367.5"
"42310484000";"2169500";"3297";"304375.4"
"42311564000";"2169500";"3297";"304383.8"
"42312644000";"2200100";"3297";"304391.7"
"42313998000";"2200100";"3297";"304401.2"
"42315078000";"2200100";"3297";"304409.1"
"42316158000";"2200100";"3297";"304417.1"
"42317237000";"2200100";"3297";"304425.1"
"42318318000";"2200100";"3297";"304433.4"
"42319661000";"2207500";"3297";"304442.8"
"42320741000";"2207500";"3297";"304450.8"
"42321821000";"2207500";"3297";"304458.8"
"42322906000";"2207500";"3297";"304467.1"
"42323987000";"2207500";"3297";"304475.0"
"42325329000";"2207500";"3297";"304484.5"
"42326409000";"2244900";"3297";"304492.8"
"42327488000";"2244900";"3297";"304500.8"
"42328567000";"2244900";"3297";"304508.7"
"42329648000";"2244900";"3297";"304516.7"
"42330990000";"2244900";"3297";"304525.0"
"42332071000";"2244900";"3297";"304533.0"
"42333156000";"2244900";"3297";"304541.3"
"42334236000";"2183900";"3297";"304549.2"
"42335317000";"2183900";"3297";"304557.2"
"42336658000";"2183900";"3297";"304566.7"
"42337738000";"2183900";"3297";"304574.6"
"42338818000";"2183900";"3297";"304582.6"
"42339898000";"2183900";"3297";"304590.5"
"42340979000";"2229300";"3297";"304598.9"
"42342322000";"2229300";"3297";"304607.2"
"42343408000";"2229300";"3297";"304615.1"
"42344487000";"2229300";"3297";"304623.1"
"42345567000";"2229300";"3297";"304631.0"
"42346646000";"2229300";"3297";"304639.4"
"42347989000";"2160500";"3296";"304648.8"
"42349068000";"2160500";"3296";"304657.2"
"42350149000";"2160500";"3296";"304665.1"
"42351229000";"2160500";"3297";"304673.1"
"42352309000";"2160500";"3296";"304681.0"
"42353658000";"2160500";"3296";"304689.3"
"42354743000";"2160500";"3296";"304697.3"
"42355823000";"2182100";"3296";"304705.2"
"42356903000";"2182100";"3296";"304713.6"
"42357983000";"2182100";"3296";"304721.5"
"42359326000";"2182100";"3296";"304729.5"
"42360406000";"2182100";"3296";"304737.8"
"42361485000";"2182100";"3297";"304745.8"
"42362564000";"2182100";"3297";"304753.7"
"42363649000";"2184400";"3296";"304761.7"
"42364993000";"2184400";"3296";"304770.0"
"42366073000";"2184400";"3296";"304778.3"
"42367153000";"2184400";"3297";"304786.3"
"42368233000";"2184400";"3297";"304794.2"
"42369313000";"2184400";"3297";"304802.2"
"42370656000";"2184400";"3297";"304810.5"
"42371736000";"2127700";"3297";"304818.4"
"42372816000";"2127700";"3297";"304826.4"
"42373902000";"2127700";"3297";"304834.3"
"42374981000";"2127700";"3297";"304842.7"
"42376259000";"2127700";"3297";"304850.6"
"42377404000";"2127700";"3297";"304858.6"
"42378485000";"2127700";"3297";"304866.5"
"42379566000";"2183400";"3297";"304874.9"
"42380646000";"2183400";"3297";"304882.8"
"42381988000";"2183400";"3297";"304892.3"
"42383073000";"2183400";"3297";"304900.6"
"42384153000";"2183400";"3297";"304908.6"
"42385234000";"2183400";"3297";"304916.5"
"42386314000";"2244500";"3297";"304924.8"
"42387657000";"2244500";"3297";"304934.7"
"42388737000";"2244500";"3297";"304942.6"
"42389817000";"2244500";"3297";"304950.6"
"42390897000";"2244500";"3297";"304958.5"
"42391977000";"2244500";"3297";"304966.5"
"42393325000";"2160100";"3297";"304974.8"
"42394405000";"2160100";"3297";"304982.8"
"42395486000";"2160100";"3297";"304990.7"
"42396599000";"2160100";"3297";"304999.1"
"42397678000";"2160100";"3297";"305007.0"
"42399022000";"2160100";"3297";"305016.5"
"42400102000";"2218100";"3297";"305024.4"
"42401182000";"2218100";"3297";"305032.4"
"42402261000";"2218100";"3297";"305040.7"
"42403347000";"2218100";"3297";"305048.7"
"42404689000";"2218100";"3297";"305058.1"
"42405769000";"2218100";"3297";"305066.5"
"42406848000";"2245300";"3297";"305074.4"
"42407929000";"2245300";"3297";"305082.4"
"42409008000";"2245300";"3297";"305090.3"
"42410352000";"2245300";"3297";"305098.6"
"42411432000";"2245300";"3297";"305106.6"
"42412513000";"2245300";"3297";"305114.5"
"42413598000";"2245300";"3297";"305122.5"
"42414678000";"2183400";"3297";"305130.8"
"42416021000";"2183400";"3297";"305140.3"
"42417101000";"2183400";"3297";"305148.2"
"42418181000";"2183400";"3297";"305156.2"
"42419261000";"2183400";"3297";"305164.5"
"42420341000";"2183400";"3297";"305172.5"
"42421685000";"2161300";"3297";"305180.8"
"42422764000";"2161300";"3297";"305188.7"
"42423849000";"2161300";"3297";"305196.7"
"42424929000";"2161300";"3297";"305204.7"
"42426009000";"2161300";"3297";"305213.0"
"42427351000";"2161300";"3297";"305221.3"
"42428431000";"2161300";"3297";"305229.3"
"42429511000";"2184300";"3297";"305237.2"
"42430590000";"2184300";"3297";"305245.2"
"42431671000";"2184300";"3297";"305253.5"
"42433019000";"2184300";"3297";"305263.0"
"42434099000";"2184300";"3297";"305271.3"
"42435180000";"2184300";"3297";"305279.2"
"42436260000";"2244500";"3297";"305287.2"
"42437340000";"2244500";"3297";"305295.2"
"42438688000";"2244500";"3297";"305303.5"
"42439767000";"2244500";"3297";"305311.4"
"42440846000";"2244500";"3297";"305319.4"
"42441927000";"2244500";"3296";"305327.3"
"42443012000";"2244500";"3296";"305335.7"
"42444355000";"2125700";"3296";"305344.0"
"42445434000";"2125700";"3296";"305351.9"
"42446515000";"2125700";"3296";"305359.9"
"42447594000";"2125700";"3297";"305367.8"
"42448674000";"2125700";"3297";"305376.2"
"42450017000";"2125700";"3297";"305384.5"
"42451097000";"2125700";"3297";"305392.4"
"42452176000";"2185700";"3297";"305400.4"
"42453261000";"2185700";"3297";"305408.3"
"42454341000";"2185700";"3297";"305416.3"
"42455684000";"2185700";"3297";"305424.6"
"42456764000";"2185700";"3297";"305432.6"
"42457845000";"2185700";"3297";"305440.9"
"42458925000";"2185700";"3297";"305448.9"
"42460005000";"2183500";"3297";"305456.8"
"42461347000";"2183500";"3297";"305465.1"
"42462428000";"2183500";"3297";"305473.1"
"42463513000";"2183500";"3297";"305481.0"
"42464593000";"2183500";"3297";"305489.0"
"42465674000";"2183500";"3297";"305497.3"
"42467017000";"2159700";"3297";"305506.8"
"42468097000";"2159700";"3297";"305515.1"
"42469177000";"2159700";"3297";"305523.1"
"42470257000";"2159700";"3297";"305531.0"
"42471337000";"2159700";"3297";"305539.0"
"42472680000";"2159700";"3297";"305547.3"
"42473766000";"2159700";"3297";"305555.2"
"42474846000";"2183700";"3297";"305563.2"
"42475926000";"2183700";"3297";"305571.5"
"42477006000";"2183700";"3297";"305579.5"
"42478350000";"2183700";"3297";"305588.9"
"42479430000";"2183700";"3297";"305596.9"
"42480513000";"2183700";"3297";"305605.2"
"42481594000";"2244700";"3297";"305613.2"
"42482674000";"2244700";"3297";"305621.1"
"42484023000";"2244700";"3297";"305629.5"
"42485103000";"2244700";"3297";"305637.4"
"42486182000";"2244700";"3297";"305645.4"
"42487263000";"2244700";"3297";"305653.7"
"42488343000";"2244700";"3297";"305661.6"
"42489686000";"2183500";"3297";"305671.5"
"42490766000";"2183500";"3297";"305679.4"
"42491847000";"2183500";"3297";"305687.4"
"42492932000";"2183500";"3297";"305695.3"
"42494012000";"2183500";"3297";"305703.3"
"42495355000";"2183500";"3297";"305711.6"
"42496435000";"2183500";"3297";"305719.6"
"42497515000";"2168800";"3297";"305727.5"
"42498596000";"2168800";"3297";"305735.9"
"42499676000";"2168800";"3297";"305743.8"
"42501019000";"2168800";"3297";"305752.1"
"42502099000";"2168800";"3297";"305760.1"
"42503185000";"2168800";"3297";"305768.0"
"42504265000";"2168800";"3297";"305776.0"
"42505345000";"2183400";"3297";"305783.9"
"42506688000";"2183400";"3297";"305792.3"
"42507769000";"2183400";"3297";"305800.6"
"42508848000";"2183400";"3297";"305808.5"
"42509928000";"2183400";"3297";"305816.5"
"42511008000";"2183400";"3297";"305824.5"
"42512352000";"2177600";"3297";"305834.3"
"42513436000";"2177600";"3297";"305842.2"
"42514517000";"2177600";"3297";"305850.2"
"42515597000";"2177600";"3297";"305858.2"
"42516677000";"2177600";"3297";"305866.5"
"42518021000";"2177600";"3296";"305874.4"
"42519102000";"2177600";"3297";"305882.8"
"42520181000";"2183500";"3297";"305890.7"
"42521262000";"2183500";"3297";"305898.7"
"42522341000";"2183500";"3297";"305906.6"
"42523694000";"2183500";"3297";"305914.9"
"42524773000";"2183500";"3297";"305922.9"
"42525852000";"2183500";"3297";"305930.8"
"42526932000";"2183500";"3297";"305939.2"
"42528012000";"2183000";"3297";"305947.1"
"42529354000";"2183000";"3297";"305955.4"
"42530434000";"2183000";"3297";"305963.4"
"42531514000";"2183000";"3297";"305971.3"
"42532595000";"2183000";"3297";"305979.7"
"42533681000";"2183000";"3297";"305987.6"
"42535023000";"2183000";"3297";"305996.0"
"42536102000";"2127000";"3297";"306003.9"
"42537182000";"2127000";"3297";"306011.9"
"42538261000";"2127000";"3296";"306019.8"
"42539341000";"2127000";"3296";"306027.8"
"42540684000";"2127000";"3296";"306037.6"
"42541764000";"2127000";"3296";"306045.6"
"42542844000";"2229500";"3296";"306053.5"
"42543930000";"2229500";"3296";"306061.5"
"42545009000";"2229500";"3296";"306069.8"
"42546352000";"2229500";"3296";"306078.1"
"42547432000";"2229500";"3296";"306086.1"
"42548512000";"2229500";"3296";"306094.0"
"42549591000";"2229500";"3296";"306102.0"
"42550671000";"2199000";"3296";"306110.3"
"42552014000";"2199000";"3296";"306118.2"
"42553099000";"2199000";"3296";"306126.6"
"42554179000";"2199000";"3296";"306134.5"
"42555258000";"2199000";"3296";"306142.5"
"42556339000";"2199000";"3296";"306150.4"
"42557683000";"2199000";"3296";"306158.8"
"42558762000";"2112200";"3296";"306166.7"
"42559842000";"2112200";"3296";"306174.7"
"42560922000";"2112200";"3296";"306183.0"
"42562002000";"2112200";"3296";"306190.9"
"42563351000";"2112200";"3296";"306199.3"
"42564435000";"2112200";"3296";"306207.2"
"42565516000";"2112200";"3296";"306215.2"
"42566595000";"2197200";"3296";"306223.5"
"42567676000";"2197200";"3296";"306231.5"
"42569018000";"2197200";"3296";"306239.8"
"42570097000";"2197200";"3296";"306247.7"
"42571177000";"2197200";"3296";"306255.7"
"42572256000";"2197200";"3296";"306263.6"
"42573342000";"2197200";"3296";"306272.0"
"42574684000";"2127200";"3296";"306280.3"
"42575763000";"2127200";"3296";"306288.2"
"42576844000";"2127200";"3296";"306296.2"
"42577924000";"2127200";"3296";"306304.1"
"42579004000";"2127200";"3296";"306312.1"
"42580346000";"2127200";"3296";"306321.9"
"42581426000";"2229700";"3296";"306329.9"
"42582506000";"2229700";"3296";"306337.8"
"42583593000";"2229700";"3296";"306345.8"
"42584672000";"2229700";"3296";"306353.8"
"42586015000";"2229700";"3296";"306363.6"
"42587095000";"2229700";"3296";"306371.5"
"42588175000";"2244500";"3296";"306379.9"
"42589255000";"2244500";"3296";"306387.8"
"42590335000";"2244500";"3296";"306395.8"
"42591678000";"2244500";"3296";"306404.1"
"42592759000";"2244500";"3296";"306412.1"
"42593844000";"2244500";"3296";"306420.0"
"42594924000";"2244500";"3297";"306428.3"
"42596003000";"2183700";"3297";"306436.3"
"42597346000";"2183700";"3297";"306445.8"
"42598426000";"2183700";"3297";"306454.1"
"42599506000";"2183700";"3297";"306462.0"
"42600586000";"2183700";"3297";"306470.0"
"42601666000";"2183700";"3297";"306478.0"
"42603014000";"2160100";"3297";"306486.3"
"42604094000";"2160100";"3297";"306494.2"
"42605173000";"2160100";"3297";"306502.6"
"42606314000";"2160100";"3297";"306510.5"
"42607394000";"2160100";"3297";"306518.5"
"42608736000";"2160100";"3297";"306526.8"
"42609817000";"2160100";"3297";"306535.1"
"42610897000";"2183200";"3297";"306543.1"
"42611977000";"2183200";"3297";"306551.0"
"42613063000";"2183200";"3297";"306559.0"
"42614406000";"2183200";"3297";"306568.8"
"42615485000";"2183200";"3297";"306576.8"
"42616564000";"2183200";"3297";"306584.7"
"42617643000";"2228200";"3297";"306592.7"
"42618724000";"2228200";"3297";"306600.6"
"42620066000";"2228200";"3297";"306610.5"
"42621146000";"2228200";"3297";"306618.4"
"42622226000";"2228200";"3297";"306626.4"
"42623312000";"2228200";"3297";"306634.7"
"42624392000";"2244500";"3297";"306642.7"
"42625735000";"2244500";"3297";"306651.0"
"42626816000";"2244500";"3297";"306658.9"
"42627895000";"2244500";"3297";"306666.9"
"42628974000";"2244500";"3297";"306675.2"
"42630055000";"2244500";"3297";"306683.2"
"42631397000";"2244500";"3297";"306691.5"
"42632477000";"2128200";"3297";"306699.4"
"42633562000";"2128200";"3297";"306707.4"
"42634643000";"2128200";"3296";"306715.3"
"42635724000";"2128200";"3296";"306723.7"
"42637066000";"2128200";"3296";"306733.1"
"42638145000";"2128200";"3296";"306741.1"
"42639226000";"2227400";"3296";"306749.0"
"42640306000";"2227400";"3296";"306757.4"
"42641386000";"2227400";"3296";"306765.3"
"42642729000";"2227400";"3296";"306773.7"
"42643815000";"2227400";"3296";"306781.6"
"42644894000";"2227400";"3296";"306789.6"
"42645975000";"2227400";"3296";"306797.5"
"42647054000";"2198500";"3296";"306805.8"
"42648403000";"2198500";"3296";"306814.2"
"42649482000";"2198500";"3296";"306822.1"
"42650562000";"2198500";"3296";"306830.4"
"42651642000";"2198500";"3296";"306838.4"
"42652723000";"2198500";"3296";"306846.4"
"42654070000";"2198500";"3296";"306854.7"
"42655150000";"2125500";"3296";"306862.6"
"42656229000";"2125500";"3296";"306870.6"
"42657310000";"2125500";"3296";"306878.5"
"42658390000";"2125500";"3296";"306886.9"
"42659733000";"2125500";"3296";"306894.8"
"42660813000";"2125500";"3296";"306903.1"
"42661893000";"2125500";"3296";"306911.1"
"42662978000";"2183700";"3296";"306919.0"
"42664059000";"2183700";"3296";"306927.4"
"42665401000";"2183700";"3297";"306935.7"
"42666481000";"2183700";"3297";"306943.6"
"42667561000";"2183700";"3297";"306951.6"
"42668641000";"2183700";"3297";"306959.5"
"42669721000";"2183700";"3297";"306967.9"
"42671063000";"2185400";"3297";"306977.3"
"42672144000";"2185400";"3297";"306985.7"
"42673228000";"2185400";"3297";"306993.6"
"42674307000";"2185400";"3297";"307001.6"
"42675387000";"2185400";"3297";"307009.5"
"42676730000";"2185400";"3297";"307017.9"
"42677809000";"2185400";"3297";"307025.8"
"42678890000";"2184100";"3297";"307033.8"
"42679971000";"2184100";"3297";"307041.7"
"42681050000";"2184100";"3297";"307050.0"
"42682393000";"2184100";"3297";"307058.4"
"42683478000";"2184100";"3297";"307066.3"
"42684558000";"2184100";"3297";"307074.3"
"42685637000";"2184100";"3297";"307082.2"
"42686718000";"2198800";"3297";"307090.6"
"42688059000";"2198800";"3297";"307100.0"
"42689140000";"2198800";"3297";"307108.4"
"42690225000";"2198800";"3297";"307116.3"
"42691305000";"2198800";"3297";"307124.3"
"42692384000";"2198800";"3297";"307132.2"
"42693734000";"2158300";"3297";"307140.5"
"42694814000";"2158300";"3297";"307148.5"
"42695893000";"2158300";"3297";"307156.4"
"42696974000";"2158300";"3297";"307164.8"
"42698053000";"2158300";"3297";"307172.7"
"42699396000";"2158300";"3297";"307181.0"
"42700476000";"2158300";"3297";"307189.0"
"42701557000";"2185300";"3297";"307196.9"
"42702636000";"2185300";"3297";"307204.9"
"42703722000";"2185300";"3297";"307212.8"
"42705065000";"2185300";"3297";"307221.2"
"42706145000";"2185300";"3297";"307229.5"
"42707224000";"2185300";"3297";"307237.5"
"42708304000";"2185300";"3297";"307245.4"
"42709383000";"2199000";"3297";"307253.7"
"42710725000";"2199000";"3297";"307262.1"
"42711806000";"2199000";"3297";"307270.0"
"42712892000";"2199000";"3297";"307278.0"
"42713971000";"2199000";"3297";"307285.9"
"42715051000";"2199000";"3297";"307293.9"
"42716394000";"2199000";"3297";"307302.2"
"42717474000";"2112400";"3296";"307310.1"
"42718554000";"2112400";"3296";"307318.5"
"42719634000";"2112400";"3296";"307326.4"
"42720714000";"2112400";"3296";"307334.4"
"42722058000";"2112400";"3296";"307342.7"
"42723143000";"2112400";"3296";"307350.7"
"42724222000";"2112400";"3296";"307358.6"
"42725303000";"2183700";"3296";"307366.6"
"42726382000";"2183700";"3297";"307374.9"
"42727726000";"2183700";"3297";"307384.7"
"42728805000";"2183700";"3297";"307392.7"
"42729886000";"2183700";"3297";"307400.6"
"42730965000";"2183700";"3296";"307408.6"
"42732046000";"2263600";"3297";"307416.9"
"42733399000";"2263600";"3297";"307425.2"
"42734478000";"2263600";"3297";"307433.2"
"42735557000";"2263600";"3297";"307441.1"
"42736638000";"2263600";"3297";"307449.1"
"42737717000";"2263600";"3297";"307457.1"
"42739060000";"2263600";"3297";"307465.4"
"42740139000";"2111700";"3297";"307473.3"
"42741219000";"2111700";"3297";"307481.3"
"42742299000";"2111700";"3297";"307489.6"
"42743385000";"2111700";"3297";"307497.6"
"42744727000";"2111700";"3297";"307505.9"
"42745808000";"2111700";"3297";"307513.8"
"42746887000";"2111700";"3297";"307521.8"
"42747967000";"2198700";"3297";"307530.1"
"42749047000";"2198700";"3297";"307538.1"
"42750391000";"2198700";"3297";"307546.4"
"42751471000";"2198700";"3297";"307554.3"
"42752550000";"2198700";"3297";"307562.3"
"42753635000";"2198700";"3297";"307570.2"
"42754716000";"2198700";"3297";"307578.6"
"42756058000";"2112200";"3297";"307586.5"
"42757139000";"2112200";"3297";"307594.9"
"42758219000";"2112200";"3297";"307602.8"
"42759299000";"2112200";"3297";"307610.8"
"42760379000";"2112200";"3297";"307618.7"
"42761723000";"2112200";"3298";"307628.6"
"42762803000";"2246000";"3298";"307636.5"
"42763888000";"2246000";"3298";"307644.5"
"42764968000";"2246000";"3298";"307652.4"
"42766048000";"2246000";"3298";"307660.7"
"42767391000";"2246000";"3298";"307670.6"
"42768471000";"2246000";"3298";"307678.5"
"42769552000";"2244500";"3298";"307686.5"
"42770631000";"2244500";"3298";"307694.4"
"42771712000";"2244500";"3298";"307702.8"
"42773061000";"2244500";"3298";"307711.1"
"42774146000";"2244500";"3298";"307719.1"
"42775225000";"2244500";"3298";"307727.0"
"42776305000";"2244500";"3298";"307735.0"
"42777386000";"2182100";"3298";"307742.9"
"42778728000";"2182100";"3298";"307751.2"
"42779808000";"2182100";"3298";"307759.2"
"42780888000";"2182100";"3298";"307767.1"
"42781968000";"2182100";"3298";"307775.5"
"42783052000";"2182100";"3298";"307783.4"
"42784396000";"2182100";"3297";"307791.7"
"42785476000";"2126900";"3297";"307799.7"
"42786556000";"2126900";"3297";"307807.6"
"42787635000";"2126900";"3298";"307816.0"
"42788716000";"2126900";"3298";"307823.9"
"42790058000";"2126900";"3297";"307833.8"
"42791138000";"2126900";"3297";"307841.7"
"42792218000";"2246800";"3297";"307849.7"
"42793303000";"2246800";"3297";"307857.6"
"42794384000";"2246800";"3297";"307865.6"
"42795727000";"2246800";"3297";"307873.9"
"42796807000";"2246800";"3297";"307881.9"
"42797888000";"2246800";"3298";"307890.2"
"42798968000";"2246800";"3298";"307898.1"
"42800047000";"2183500";"3298";"307906.1"
"42801389000";"2183500";"3298";"307915.9"
"42802468000";"2183500";"3298";"307923.9"
"42803554000";"2183500";"3298";"307931.8"
"42804634000";"2183500";"3297";"307939.8"
"42805715000";"2183500";"3297";"307947.7"
"42807058000";"2159900";"3297";"307956.1"
"42808138000";"2159900";"3298";"307964.4"
"42809219000";"2159900";"3298";"307972.4"
"42810298000";"2159900";"3297";"307980.3"
"42811378000";"2159900";"3297";"307988.6"
"42812721000";"2159900";"3297";"307997.0"
"42813806000";"2159900";"3297";"308004.9"
"42814887000";"2198500";"3297";"308012.9"
"42816030000";"2198500";"3297";"308020.8"
"42817110000";"2198500";"3297";"308028.8"
"42818453000";"2198500";"3297";"308037.1"
"42819533000";"2198500";"3297";"308045.0"
"42820613000";"2198500";"3297";"308053.4"
"42821693000";"2198500";"3297";"308061.3"
"42822773000";"2167500";"3297";"308069.3"
"42824122000";"2167500";"3297";"308079.1"
"42825201000";"2167500";"3297";"308087.1"
"42826281000";"2167500";"3297";"308095.0"
"42827361000";"2167500";"3297";"308103.0"
"42828441000";"2167500";"3297";"308111.3"
"42829783000";"2242700";"3297";"308121.2"
"42830863000";"2242700";"3297";"308129.1"
"42831943000";"2242700";"3297";"308137.1"
"42833028000";"2242700";"3297";"308145.4"
"42834108000";"2242700";"3297";"308153.3"
"42835451000";"2242700";"3297";"308162.8"
"42836531000";"2227800";"3297";"308170.8"
"42837611000";"2227800";"3297";"308179.1"
"42838691000";"2227800";"3297";"308187.0"
"42839772000";"2227800";"3297";"308195.0"
"42841114000";"2227800";"3297";"308203.3"
"42842194000";"2227800";"3297";"308211.3"
"42843280000";"2227800";"3297";"308219.2"
"42844360000";"2198300";"3297";"308227.6"
"42845440000";"2198300";"3297";"308235.5"
"42846784000";"2198300";"3297";"308243.8"
"42847863000";"2198300";"3297";"308251.8"
"42848942000";"2198300";"3297";"308259.7"
"42850022000";"2198300";"3297";"308268.1"
"42851102000";"2198300";"3297";"308276.0"
"42852446000";"2128100";"3297";"308284.3"
"42853532000";"2128100";"3297";"308292.3"
"42854611000";"2128100";"3297";"308300.2"
"42855691000";"2128100";"3297";"308308.2"
"42856771000";"2128100";"3297";"308316.5"
"42858117000";"2128100";"3297";"308324.9"
"42859198000";"2128100";"3297";"308332.8"
"42860277000";"2182800";"3297";"308340.8"
"42861357000";"2182800";"3297";"308348.7"
"42862437000";"2182800";"3297";"308356.7"
"42863786000";"2182800";"3297";"308365.0"
"42864865000";"2182800";"3297";"308373.3"
"42865946000";"2182800";"3297";"308381.3"
"42867026000";"2182800";"3297";"308389.2"
"42868106000";"2183700";"3297";"308397.2"
"42869449000";"2183700";"3297";"308407.0"
"42870529000";"2183700";"3297";"308415.0"
"42871609000";"2183700";"3297";"308423.3"
"42872689000";"2183700";"3297";"308431.3"
"42873775000";"2183700";"3297";"308439.2"
"42875118000";"2176000";"3297";"308447.5"
"42876198000";"2176000";"3297";"308455.5"
"42877278000";"2176000";"3297";"308463.4"
"42878357000";"2176000";"3297";"308471.4"
"42879438000";"2176000";"3297";"308479.7"
"42880780000";"2176000";"3297";"308487.7"
"42881861000";"2176000";"3297";"308496.0"
"42882947000";"2183700";"3297";"308503.9"
"42884026000";"2183700";"3297";"308511.9"
"42885107000";"2183700";"3297";"308520.2"
"42886450000";"2183700";"3297";"308529.7"
"42887531000";"2183700";"3297";"308538.0"
"42888611000";"2183700";"3297";"308546.0"
"42889690000";"2246200";"3297";"308553.9"
"42890771000";"2246200";"3297";"308561.9"
"42892114000";"2246200";"3297";"308570.2"
"42893200000";"2246200";"3297";"308578.5"
"42894279000";"2246200";"3296";"308586.5"
"42895360000";"2246200";"3297";"308594.4"
"42896439000";"2246200";"3296";"308602.4"
"42897782000";"2183600";"3296";"308612.2"
"42898862000";"2183600";"3297";"308620.2"
"42899946000";"2183600";"3297";"308628.1"
"42901025000";"2183600";"3296";"308636.1"
"42902106000";"2183600";"3296";"308644.0"
"42903454000";"2183600";"3296";"308652.4"
"42904534000";"2183600";"3296";"308660.7"
"42905614000";"2182600";"3296";"308668.6"
"42906694000";"2182600";"3296";"308676.6"
"42907774000";"2182600";"3296";"308684.6"
"42909116000";"2182600";"3296";"308692.9"
"42910197000";"2182600";"3296";"308701.2"
"42911277000";"2182600";"3296";"308709.2"
"42912356000";"2182600";"3296";"308717.1"
"42913441000";"2184300";"3296";"308725.1"
"42914784000";"2184300";"3296";"308734.9"
"42915864000";"2184300";"3296";"308742.9"
"42916944000";"2184300";"3296";"308750.8"
"42918024000";"2184300";"3296";"308758.8"
"42919104000";"2184300";"3296";"308767.1"
"42920448000";"2161300";"3296";"308775.0"
"42921528000";"2161300";"3296";"308783.4"
"42922608000";"2161300";"3296";"308791.3"
"42923694000";"2161300";"3296";"308799.3"
"42924773000";"2161300";"3296";"308807.2"
"42926117000";"2161300";"3296";"308815.5"
"42927197000";"2161300";"3296";"308823.5"
"42928277000";"2198300";"3296";"308831.8"
"42929356000";"2198300";"3296";"308839.8"
"42930435000";"2198300";"3296";"308847.7"
"42931779000";"2198300";"3296";"308856.1"
"42932865000";"2198300";"3296";"308864.0"
"42933945000";"2198300";"3296";"308872.3"
"42935025000";"2198300";"3296";"308880.3"
"42936105000";"2183700";"3296";"308888.2"
"42937447000";"2183700";"3296";"308896.6"
"42938526000";"2183700";"3296";"308904.5"
"42939606000";"2183700";"3296";"308912.5"
"42940686000";"2183700";"3296";"308920.4"
"42941766000";"2183700";"3296";"308928.8"
"42943118000";"2175800";"3296";"308938.6"
"42944198000";"2175800";"3296";"308946.6"
"42945278000";"2175800";"3296";"308954.5"
"42946359000";"2175800";"3296";"308962.5"
"42947438000";"2175800";"3296";"308970.4"
"42948782000";"2175800";"3296";"308979.1"
"42949861000";"2175800";"3296";"308987.1"
"42950942000";"2185200";"3296";"308995.0"
"42952021000";"2185200";"3296";"309003.0"
"42953107000";"2185200";"3296";"309011.3"
"42954449000";"2185200";"3296";"309019.6"
"42955529000";"2185200";"3296";"309027.6"
"42956608000";"2185200";"3296";"309035.5"
"42957688000";"2185200";"3296";"309043.5"
"42958769000";"2184100";"3296";"309051.4"
"42960111000";"2184100";"3296";"309059.8"
"42961191000";"2184100";"3296";"309067.7"
"42962272000";"2184100";"3296";"309076.0"
"42963358000";"2184100";"3296";"309084.0"
"42964437000";"2184100";"3296";"309091.9"
"42965780000";"2184100";"3296";"309100.3"
"42966861000";"2126400";"3296";"309108.2"
"42967941000";"2126400";"3297";"309116.5"
"42969022000";"2126400";"3297";"309124.5"
"42970101000";"2126400";"3297";"309132.5"
"42971443000";"2126400";"3297";"309140.8"
"42972523000";"2126400";"3297";"309148.7"
"42973609000";"2126400";"3297";"309156.7"
"42974689000";"2198700";"3297";"309165.0"
"42975768000";"2198700";"3297";"309173.0"
"42977111000";"2198700";"3297";"309181.3"
"42978190000";"2198700";"3297";"309189.2"
"42979271000";"2198700";"3297";"309197.2"
"42980350000";"2198700";"3297";"309205.1"
"42981431000";"2198700";"3297";"309213.1"
"42982773000";"2171300";"3297";"309222.9"
"42983863000";"2171300";"3297";"309230.9"
"42984943000";"2171300";"3297";"309238.8"
"42986023000";"2171300";"3297";"309247.2"
"42987103000";"2171300";"3297";"309255.1"
"42988446000";"2171300";"3297";"309263.4"
"42989526000";"2171300";"3297";"309271.4"
"42990606000";"2182600";"3297";"309279.3"
"42991685000";"2182600";"3297";"309287.7"
"42992766000";"2182600";"3297";"309295.6"
"42994114000";"2182600";"3297";"309304.0"
"42995194000";"2182600";"3297";"309311.9"
"42996273000";"2182600";"3297";"309319.9"
"42997353000";"2182600";"3297";"309327.8"
"42998433000";"2184100";"3297";"309335.8"
"42999776000";"2184100";"3297";"309344.1"
"43000855000";"2184100";"3296";"309352.0"
"43001935000";"2184100";"3296";"309360.4"
"43003020000";"2184100";"3297";"309368.3"
"43004099000";"2184100";"3296";"309376.3"
"43005443000";"2184100";"3296";"309384.6"
"43006522000";"2127000";"3296";"309392.5"
"43007603000";"2127000";"3296";"309400.9"
"43008682000";"2127000";"3296";"309408.8"
"43009761000";"2127000";"3296";"309416.8"
"43011104000";"2127000";"3296";"309425.1"
"43012185000";"2127000";"3296";"309433.1"
"43013270000";"2127000";"3296";"309441.4"
"43014350000";"2198700";"3296";"309449.3"
"43015430000";"2198700";"3296";"309457.3"
"43016772000";"2198700";"3296";"309467.1"
"43017852000";"2198700";"3296";"309475.1"
"43018932000";"2198700";"3296";"309483.0"
"43020012000";"2198700";"3296";"309491.0"
"43021091000";"2229900";"3296";"309498.9"
"43022435000";"2229900";"3296";"309507.3"
"43023520000";"2229900";"3296";"309515.2"
"43024601000";"2229900";"3296";"309523.2"
"43025742000";"2229900";"3296";"309531.5"
"43026823000";"2229900";"3296";"309539.5"
"43028165000";"2229900";"3296";"309547.8"
"43029245000";"2110200";"3296";"309555.7"
"43030325000";"2110200";"3296";"309564.1"
"43031405000";"2110200";"3296";"309572.0"
"43032485000";"2110200";"3296";"309580.0"
"43033833000";"2110200";"3296";"309589.8"
"43034913000";"2110200";"3296";"309597.8"
"43035993000";"2244700";"3296";"309605.7"
"43037073000";"2244700";"3296";"309613.7"
"43038154000";"2244700";"3296";"309621.6"
"43039497000";"2244700";"3296";"309629.9"
"43040576000";"2244700";"3296";"309637.9"
"43041657000";"2244700";"3296";"309646.2"
"43042736000";"2244700";"3296";"309654.2"
"43043821000";"2183900";"3296";"309662.1"
"43045164000";"2183900";"3296";"309672.0"
"43046244000";"2183900";"3296";"309679.9"
"43047324000";"2183900";"3296";"309687.9"
"43048404000";"2183900";"3296";"309695.8"
"43049484000";"2183900";"3296";"309704.2"
"43050826000";"2227700";"3296";"309713.6"
"43051907000";"2227700";"3296";"309722.0"
"43052992000";"2227700";"3296";"309729.9"
"43054071000";"2227700";"3296";"309737.9"
"43055152000";"2227700";"3296";"309745.8"
"43056496000";"2227700";"3296";"309754.1"
"43057575000";"2227700";"3296";"309762.1"
"43058655000";"2198500";"3296";"309770.4"
"43059735000";"2198500";"3296";"309778.4"
"43060815000";"2198500";"3296";"309786.3"
"43062158000";"2198500";"3296";"309794.6"
"43063243000";"2198500";"3296";"309802.6"
"43064322000";"2198500";"3296";"309810.6"
"43065402000";"2198500";"3296";"309818.5"
"43066482000";"2184100";"3296";"309826.8"
"43067830000";"2184100";"3296";"309835.2"
"43068910000";"2184100";"3296";"309843.1"
"43069991000";"2184100";"3297";"309851.1"
"43071070000";"2184100";"3297";"309859.4"
"43072149000";"2184100";"3297";"309867.3"
"43073498000";"2175000";"3297";"309877.2"
"43074577000";"2175000";"3297";"309885.1"
"43075656000";"2175000";"3297";"309893.1"
"43076736000";"2175000";"3297";"309901.1"
"43077815000";"2175000";"3297";"309909.0"
"43079158000";"2175000";"3297";"309917.3"
"43080239000";"2175000";"3297";"309925.3"
"43081319000";"2171100";"3296";"309933.2"
"43082398000";"2171100";"3296";"309941.6"
"43083483000";"2171100";"3296";"309949.5"
"43084825000";"2171100";"3296";"309957.8"
"43085905000";"2171100";"3297";"309965.8"
"43086986000";"2171100";"3297";"309973.7"
"43088065000";"2171100";"3296";"309981.7"
"43089145000";"2199000";"3297";"309990.0"
"43090487000";"2199000";"3297";"309999.5"
"43091568000";"2199000";"3297";"310007.8"
"43092648000";"2199000";"3297";"310015.8"
"43093733000";"2199000";"3297";"310023.7"
"43094812000";"2199000";"3297";"310031.7"
"43096156000";"2160100";"3297";"310040.0"
"43097235000";"2160100";"3297";"310047.9"
"43098315000";"2160100";"3297";"310055.9"
"43099395000";"2160100";"3297";"310064.2"
"43100475000";"2160100";"3297";"310072.2"
"43101818000";"2160100";"3297";"310080.5"
"43102904000";"2160100";"3297";"310088.5"
"43103984000";"2183900";"3297";"310096.4"
"43105063000";"2183900";"3297";"310104.4"
"43106143000";"2183900";"3297";"310112.3"
"43107486000";"2183900";"3297";"310120.6"
"43108566000";"2183900";"3297";"310129.0"
"43109650000";"2183900";"3297";"310136.9"
"43110730000";"2183900";"3297";"310144.9"
"43111809000";"2184400";"3297";"310152.8"
"43113157000";"2184400";"3297";"310161.1"
"43114238000";"2184400";"3297";"310169.1"
"43115318000";"2184400";"3297";"310177.4"
"43116398000";"2184400";"3297";"310185.4"
"43117477000";"2184400";"3297";"310193.3"
"43118819000";"2184400";"3297";"310201.7"
"43119899000";"2127000";"3297";"310209.6"
"43120979000";"2127000";"3297";"310217.6"
"43122060000";"2127000";"3297";"310225.5"
"43123145000";"2127000";"3297";"310233.5"
"43124489000";"2127000";"3297";"310241.8"
"43125568000";"2127000";"3297";"310250.1"
"43126649000";"2127000";"3297";"310258.1"
"43127729000";"2183400";"3297";"310266.0"
"43128809000";"2183400";"3296";"310274.0"
"43130151000";"2183400";"3297";"310282.3"
"43131231000";"2183400";"3297";"310290.6"
"43132310000";"2183400";"3297";"310298.6"
"43133395000";"2183400";"3296";"310306.5"
"43134476000";"2183400";"3296";"310314.5"
"43135819000";"2126900";"3296";"310322.8"
"43136899000";"2126900";"3296";"310330.8"
"43137978000";"2126900";"3297";"310338.7"
"43139058000";"2126900";"3297";"310347.0"
"43140138000";"2126900";"3297";"310355.0"
"43141481000";"2126900";"3297";"310363.3"
"43142561000";"2126900";"3297";"310371.3"
"43143646000";"2184100";"3297";"310379.2"
"43144726000";"2184100";"3297";"310387.2"
"43145806000";"2184100";"3297";"310395.1"
"43147150000";"2184100";"3297";"310403.8"
"43148229000";"2184100";"3297";"310411.8"
"43149309000";"2184100";"3297";"310419.7"
"43150389000";"2184100";"3297";"310427.7"
"43151468000";"2200300";"3297";"310436.0"
"43152816000";"2200300";"3297";"310444.3"
"43153902000";"2200300";"3297";"310452.3"
"43154982000";"2200300";"3297";"310460.2"
"43156062000";"2200300";"3297";"310468.2"
"43157142000";"2200300";"3297";"310476.1"
"43158485000";"2200300";"3297";"310484.5"
"43159565000";"2110900";"3297";"310492.4"
"43160645000";"2110900";"3297";"310500.4"
"43161725000";"2110900";"3297";"310508.7"
"43162805000";"2110900";"3297";"310516.7"
"43164153000";"2110900";"3297";"310525.0"
"43165233000";"2110900";"3297";"310532.9"
"43166313000";"2110900";"3297";"310540.9"
"43167392000";"2184100";"3297";"310548.8"
"43168473000";"2184100";"3297";"310557.2"
"43169816000";"2184100";"3297";"310565.5"
"43170896000";"2184100";"3297";"310573.4"
"43171975000";"2184100";"3297";"310581.4"
"43173061000";"2184100";"3297";"310589.3"
"43174140000";"2184100";"3297";"310597.3"
"43175482000";"2184000";"3297";"310607.1"
"43176562000";"2184000";"3297";"310615.1"
"43177642000";"2184000";"3297";"310623.0"
"43178723000";"2184000";"3297";"310631.0"
"43179803000";"2184000";"3296";"310638.9"
"43181146000";"2184000";"3296";"310647.3"
"43182225000";"2184000";"3296";"310655.2"
"43183312000";"2183500";"3296";"310663.6"
"43184392000";"2183500";"3296";"310671.5"
"43185472000";"2183500";"3297";"310679.5"
"43186815000";"2183500";"3296";"310687.8"
"43187895000";"2183500";"3296";"310695.7"
"43188975000";"2183500";"3296";"310703.7"
"43190055000";"2183500";"3296";"310712.0"
"43191135000";"2185200";"3297";"310720.0"
"43192477000";"2185200";"3297";"310728.3"
"43193568000";"2185200";"3297";"310736.2"
"43194648000";"2185200";"3297";"310744.2"
"43195727000";"2185200";"3297";"310752.1"
"43196807000";"2185200";"3296";"310760.1"
"43198149000";"2185200";"3296";"310768.4"
"43199230000";"2111400";"3296";"310776.4"
"43200310000";"2111400";"3296";"310784.3"
"43201391000";"2111400";"3296";"310792.3"
"43202471000";"2111400";"3296";"310800.6"
"43203819000";"2111400";"3296";"310810.1"
"43204899000";"2111400";"3296";"310818.0"
"43205978000";"2244500";"3296";"310826.4"
"43207059000";"2244500";"3296";"310834.3"
"43208139000";"2244500";"3296";"310842.3"
"43209482000";"2244500";"3296";"310850.6"
"43210561000";"2244500";"3296";"310858.5"
"43211641000";"2244500";"3296";"310866.5"
"43212721000";"2244500";"3296";"310874.4"
"43213806000";"2183900";"3296";"310882.8"
"43215149000";"2183900";"3296";"310891.1"
"43216228000";"2183900";"3296";"310899.0"
"43217307000";"2183900";"3297";"310907.0"
"43218387000";"2183900";"3296";"310914.9"
"43219466000";"2183900";"3297";"310922.9"
"43220809000";"2183900";"3297";"310931.2"
"43221888000";"2114800";"3297";"310939.2"
"43222974000";"2114800";"3297";"310947.1"
"43224054000";"2114800";"3296";"310955.1"
"43225134000";"2114800";"3296";"310963.0"
"43226476000";"2114800";"3296";"310971.3"
"43227557000";"2114800";"3296";"310979.7"
"43228637000";"2114800";"3296";"310987.6"
"43229717000";"2183500";"3296";"310995.6"
"43230797000";"2183500";"3296";"311003.5"
"43232140000";"2183500";"3296";"311011.9"
"43233226000";"2183500";"3296";"311019.8"
"43234306000";"2183500";"3296";"311027.8"
"43235386000";"2183500";"3296";"311036.1"
"43236470000";"2183500";"3297";"311044.0"
"43237813000";"2168100";"3297";"311053.5"
"43238894000";"2168100";"3297";"311061.5"
"43239974000";"2168100";"3296";"311069.4"
"43241054000";"2168100";"3296";"311077.8"
"43242133000";"2168100";"3296";"311085.7"
"43243482000";"2168100";"3296";"311094.0"
"43244561000";"2168100";"3296";"311102.0"
"43245641000";"2183900";"3297";"311109.9"
"43246721000";"2183900";"3297";"311117.9"
"43247800000";"2183900";"3296";"311125.8"
"43249143000";"2183900";"3296";"311134.2"
"43250224000";"2183900";"3296";"311142.1"
"43251304000";"2183900";"3296";"311150.4"
"43252383000";"2183900";"3297";"311158.4"
"43253468000";"2184100";"3297";"311166.3"
"43254810000";"2184100";"3297";"311174.7"
"43255890000";"2184100";"3297";"311182.6"
"43256970000";"2184100";"3297";"311190.6"
"43258051000";"2184100";"3297";"311198.5"
"43259130000";"2184100";"3297";"311206.5"
"43260474000";"2184100";"3297";"311214.8"
"43261553000";"2113900";"3297";"311222.7"
"43262634000";"2113900";"3296";"311230.7"
"43263720000";"2113900";"3296";"311239.0"
"43264799000";"2113900";"3296";"311247.0"
"43266142000";"2113900";"3297";"311255.3"
"43267222000";"2113900";"3297";"311263.3"
"43268302000";"2113900";"3297";"311271.2"
"43269383000";"2183500";"3297";"311279.2"
"43270463000";"2183500";"3296";"311287.1"
"43271806000";"2183500";"3296";"311297.0"
"43272892000";"2183500";"3296";"311304.9"
"43273971000";"2183500";"3296";"311312.9"
"43275052000";"2183500";"3296";"311321.2"
"43276132000";"2244300";"3296";"311329.1"
"43277415000";"2244300";"3296";"311337.1"
"43278560000";"2244300";"3296";"311345.4"
"43279639000";"2244300";"3296";"311353.4"
"43280720000";"2244300";"3296";"311361.3"
"43281799000";"2244300";"3296";"311369.3"
"43283147000";"2158700";"3297";"311379.1"
"43284227000";"2158700";"3297";"311387.1"
"43285308000";"2158700";"3297";"311395.0"
"43286387000";"2158700";"3296";"311403.0"
"43287468000";"2158700";"3296";"311410.9"
"43288812000";"2158700";"3296";"311419.2"
"43289892000";"2158700";"3297";"311427.2"
"43290972000";"2184600";"3297";"311435.5"
"43292051000";"2184600";"3297";"311443.5"
"43293136000";"2184600";"3297";"311451.4"
"43294480000";"2184600";"3297";"311459.8"
"43295559000";"2184600";"3297";"311467.7"
"43296638000";"2184600";"3297";"311475.7"
"43297718000";"2184600";"3297";"311483.6"
"43298799000";"2169500";"3297";"311491.6"
"43300141000";"2169500";"3296";"311499.9"
"43301222000";"2169500";"3296";"311507.8"
"43302302000";"2169500";"3296";"311515.8"
"43303386000";"2169500";"3297";"311524.1"
"43304467000";"2169500";"3297";"311532.1"
"43305810000";"2169500";"3297";"311540.4"
"43306890000";"2126700";"3297";"311548.3"
"43307969000";"2126700";"3297";"311556.3"
"43309049000";"2126700";"3296";"311564.3"
"43310129000";"2126700";"3297";"311572.2"
"43311471000";"2126700";"3296";"311580.5"
"43312551000";"2126700";"3297";"311588.9"
"43313637000";"2126700";"3297";"311596.8"
"43314717000";"2184100";"3297";"311604.8"
"43315796000";"2184100";"3297";"311612.7"
"43317139000";"2184100";"3297";"311621.0"
"43318218000";"2184100";"3297";"311629.0"
"43319344000";"2184100";"3297";"311636.9"
"43320423000";"2184100";"3297";"311644.9"
"43321504000";"2184100";"3297";"311652.8"
"43322852000";"2100900";"3296";"311661.2"
"43323932000";"2100900";"3296";"311669.1"
"43325011000";"2100900";"3296";"311677.4"
"43326090000";"2100900";"3296";"311685.4"
"43327171000";"2100900";"3297";"311693.4"
"43328514000";"2100900";"3297";"311701.7"
"43329594000";"2100900";"3297";"311709.6"
"43330674000";"2185500";"3297";"311717.6"
"43331754000";"2185500";"3297";"311725.5"
"43332835000";"2185500";"3297";"311733.9"
"43334183000";"2185500";"3297";"311742.2"
"43335264000";"2185500";"3297";"311750.1"
"43336344000";"2185500";"3297";"311758.1"
"43337423000";"2185500";"3297";"311766.0"
"43338503000";"2183700";"3297";"311774.0"
"43339845000";"2183700";"3297";"311782.3"
"43340926000";"2183700";"3297";"311790.3"
"43342005000";"2183700";"3297";"311798.2"
"43343090000";"2183700";"3297";"311806.2"
"43344170000";"2183700";"3297";"311814.5"
"43345513000";"2183700";"3297";"311822.8"
"43346593000";"2126900";"3297";"311830.8"
"43347673000";"2126900";"3297";"311838.7"
"43348753000";"2126900";"3297";"311846.7"
"43349833000";"2126900";"3297";"311854.6"
"43351176000";"2126900";"3297";"311864.5"
"43352255000";"2126900";"3297";"311872.4"
"43353340000";"2227800";"3297";"311880.4"
"43354421000";"2227800";"3297";"311888.3"
"43355501000";"2227800";"3297";"311896.7"
"43356844000";"2227800";"3297";"311904.6"
"43357925000";"2227800";"3297";"311912.9"
"43359005000";"2227800";"3297";"311920.9"
"43360085000";"2227800";"3297";"311928.8"
"43361164000";"2185000";"3297";"311936.8"
"43362512000";"2185000";"3297";"311946.3"
"43363598000";"2185000";"3297";"311954.6"
"43364679000";"2185000";"3298";"311962.5"
"43365758000";"2185000";"3298";"311970.5"
"43366837000";"2185000";"3298";"311978.4"
"43368179000";"2158700";"3298";"311986.8"
"43369260000";"2158700";"3297";"311994.7"
"43370340000";"2158700";"3297";"312003.1"
"43371420000";"2158700";"3298";"312011.0"
"43372499000";"2158700";"3298";"312019.0"
"43373847000";"2158700";"3298";"312027.3"
"43374927000";"2158700";"3298";"312035.2"
"43376007000";"2183900";"3298";"312043.2"
"43377088000";"2183900";"3298";"312051.1"
"43378168000";"2183900";"3298";"312059.1"
"43379511000";"2183900";"3298";"312067.4"
"43380591000";"2183900";"3297";"312075.4"
"43381670000";"2183900";"3297";"312083.7"
"43382750000";"2183900";"3297";"312091.6"
"43383835000";"2183900";"3297";"312099.6"
"43385178000";"2183900";"3297";"312107.9"
"43386258000";"2183900";"3297";"312115.9"
"43387338000";"2183900";"3297";"312123.8"
"43388417000";"2183900";"3297";"312131.8"
"43389497000";"2183900";"3297";"312140.1"
"43390839000";"2183900";"3297";"312148.4"
"43391920000";"2128400";"3297";"312156.4"
"43393005000";"2128400";"3297";"312164.3"
"43394086000";"2128400";"3297";"312172.7"
"43395165000";"2128400";"3297";"312180.6"
"43396508000";"2128400";"3297";"312188.9"
"43397587000";"2128400";"3297";"312196.9"
"43398667000";"2128400";"3297";"312204.8"
"43399747000";"2184100";"3297";"312212.8"
"43400826000";"2184100";"3297";"312220.7"
"43402168000";"2184100";"3297";"312230.6"
"43403258000";"2184100";"3297";"312238.5"
"43404338000";"2184100";"3297";"312246.5"
"43405418000";"2184100";"3297";"312254.4"
"43406498000";"2226500";"3297";"312262.4"
"43407840000";"2226500";"3297";"312272.2"
"43408921000";"2226500";"3297";"312280.2"
"43410001000";"2226500";"3297";"312288.5"
"43411081000";"2226500";"3297";"312296.5"
"43412161000";"2226500";"3297";"312304.4"
"43413510000";"2176200";"3297";"312312.8"
"43414590000";"2176200";"3297";"312320.7"
"43415671000";"2176200";"3297";"312328.7"
"43416750000";"2176200";"3297";"312336.6"
"43417829000";"2176200";"3297";"312344.6"
"43419173000";"2176200";"3296";"312352.9"
"43420254000";"2176200";"3297";"312360.8"
"43421333000";"2185200";"3297";"312369.2"
"43422413000";"2185200";"3297";"312377.1"
"43423498000";"2185200";"3297";"312385.1"
"43424839000";"2185200";"3297";"312393.4"
"43425920000";"2185200";"3297";"312401.3"
"43427000000";"2185200";"3297";"312409.3"
"43428080000";"2185200";"3297";"312417.3"
"43429161000";"2169300";"3297";"312425.2"
"43430503000";"2169300";"3297";"312433.5"
"43431582000";"2169300";"3297";"312441.9"
"43432661000";"2169300";"3297";"312449.8"
"43433747000";"2169300";"3297";"312457.8"
"43434826000";"2169300";"3297";"312465.7"
"43436168000";"2177600";"3297";"312475.6"
"43437248000";"2177600";"3297";"312483.5"
"43438329000";"2177600";"3297";"312491.5"
"43439409000";"2177600";"3297";"312499.4"
"43440489000";"2177600";"3297";"312507.4"
"43441831000";"2177600";"3297";"312515.7"
"43442917000";"2177600";"3297";"312523.6"
"43443996000";"2169100";"3297";"312531.6"
"43445076000";"2169100";"3297";"312539.5"
"43446160000";"2169100";"3297";"312547.9"
"43447502000";"2169100";"3297";"312557.3"
"43448582000";"2169100";"3297";"312565.3"
"43449662000";"2169100";"3297";"312573.6"
"43450743000";"2245100";"3297";"312581.6"
"43451822000";"2245100";"3297";"312589.5"
"43453171000";"2245100";"3297";"312597.9"
"43454251000";"2245100";"3297";"312605.8"
"43455331000";"2245100";"3297";"312613.8"
"43456411000";"2245100";"3297";"312622.1"
"43457491000";"2245100";"3297";"312630.0"
"43458834000";"2126500";"3297";"312638.4"
"43459914000";"2126500";"3297";"312646.3"
"43460993000";"2126500";"3297";"312654.3"
"43462074000";"2126500";"3297";"312662.2"
"43463160000";"2126500";"3297";"312670.2"
"43464502000";"2126500";"3297";"312678.5"
"43465581000";"2126500";"3297";"312686.4"
"43466662000";"2169100";"3297";"312694.4"
"43467742000";"2169100";"3297";"312702.7"
"43468822000";"2169100";"3297";"312710.7"
"43470165000";"2169100";"3297";"312720.1"
"43471245000";"2169100";"3297";"312728.5"
"43472325000";"2169100";"3297";"312736.4"
"43473410000";"2244700";"3297";"312744.4"
"43474489000";"2244700";"3297";"312752.3"
"43475833000";"2244700";"3297";"312760.7"
"43476912000";"2244700";"3297";"312768.6"
"43477993000";"2244700";"3297";"312776.6"
"43479072000";"2244700";"3297";"312784.5"
"43480152000";"2244700";"3297";"312792.8"
"43481494000";"2114300";"3297";"312800.8"
"43482574000";"2114300";"3297";"312809.1"
"43483659000";"2114300";"3297";"312817.1"
"43484739000";"2114300";"3297";"312825.0"
"43485819000";"2114300";"3297";"312833.0"
"43487166000";"2114300";"3297";"312842.8"
"43488246000";"2243400";"3297";"312850.8"
"43489326000";"2243400";"3297";"312858.7"
"43490406000";"2243400";"3296";"312866.7"
"43491486000";"2243400";"3297";"312875.0"
"43492829000";"2243400";"3297";"312883.3"
"43493915000";"2243400";"3297";"312891.3"
"43494995000";"2243400";"3297";"312899.2"
"43496075000";"2183500";"3296";"312907.2"
"43497155000";"2183500";"3296";"312915.1"
"43498498000";"2183500";"3296";"312923.5"
"43499578000";"2183500";"3296";"312931.4"
"43500658000";"2183500";"3296";"312939.4"
"43501738000";"2183500";"3296";"312947.7"
"43502818000";"2183500";"3296";"312955.6"
"43504166000";"2169500";"3296";"312965.1"
"43505247000";"2169500";"3296";"312973.4"
"43506326000";"2169500";"3296";"312981.4"
"43507406000";"2169500";"3296";"312989.3"
"43508485000";"2169500";"3296";"312997.3"
"43509828000";"2169500";"3296";"313007.1"
"43510908000";"2246800";"3296";"313015.1"
"43511987000";"2246800";"3296";"313023.1"
"43513073000";"2246800";"3296";"313031.4"
"43514153000";"2246800";"3296";"313039.3"
"43515495000";"2246800";"3296";"313047.7"
"43516575000";"2246800";"3296";"313055.6"
"43517655000";"2246800";"3296";"313063.6"
"43518735000";"2184100";"3296";"313071.5"
"43519815000";"2184100";"3296";"313079.5"
"43521159000";"2184100";"3296";"313089.3"
"43522238000";"2184100";"3296";"313097.3"
"43523324000";"2184100";"3296";"313105.2"
"43524404000";"2184100";"3296";"313113.5"
"43525484000";"2244300";"3296";"313121.5"
"43526826000";"2244300";"3296";"313131.0"
"43527907000";"2244300";"3296";"313139.3"
"43528988000";"2244300";"3296";"313147.2"
"43530071000";"2244300";"3296";"313155.2"
"43531152000";"2244300";"3296";"313163.2"
"43532495000";"2160100";"3296";"313171.5"
"43533580000";"2160100";"3296";"313179.8"
"43534661000";"2160100";"3296";"313187.8"
"43535741000";"2160100";"3296";"313195.7"
"43536821000";"2160100";"3296";"313203.7"
"43538164000";"2160100";"3296";"313213.5"
"43539244000";"2244300";"3296";"313221.5"
"43540325000";"2244300";"3296";"313229.4"
"43541404000";"2244300";"3296";"313237.4"
"43542484000";"2244300";"3296";"313245.3"
"43543833000";"2244300";"3296";"313253.6"
"43544913000";"2244300";"3296";"313261.6"
"43545993000";"2244300";"3296";"313269.5"
"43547073000";"2169000";"3296";"313277.5"
"43548153000";"2169000";"3296";"313285.8"
"43549497000";"2169000";"3296";"313294.1"
"43550576000";"2169000";"3296";"313302.1"
"43551656000";"2169000";"3296";"313310.1"
"43552736000";"2169000";"3296";"313318.0"
"43553822000";"2169000";"3296";"313326.3"
"43555164000";"2126500";"3296";"313334.3"
"43556244000";"2126500";"3296";"313342.6"
"43557324000";"2126500";"3297";"313350.6"
"43558405000";"2126500";"3297";"313358.5"
"43559485000";"2126500";"3297";"313366.5"
"43560828000";"2126500";"3297";"313374.8"
"43561908000";"2126500";"3297";"313382.7"
"43562993000";"2183500";"3297";"313390.7"
"43564074000";"2183500";"3297";"313398.6"
"43565155000";"2183500";"3296";"313406.6"
"43566498000";"2183500";"3296";"313414.9"
"43567578000";"2183500";"3296";"313423.2"
"43568657000";"2183500";"3297";"313431.2"
"43569738000";"2183500";"3297";"313439.2"
"43570817000";"2185000";"3297";"313447.1"
"43572165000";"2185000";"3296";"313455.4"
"43573250000";"2185000";"3297";"313463.8"
"43574330000";"2185000";"3297";"313471.7"
"43575409000";"2185000";"3297";"313479.7"
"43576489000";"2185000";"3297";"313487.6"
"43577831000";"2185000";"3297";"313495.9"
"43578912000";"2125800";"3297";"313503.9"
"43579991000";"2125800";"3297";"313511.8"
"43581072000";"2125800";"3297";"313519.8"
"43582151000";"2125800";"3297";"313527.7"
"43583499000";"2125800";"3297";"313536.1"
"43584579000";"2125800";"3296";"313544.0"
"43585660000";"2125800";"3296";"313552.0"
"43586740000";"2169000";"3296";"313559.9"
"43587820000";"2169000";"3296";"313568.3"
"43589163000";"2169000";"3297";"313576.6"
"43590243000";"2169000";"3297";"313584.5"
"43591322000";"2169000";"3296";"313592.5"
"43592402000";"2169000";"3296";"313600.4"
"43593488000";"2169000";"3296";"313608.8"
"43594831000";"2126700";"3296";"313616.7"
"43595912000";"2126700";"3296";"313625.0"
"43596992000";"2126700";"3297";"313633.0"
"43598071000";"2126700";"3297";"313640.9"
"43599151000";"2126700";"3297";"313648.9"
"43600494000";"2126700";"3297";"313657.2"
"43601575000";"2126700";"3297";"313665.2"
"43602655000";"2185000";"3297";"313673.1"
"43603741000";"2185000";"3297";"313681.1"
"43604821000";"2185000";"3297";"313689.0"
"43606164000";"2185000";"3297";"313697.3"
"43607244000";"2185000";"3296";"313705.3"
"43608324000";"2185000";"3297";"313713.6"
"43609404000";"2185000";"3297";"313721.6"
"43610483000";"2183700";"3297";"313729.5"
"43611826000";"2183700";"3297";"313737.9"
"43612947000";"2183700";"3296";"313745.8"
"43614028000";"2183700";"3296";"313754.1"
"43615107000";"2183700";"3296";"313762.1"
"43616188000";"2183700";"3296";"313770.0"
"43617530000";"2149100";"3296";"313779.5"
"43618609000";"2149100";"3296";"313787.5"
"43619689000";"2149100";"3296";"313795.8"
"43620769000";"2149100";"3296";"313803.7"
"43621849000";"2149100";"3296";"313811.7"
"43623198000";"2149100";"3296";"313821.2"
"43624278000";"2227600";"3296";"313829.1"
"43625358000";"2227600";"3296";"313837.4"
"43626437000";"2227600";"3296";"313845.4"
"43627518000";"2227600";"3296";"313853.3"
"43628860000";"2227600";"3297";"313861.7"
"43629939000";"2227600";"3296";"313869.6"
"43631020000";"2227600";"3296";"313877.6"
"43632100000";"2200300";"3296";"313885.9"
"43633185000";"2200300";"3296";"313893.9"
"43634529000";"2200300";"3296";"313903.3"
"43635610000";"2200300";"3297";"313911.7"
"43636690000";"2200300";"3297";"313919.6"
"43637770000";"2200300";"3297";"313927.6"
"43638850000";"2226900";"3297";"313935.5"
"43640193000";"2226900";"3297";"313943.8"
"43641273000";"2226900";"3297";"313951.8"
"43642353000";"2226900";"3297";"313959.7"
"43643438000";"2226900";"3297";"313967.7"
"43644517000";"2226900";"3297";"313975.6"
"43645861000";"2226900";"3297";"313984.0"
"43646940000";"2112600";"3297";"313991.9"
"43648021000";"2112600";"3297";"313999.9"
"43649100000";"2112600";"3297";"314008.2"
"43650181000";"2112600";"3297";"314016.2"
"43651524000";"2112600";"3297";"314024.5"
"43652604000";"2112600";"3297";"314032.4"
"43653689000";"2112600";"3297";"314040.4"
"43654768000";"2198700";"3297";"314048.7"
"43655852000";"2198700";"3297";"314056.7"
"43657196000";"2198700";"3297";"314065.0"
"43658275000";"2198700";"3297";"314072.9"
"43659356000";"2198700";"3297";"314080.9"
"43660435000";"2198700";"3297";"314088.8"
"43661515000";"2198700";"3297";"314096.8"
"43662864000";"2111200";"3297";"314105.1"
"43663944000";"2111200";"3297";"314113.1"
"43665024000";"2111200";"3297";"314121.0"
"43666103000";"2111200";"3297";"314129.0"
"43667184000";"2111200";"3296";"314136.9"
"43668527000";"2111200";"3296";"314145.2"
"43669607000";"2111200";"3297";"314153.6"
"43670687000";"2185200";"3297";"314161.5"
"43671767000";"2185200";"3296";"314169.5"
"43672852000";"2185200";"3296";"314177.4"
"43674195000";"2185200";"3296";"314185.7"
"43675274000";"2185200";"3296";"314193.7"
"43676354000";"2185200";"3296";"314202.0"
"43677434000";"2185200";"3296";"314210.0"
"43678514000";"2184100";"3297";"314217.9"
"43679857000";"2184100";"3297";"314226.3"
"43680937000";"2184100";"3297";"314234.2"
"43682017000";"2184100";"3297";"314242.2"
"43683103000";"2184100";"3297";"314250.1"
"43684183000";"2184100";"3296";"314258.1"
"43685526000";"2184100";"3296";"314266.4"
"43686606000";"2112100";"3296";"314274.3"
"43687687000";"2112100";"3296";"314282.3"
"43688767000";"2112100";"3296";"314290.6"
"43689847000";"2112100";"3296";"314298.6"
"43691190000";"2112100";"3296";"314306.9"
"43692270000";"2112100";"3296";"314314.9"
"43693355000";"2112100";"3296";"314322.8"
"43694435000";"2183500";"3296";"314330.8"
"43695515000";"2183500";"3296";"314339.1"
"43696863000";"2183500";"3296";"314347.4"
"43697943000";"2183500";"3296";"314355.4"
"43699022000";"2183500";"3296";"314363.3"
"43700103000";"2183500";"3296";"314371.3"
"43701182000";"2183500";"3296";"314379.2"
"43702525000";"2127000";"3296";"314387.5"
"43703610000";"2127000";"3296";"314395.5"
"43704690000";"2127000";"3296";"314403.4"
"43705770000";"2127000";"3296";"314411.4"
"43706850000";"2127000";"3296";"314419.7"
"43708192000";"2127000";"3296";"314428.0"
"43709271000";"2127000";"3296";"314436.0"
"43710350000";"2184600";"3296";"314444.0"
"43711430000";"2184600";"3297";"314451.9"
"43712510000";"2184600";"3297";"314460.2"
"43713857000";"2184600";"3297";"314469.7"
"43714937000";"2184600";"3297";"314478.0"
"43716017000";"2184600";"3297";"314486.0"
"43717096000";"2245600";"3297";"314493.9"
"43718176000";"2245600";"3297";"314501.9"
"43719518000";"2245600";"3297";"314511.4"
"43720597000";"2245600";"3297";"314519.7"
"43721678000";"2245600";"3297";"314527.6"
"43722758000";"2245600";"3297";"314535.6"
"43723843000";"2227800";"3297";"314543.5"
"43725187000";"2227800";"3298";"314551.9"
"43726266000";"2227800";"3298";"314559.8"
"43727346000";"2227800";"3298";"314567.8"
"43728426000";"2227800";"3297";"314575.7"
"43729505000";"2227800";"3298";"314584.1"
"43730848000";"2227800";"3298";"314592.4"
"43731927000";"2128600";"3298";"314600.3"
"43733013000";"2128600";"3298";"314608.7"
"43734092000";"2128600";"3298";"314616.6"
"43735172000";"2128600";"3298";"314624.6"
"43736515000";"2128600";"3298";"314634.4"
"43737595000";"2128600";"3298";"314642.4"
"43738675000";"2244700";"3298";"314650.3"
"43739760000";"2244700";"3298";"314658.3"
"43740840000";"2244700";"3298";"314666.2"
"43742183000";"2244700";"3298";"314674.5"
"43743269000";"2244700";"3298";"314682.5"
"43744348000";"2244700";"3298";"314690.4"
"43745428000";"2244700";"3298";"314698.4"
"43746507000";"2182800";"3298";"314706.7"
"43747850000";"2182800";"3298";"314715.1"
"43748929000";"2182800";"3298";"314723.0"
"43750009000";"2182800";"3298";"314731.0"
"43751089000";"2182800";"3298";"314738.9"
"43752169000";"2182800";"3298";"314747.2"
"43753517000";"2160300";"3298";"314756.7"
"43754597000";"2160300";"3297";"314765.0"
"43755676000";"2160300";"3297";"314773.0"
"43756756000";"2160300";"3297";"314780.9"
"43757836000";"2160300";"3297";"314788.9"
"43759178000";"2160300";"3298";"314797.2"
"43760257000";"2160300";"3298";"314805.2"
"43761338000";"2185900";"3298";"314813.1"
"43762417000";"2185900";"3297";"314821.1"
"43763503000";"2185900";"3297";"314829.4"
"43764846000";"2185900";"3297";"314837.3"
"43765927000";"2185900";"3298";"314845.7"
"43767006000";"2185900";"3298";"314853.6"
"43768086000";"2185900";"3298";"314861.6"
"43769165000";"2184100";"3297";"314869.5"
"43770508000";"2184100";"3297";"314877.9"
"43771587000";"2184100";"3297";"314886.2"
"43772668000";"2184100";"3297";"314894.1"
"43773753000";"2184100";"3297";"314902.1"
"43774833000";"2184100";"3297";"314910.0"
"43776176000";"2184100";"3297";"314918.4"
"43777255000";"2126900";"3297";"314926.3"
"43778336000";"2126900";"3297";"314934.3"
"43779415000";"2126900";"3297";"314942.6"
"43780496000";"2126900";"3297";"314950.6"
"43781843000";"2126900";"3297";"314958.9"
"43782928000";"2126900";"3297";"314966.8"
"43784009000";"2126900";"3297";"314974.8"
"43785089000";"2182300";"3297";"314982.7"
"43786168000";"2182300";"3297";"314990.7"
"43787511000";"2182300";"3297";"314999.0"
"43788591000";"2182300";"3297";"315007.3"
"43789671000";"2182300";"3297";"315015.3"
"43790750000";"2182300";"3297";"315023.2"
"43791830000";"2182300";"3296";"315031.2"
"43793179000";"2126900";"3296";"315039.5"
"43794260000";"2126900";"3296";"315047.8"
"43795340000";"2126900";"3296";"315055.8"
"43796419000";"2126900";"3296";"315063.8"
"43797499000";"2126900";"3296";"315071.7"
"43798842000";"2126900";"3296";"315080.0"
"43799922000";"2126900";"3296";"315088.0"
"43801002000";"2185200";"3296";"315095.9"
"43802081000";"2185200";"3296";"315103.9"
"43803167000";"2185200";"3296";"315111.8"
"43804510000";"2185200";"3296";"315121.7"
"43805590000";"2185200";"3296";"315129.6"
"43806671000";"2185200";"3296";"315137.6"
"43807751000";"2244500";"3296";"315145.9"
"43808832000";"2244500";"3296";"315153.9"
"43810174000";"2244500";"3296";"315163.7"
"43811255000";"2244500";"3296";"315171.7"
"43812335000";"2244500";"3296";"315179.6"
"43813420000";"2244500";"3296";"315187.6"
"43814500000";"2244500";"3296";"315195.9"
"43815843000";"2244500";"3296";"315203.8"
"43816922000";"2244500";"3297";"315212.2"
"43818001000";"2244500";"3297";"315220.1"
"43819081000";"2244500";"3297";"315228.1"
"43820161000";"2244500";"3297";"315236.0"
"43821504000";"2162300";"3297";"315245.9"
"43822583000";"2162300";"3297";"315253.8"
"43823673000";"2162300";"3297";"315261.8"
"43824753000";"2162300";"3297";"315269.7"
"43825834000";"2162300";"3297";"315278.1"
"43827177000";"2162300";"3297";"315286.4"
"43828256000";"2162300";"3297";"315294.3"
"43829336000";"2182600";"3297";"315302.3"
"43830416000";"2182600";"3297";"315310.2"
"43831496000";"2182600";"3297";"315318.6"
"43832839000";"2182600";"3297";"315326.9"
"43833924000";"2182600";"3297";"315334.8"
"43835004000";"2182600";"3297";"315342.8"
"43836085000";"2182600";"3297";"315350.8"
"43837164000";"2183700";"3297";"315358.7"
"43838507000";"2183700";"3297";"315367.0"
"43839587000";"2183700";"3297";"315375.0"
"43840666000";"2183700";"3297";"315382.9"
"43841747000";"2183700";"3297";"315391.3"
"43842827000";"2183700";"3297";"315399.2"
"43844176000";"2183700";"3297";"315407.5"
"43845255000";"2126700";"3297";"315415.5"
"43846335000";"2126700";"3297";"315423.4"
"43847414000";"2126700";"3297";"315431.4"
"43848494000";"2126700";"3297";"315439.3"
"43849838000";"2126700";"3297";"315447.7"
"43850918000";"2126700";"3297";"315456.0"
"43851999000";"2126700";"3297";"315463.9"
"43853084000";"2183500";"3297";"315471.9"
"43854164000";"2183500";"3297";"315479.9"
"43855507000";"2183500";"3297";"315488.2"
"43856588000";"2183500";"3297";"315496.5"
"43857668000";"2183500";"3297";"315504.5"
"43858748000";"2183500";"3297";"315512.4"
"43859827000";"2183500";"3297";"315520.4"
"43861170000";"2128100";"3297";"315528.7"
"43862250000";"2128100";"3297";"315536.6"
"43863335000";"2128100";"3297";"315544.6"
"43864416000";"2128100";"3297";"315552.5"
"43865500000";"2128100";"3297";"315560.9"
"43866842000";"2128100";"3297";"315568.8"
"43867923000";"2128100";"3297";"315577.1"
"43869002000";"2182600";"3297";"315585.1"
"43870083000";"2182600";"3297";"315593.1"
"43871162000";"2182600";"3297";"315601.0"
"43872506000";"2182600";"3297";"315609.3"
"43873591000";"2182600";"3297";"315617.7"
"43874672000";"2182600";"3297";"315625.6"
"43875751000";"2182600";"3297";"315633.6"
"43876830000";"2183900";"3297";"315641.5"
"43878173000";"2183900";"3297";"315649.8"
"43879253000";"2183900";"3297";"315657.8"
"43880332000";"2183900";"3297";"315665.7"
"43881413000";"2183900";"3297";"315673.7"
"43882493000";"2183900";"3297";"315682.0"
"43883841000";"2183900";"3297";"315690.3"
"43884922000";"2126500";"3297";"315698.3"
"43886001000";"2126500";"3297";"315706.2"
"43887081000";"2126500";"3297";"315714.2"
"43888160000";"2126500";"3297";"315722.2"
"43889504000";"2126500";"3297";"315730.5"
"43890584000";"2126500";"3297";"315738.8"
"43891664000";"2126500";"3297";"315746.8"
"43892743000";"2185900";"3297";"315754.7"
"43893829000";"2185900";"3297";"315762.7"
"43895171000";"2185900";"3297";"315772.5"
"43896252000";"2185900";"3297";"315780.5"
"43897331000";"2185900";"3297";"315788.4"
"43898410000";"2185900";"3297";"315796.4"
"43899491000";"2227600";"3297";"315804.3"
"43900834000";"2227600";"3297";"315812.6"
"43901913000";"2227600";"3297";"315820.6"
"43902999000";"2227600";"3297";"315828.9"
"43904078000";"2227600";"3297";"315836.9"
"43905157000";"2227600";"3297";"315844.8"
"43906546000";"2162700";"3297";"315854.7"
"43907626000";"2162700";"3297";"315862.6"
"43908706000";"2162700";"3297";"315870.6"
"43909786000";"2162700";"3297";"315878.9"
"43910865000";"2162700";"3297";"315886.9"
"43912208000";"2162700";"3297";"315895.2"
"43913294000";"2162700";"3297";"315903.1"
"43914373000";"2184100";"3297";"315911.1"
"43915454000";"2184100";"3297";"315919.4"
"43916533000";"2184100";"3297";"315927.4"
"43917876000";"2184100";"3297";"315935.7"
"43918955000";"2184100";"3297";"315943.6"
"43920035000";"2184100";"3297";"315951.6"
"43921115000";"2184100";"3297";"315959.5"
"43922195000";"2185700";"3297";"315967.5"
"43923544000";"2185700";"3297";"315975.8"
"43924624000";"2185700";"3297";"315983.8"
"43925705000";"2185700";"3296";"315991.7"
"43926785000";"2185700";"3296";"316000.1"
"43927865000";"2185700";"3296";"316008.0"
"43929208000";"2175800";"3296";"316017.9"
"43930287000";"2175800";"3296";"316025.8"
"43931367000";"2175800";"3296";"316033.8"
"43932447000";"2175800";"3296";"316041.7"
"43933532000";"2175800";"3296";"316050.0"
"43934875000";"2175800";"3296";"316058.4"
"43935955000";"2175800";"3296";"316066.3"
"43937035000";"2184100";"3296";"316074.3"
"43938115000";"2184100";"3296";"316082.2"
"43939194000";"2184100";"3296";"316090.2"
"43940537000";"2184100";"3296";"316100.0"
"43941617000";"2184100";"3296";"316108.0"
"43942696000";"2184100";"3296";"316115.9"
"43943781000";"2228400";"3296";"316123.9"
"43944861000";"2228400";"3296";"316131.8"
"43946203000";"2228400";"3296";"316140.1"
"43947283000";"2228400";"3296";"316148.5"
"43948364000";"2228400";"3296";"316156.4"
"43949449000";"2228400";"3296";"316164.4"
"43950528000";"2228400";"3296";"316172.3"
"43951870000";"2127000";"3296";"316180.7"
"43952956000";"2127000";"3296";"316189.0"
"43954036000";"2127000";"3296";"316196.9"
"43955117000";"2127000";"3296";"316204.9"
"43956197000";"2127000";"3296";"316213.2"
"43957539000";"2127000";"3296";"316222.7"
"43958618000";"2244700";"3296";"316230.6"
"43959698000";"2244700";"3296";"316238.6"
"43960778000";"2244700";"3296";"316246.9"
"43961859000";"2244700";"3296";"316254.9"
"43963207000";"2244700";"3296";"316264.3"
"43964288000";"2244700";"3296";"316272.7"
"43965367000";"2244500";"3296";"316280.6"
"43966448000";"2244500";"3296";"316288.6"
"43967527000";"2244500";"3296";"316296.5"
"43968870000";"2244500";"3296";"316306.4"
"43969950000";"2244500";"3296";"316314.3"
"43971030000";"2244500";"3296";"316322.3"
"43972110000";"2246400";"3296";"316330.6"
"43973196000";"2246400";"3296";"316338.6"
"43974538000";"2246400";"3296";"316346.9"
"43975618000";"2246400";"3296";"316354.8"
"43976698000";"2246400";"3296";"316362.8"
"43977778000";"2246400";"3296";"316370.7"
"43978858000";"2246400";"3296";"316379.1"
"43980201000";"2112600";"3296";"316387.0"
"43981281000";"2112600";"3296";"316395.4"
"43982361000";"2112600";"3296";"316403.3"
"43983447000";"2112600";"3296";"316411.3"
"43984526000";"2112600";"3296";"316419.2"
"43985870000";"2112600";"3296";"316427.5"
"43986950000";"2112600";"3296";"316435.5"
"43988030000";"2183400";"3296";"316443.4"
"43989111000";"2183400";"3296";"316451.8"
"43990191000";"2183400";"3296";"316459.7"
"43991538000";"2183400";"3296";"316468.0"
"43992618000";"2183400";"3296";"316476.0"
"43993703000";"2183400";"3296";"316484.3"
"43994784000";"2183400";"3296";"316492.3"
"43995864000";"2197000";"3296";"316500.2"
"43997206000";"2197000";"3296";"316510.1"
"43998286000";"2197000";"3296";"316518.0"
"43999366000";"2197000";"3296";"316526.0"
"44000446000";"2197000";"3296";"316533.9"
"44001527000";"2197000";"3296";"316541.9"
"44002874000";"2160100";"3296";"316550.2"
"44003955000";"2160100";"3296";"316558.2"
"44005035000";"2160100";"3296";"316566.5"
"44006114000";"2160100";"3296";"316574.4"
"44007194000";"2160100";"3297";"316582.4"
"44008537000";"2160100";"3297";"316590.7"
"44009617000";"2160100";"3297";"316598.7"
"44010698000";"2199900";"3297";"316607.0"
"44011777000";"2199900";"3297";"316615.0"
"44012863000";"2199900";"3297";"316622.9"
"44014206000";"2199900";"3297";"316632.7"
"44015285000";"2199900";"3297";"316640.7"
"44016366000";"2199900";"3296";"316648.7"
"44017447000";"2244500";"3296";"316657.0"
"44018527000";"2244500";"3296";"316664.9"
"44019870000";"2244500";"3297";"316673.3"
"44020951000";"2244500";"3297";"316681.2"
"44022030000";"2244500";"3297";"316689.2"
"44023115000";"2244500";"3297";"316697.1"
"44024195000";"2244500";"3297";"316705.1"
"44025538000";"2112200";"3296";"316713.4"
"44026617000";"2112200";"3297";"316721.3"
"44027698000";"2112200";"3297";"316729.7"
"44028777000";"2112200";"3297";"316737.6"
"44029857000";"2112200";"3297";"316745.6"
"44031201000";"2112200";"3297";"316753.9"
"44032281000";"2112200";"3297";"316762.2"
"44033370000";"2197600";"3297";"316770.2"
"44034450000";"2197600";"3297";"316778.1"
"44035529000";"2197600";"3297";"316786.1"
"44036873000";"2197600";"3297";"316794.4"
"44037953000";"2197600";"3297";"316802.4"
"44039033000";"2197600";"3297";"316810.7"
"44040112000";"2197600";"3297";"316818.6"
"44041193000";"2185300";"3297";"316826.6"
"44042536000";"2185300";"3297";"316836.1"
"44043621000";"2185300";"3297";"316844.4"
"44044700000";"2185300";"3297";"316852.3"
"44045781000";"2185300";"3297";"316860.3"
"44046860000";"2185300";"3297";"316868.3"
"44048202000";"2160300";"3297";"316876.6"
"44049283000";"2160300";"3297";"316884.5"
"44050363000";"2160300";"3297";"316892.9"
"44051443000";"2160300";"3297";"316900.8"
"44052524000";"2160300";"3297";"316908.8"
"44053872000";"2160300";"3297";"316917.1"
"44054951000";"2160300";"3297";"316925.4"
"44056032000";"2198300";"3297";"316933.4"
"44057112000";"2198300";"3297";"316941.3"
"44058192000";"2198300";"3297";"316949.3"
"44059534000";"2198300";"3297";"316959.1"
"44060615000";"2198300";"3297";"316967.1"
"44061695000";"2198300";"3297";"316975.0"
"44062775000";"2229300";"3297";"316983.0"
"44063861000";"2229300";"3297";"316990.9"
"44065203000";"2229300";"3297";"316999.2"
"44066284000";"2229300";"3297";"317007.2"
"44067364000";"2229300";"3297";"317015.5"
"44068444000";"2229300";"3297";"317023.5"
"44069525000";"2229300";"3297";"317031.4"
"44070867000";"2126200";"3297";"317039.8"
"44071947000";"2126200";"3297";"317048.1"
"44073033000";"2126200";"3297";"317056.0"
"44074112000";"2126200";"3297";"317064.0"
"44075198000";"2126200";"3297";"317072.3"
"44076540000";"2126200";"3297";"317081.8"
"44077621000";"2243000";"3297";"317089.7"
"44078702000";"2243000";"3297";"317098.1"
"44079781000";"2243000";"3297";"317106.0"
"44080862000";"2243000";"3297";"317114.0"
"44082205000";"2243000";"3297";"317122.3"
"44083290000";"2243000";"3297";"317130.3"
"44084371000";"2243000";"3297";"317138.2"
"44085450000";"2183400";"3297";"317146.2"
"44086531000";"2183400";"3297";"317154.1"
"44087875000";"2183400";"3297";"317162.4"
"44088955000";"2183400";"3297";"317170.8"
"44090035000";"2183400";"3297";"317178.7"
"44091115000";"2183400";"3297";"317186.7"
"44092195000";"2183400";"3297";"317195.0"
"44093543000";"2140500";"3297";"317203.3"
"44094623000";"2140500";"3298";"317211.3"
"44095703000";"2140500";"3297";"317219.2"
"44096783000";"2140500";"3297";"317227.2"
"44097863000";"2140500";"3297";"317235.1"
"44099206000";"2140500";"3297";"317243.4"
"44100287000";"2140500";"3297";"317251.4"
"44101367000";"2185200";"3297";"317259.7"
"44102446000";"2185200";"3297";"317267.7"
"44103532000";"2185200";"3297";"317275.6"
"44104874000";"2185200";"3297";"317285.5"
"44105954000";"2185200";"3297";"317293.4"
"44107034000";"2185200";"3297";"317301.4"
"44108114000";"2227800";"3297";"317309.3"
"44109194000";"2227800";"3297";"317317.7"
"44110537000";"2227800";"3297";"317327.1"
"44111617000";"2227800";"3298";"317335.5"
"44112698000";"2227800";"3298";"317343.4"
"44113783000";"2227800";"3297";"317351.4"
"44114864000";"2244300";"3297";"317359.3"
"44116263000";"2244300";"3297";"317367.6"
"44117343000";"2244300";"3298";"317376.0"
"44118423000";"2244300";"3298";"317383.9"
"44119503000";"2244300";"3298";"317391.9"
"44120583000";"2244300";"3298";"317399.8"
"44121926000";"2244300";"3298";"317408.2"
"44123011000";"2125900";"3298";"317416.5"
"44124090000";"2125900";"3298";"317424.4"
"44125171000";"2125900";"3298";"317432.4"
"44126250000";"2125900";"3297";"317440.3"
"44127594000";"2125900";"3298";"317450.2"
"44128673000";"2125900";"3297";"317458.1"
"44129754000";"2229500";"3297";"317466.1"
"44130833000";"2229500";"3297";"317474.4"
"44131914000";"2229500";"3297";"317482.4"
"44133262000";"2229500";"3297";"317490.7"
"44134343000";"2229500";"3297";"317498.7"
"44135422000";"2229500";"3297";"317507.0"
"44136503000";"2229500";"3297";"317514.9"
"44137582000";"2198700";"3297";"317522.9"
"44138924000";"2198700";"3297";"317531.2"
"44140004000";"2198700";"3297";"317539.2"
"44141083000";"2198700";"3297";"317547.1"
"44142164000";"2198700";"3297";"317555.1"
"44143249000";"2198700";"3297";"317563.0"
"44144592000";"2198700";"3297";"317571.3"
"44145673000";"2126500";"3297";"317579.7"
"44146753000";"2126500";"3297";"317587.6"
"44147833000";"2126500";"3297";"317595.6"
"44148913000";"2126500";"3297";"317603.5"
"44150256000";"2126500";"3297";"317611.9"
"44151336000";"2126500";"3297";"317620.2"
"44152416000";"2126500";"3297";"317628.1"
"44153500000";"2184100";"3297";"317636.1"
"44154581000";"2184100";"3297";"317644.0"
"44155924000";"2184100";"3297";"317652.4"
"44157004000";"2184100";"3297";"317660.7"
"44158083000";"2184100";"3297";"317668.6"
"44159168000";"2184100";"3297";"317676.6"
"44160248000";"2184100";"3297";"317684.6"
"44161591000";"2126900";"3297";"317692.9"
"44162670000";"2126900";"3296";"317700.8"
"44163756000";"2126900";"3296";"317708.8"
"44164836000";"2126900";"3297";"317717.1"
"44165916000";"2126900";"3296";"317725.1"
"44167258000";"2126900";"3297";"317733.4"
"44168338000";"2126900";"3297";"317741.3"
"44169418000";"2183900";"3297";"317749.3"
"44170498000";"2183900";"3296";"317757.2"
"44171578000";"2183900";"3297";"317765.6"
"44172926000";"2183900";"3297";"317775.4"
"44174007000";"2183900";"3297";"317783.4"
"44175087000";"2183900";"3296";"317791.3"
"44176166000";"2244900";"3296";"317799.3"
"44177247000";"2244900";"3296";"317807.2"
"44178590000";"2244900";"3296";"317815.5"
"44179670000";"2244900";"3296";"317823.9"
"44180749000";"2244900";"3296";"317831.8"
"44181828000";"2244900";"3296";"317839.8"
"44182913000";"2244900";"3296";"317847.7"
"44184256000";"2127000";"3296";"317856.1"
"44185335000";"2127000";"3296";"317864.0"
"44186416000";"2127000";"3296";"317872.0"
"44187495000";"2127000";"3296";"317880.3"
"44188575000";"2127000";"3296";"317888.2"
"44189917000";"2127000";"3297";"317896.6"
"44190997000";"2127000";"3297";"317904.5"
"44192076000";"2185900";"3297";"317912.5"
"44193162000";"2185900";"3296";"317920.8"
"44194243000";"2185900";"3296";"317928.8"
"44195585000";"2185900";"3296";"317937.1"
"44196664000";"2185900";"3296";"317945.0"
"44197744000";"2185900";"3296";"317953.0"
"44198825000";"2185900";"3297";"317960.9"
"44199905000";"2198500";"3297";"317969.3"
"44201253000";"2198500";"3297";"317977.6"
"44202334000";"2198500";"3297";"317985.5"
"44203418000";"2198500";"3297";"317993.5"
"44204497000";"2198500";"3297";"318001.4"
"44205578000";"2198500";"3297";"318009.4"
"44206921000";"2198500";"3297";"318017.7"
"44208000000";"2111200";"3297";"318025.7"
"44209081000";"2111200";"3297";"318034.0"
"44210160000";"2111200";"3297";"318042.0"
"44211240000";"2111200";"3297";"318049.9"
"44212583000";"2111200";"3297";"318058.2"
"44213669000";"2111200";"3297";"318066.6"
"44214748000";"2111200";"3297";"318074.5"
"44215829000";"2198500";"3296";"318082.5"
"44216908000";"2198500";"3296";"318090.4"
"44218250000";"2198500";"3296";"318098.7"
"44219331000";"2198500";"3297";"318106.7"
"44220411000";"2198500";"3297";"318115.0"
"44221491000";"2198500";"3297";"318123.0"
"44222571000";"2198500";"3297";"318130.9"
"44223920000";"2126500";"3297";"318139.2"
"44225001000";"2126500";"3297";"318147.2"
"44226080000";"2126500";"3297";"318155.1"
"44227161000";"2126500";"3297";"318163.1"
"44228241000";"2126500";"3297";"318171.4"
"44229584000";"2126500";"3297";"318179.8"
"44230665000";"2126500";"3297";"318187.7"
"44231745000";"2184800";"3297";"318195.7"
"44232825000";"2184800";"3297";"318204.0"
"44233911000";"2184800";"3297";"318211.9"
"44235253000";"2184800";"3297";"318220.3"
"44236332000";"2184800";"3297";"318228.2"
"44237413000";"2184800";"3297";"318236.2"
"44238492000";"2184800";"3297";"318244.5"
"44239572000";"2198800";"3297";"318252.5"
"44240915000";"2198800";"3297";"318260.8"
"44241995000";"2198800";"3297";"318268.7"
"44243086000";"2198800";"3297";"318276.7"
"44244165000";"2198800";"3297";"318284.6"
"44245244000";"2198800";"3297";"318292.6"
"44246588000";"2198800";"3297";"318300.9"
"44247668000";"2111100";"3297";"318308.9"
"44248748000";"2111100";"3297";"318317.2"
"44249827000";"2111100";"3297";"318325.1"
"44250907000";"2111100";"3297";"318333.1"
"44252250000";"2111100";"3297";"318341.4"
"44253336000";"2111100";"3297";"318349.7"
"44254416000";"2111100";"3297";"318357.7"
"44255496000";"2198700";"3297";"318365.7"
"44256576000";"2198700";"3297";"318373.6"
"44257919000";"2198700";"3297";"318381.9"
"44258999000";"2198700";"3297";"318389.9"
"44260078000";"2198700";"3297";"318398.2"
"44261157000";"2198700";"3297";"318406.2"
"44262238000";"2198700";"3297";"318414.1"
"44263585000";"2127000";"3297";"318422.4"
"44264665000";"2127000";"3297";"318430.4"
"44265745000";"2127000";"3297";"318438.3"
"44266825000";"2127000";"3297";"318446.3"
"44267904000";"2127000";"3297";"318454.6"
"44269247000";"2127000";"3297";"318462.9"
"44270327000";"2127000";"3297";"318470.9"
"44271408000";"2185500";"3297";"318478.8"
"44272487000";"2185500";"3297";"318486.8"
"44273572000";"2185500";"3297";"318495.1"
"44274915000";"2185500";"3297";"318503.5"
"44275994000";"2185500";"3297";"318511.4"
"44277074000";"2185500";"3297";"318519.4"
"44278155000";"2185500";"3297";"318527.3"
"44279235000";"2184100";"3297";"318535.3"
"44280578000";"2184100";"3297";"318543.6"
"44281658000";"2184100";"3297";"318551.5"
"44282739000";"2184100";"3297";"318559.9"
"44283825000";"2184100";"3297";"318567.8"
"44284910000";"2184100";"3297";"318575.8"
"44286252000";"2184100";"3297";"318584.1"
"44287332000";"2125000";"3296";"318592.0"
"44288412000";"2125000";"3296";"318600.0"
"44289492000";"2125000";"3297";"318608.3"
"44290571000";"2125000";"3297";"318616.3"
"44291914000";"2125000";"3297";"318626.1"
"44293000000";"2125000";"3297";"318634.1"
"44294080000";"2261800";"3297";"318642.4"
"44295160000";"2261800";"3297";"318650.4"
"44296240000";"2261800";"3297";"318658.3"
"44297582000";"2261800";"3297";"318666.6"
"44298661000";"2261800";"3297";"318674.6"
"44299740000";"2261800";"3296";"318682.5"
"44300821000";"2261800";"3296";"318690.5"
"44301901000";"2185900";"3296";"318698.8"
"44303250000";"2185900";"3297";"318708.3"
"44304330000";"2185900";"3297";"318716.2"
"44305410000";"2185900";"3297";"318724.6"
"44306490000";"2185900";"3297";"318732.5"
"44307569000";"2185900";"3297";"318740.5"
"44308912000";"2159900";"3297";"318748.8"
"44309991000";"2159900";"3296";"318756.8"
"44311072000";"2159900";"3297";"318764.7"
"44312153000";"2159900";"3297";"318773.0"
"44313239000";"2159900";"3297";"318781.0"
"44314581000";"2159900";"3297";"318789.3"
"44315661000";"2159900";"3297";"318797.3"
"44316741000";"2198500";"3297";"318805.6"
"44317821000";"2198500";"3297";"318813.6"
"44318901000";"2198500";"3297";"318821.5"
"44320243000";"2198500";"3297";"318829.8"
"44321324000";"2198500";"3297";"318837.8"
"44322404000";"2198500";"3297";"318845.7"
"44323489000";"2198500";"3297";"318853.7"
"44324569000";"2169100";"3297";"318861.6"
"44325978000";"2169100";"3296";"318871.5"
"44327059000";"2169100";"3297";"318879.4"
"44328138000";"2169100";"3297";"318887.8"
"44329219000";"2169100";"3297";"318895.7"
"44330299000";"2169100";"3297";"318903.7"
"44331641000";"2222900";"3297";"318913.5"
"44332720000";"2222900";"3297";"318921.5"
"44333805000";"2222900";"3297";"318929.8"
"44334885000";"2222900";"3297";"318937.7"
"44335966000";"2222900";"3297";"318945.7"
"44337308000";"2222900";"3297";"318954.0"
"44338387000";"2222900";"3297";"318962.0"
"44339467000";"2184300";"3297";"318969.9"
"44340547000";"2184300";"3297";"318977.9"
"44341626000";"2184300";"3297";"318986.2"
"44342975000";"2184300";"3297";"318994.5"
"44344055000";"2184300";"3297";"319002.5"
"44345135000";"2184300";"3297";"319010.4"
"44346215000";"2184300";"3297";"319018.4"
"44347295000";"2183900";"3297";"319026.3"
"44348638000";"2183900";"3296";"319034.7"
"44349718000";"2183900";"3297";"319043.0"
"44350798000";"2183900";"3296";"319050.9"
"44351878000";"2183900";"3296";"319058.9"
"44352964000";"2183900";"3296";"319067.2"
"44354307000";"2183900";"3296";"319075.5"
"44355388000";"2140500";"3296";"319083.5"
"44356467000";"2140500";"3296";"319091.5"
"44357548000";"2140500";"3297";"319099.4"
"44358628000";"2140500";"3297";"319107.7"
"44359970000";"2140500";"3297";"319116.1"
"44361050000";"2140500";"3297";"319124.0"
"44362129000";"2140500";"3297";"319132.0"
"44363215000";"2184100";"3297";"319139.9"
"44364294000";"2184100";"3297";"319147.9"
"44365637000";"2184100";"3297";"319156.2"
"44366717000";"2184100";"3297";"319164.1"
"44367797000";"2184100";"3297";"319172.1"
"44368883000";"2184100";"3297";"319180.4"
"44369962000";"2184100";"3297";"319188.4"
"44371305000";"2126900";"3297";"319196.7"
"44372385000";"2126900";"3297";"319204.7"
"44373472000";"2126900";"3297";"319213.0"
"44374552000";"2126900";"3297";"319220.9"
"44375632000";"2126900";"3297";"319228.9"
"44376974000";"2126900";"3297";"319238.7"
"44378054000";"2244500";"3297";"319246.7"
"44379134000";"2244500";"3297";"319254.6"
"44380213000";"2244500";"3297";"319262.6"
"44381293000";"2244500";"3297";"319270.5"
"44382636000";"2244500";"3297";"319278.9"
"44383722000";"2244500";"3297";"319286.8"
"44384803000";"2244500";"3296";"319295.1"
"44385883000";"2183500";"3296";"319303.1"
"44386963000";"2183500";"3296";"319311.1"
"44388305000";"2183500";"3296";"319319.4"
"44389386000";"2183500";"3297";"319327.3"
"44390465000";"2183500";"3296";"319335.3"
"44391546000";"2183500";"3296";"319343.6"
"44392625000";"2183500";"3296";"319351.6"
"44393973000";"2184000";"3296";"319361.4"
"44395053000";"2184000";"3296";"319369.4"
"44396133000";"2184000";"3296";"319377.3"
"44397213000";"2184000";"3296";"319385.3"
"44398293000";"2184000";"3297";"319393.2"
"44399637000";"2184000";"3296";"319401.5"
"44400716000";"2184000";"3296";"319409.9"
"44401797000";"2185200";"3296";"319417.8"
"44402882000";"2185200";"3297";"319425.8"
"44403962000";"2185200";"3297";"319433.7"
"44405305000";"2185200";"3297";"319442.0"
"44406384000";"2185200";"3297";"319450.0"
"44407464000";"2185200";"3297";"319458.0"
"44408544000";"2185200";"3297";"319466.3"
"44409625000";"2183900";"3297";"319474.2"
"44410971000";"2183900";"3297";"319484.1"
"44412050000";"2183900";"3297";"319492.0"
"44413136000";"2183900";"3297";"319500.0"
"44414216000";"2183900";"3297";"319507.9"
"44415295000";"2183900";"3297";"319516.3"
"44416638000";"2175600";"3297";"319524.6"
"44417718000";"2175600";"3297";"319532.5"
"44418798000";"2175600";"3297";"319540.5"
"44419877000";"2175600";"3296";"319548.4"
"44420956000";"2175600";"3296";"319556.4"
"44422300000";"2175600";"3296";"319564.7"
"44423385000";"2175600";"3296";"319572.7"
"44424465000";"2169500";"3297";"319580.6"
"44425545000";"2169500";"3297";"319589.0"
"44426625000";"2169500";"3297";"319596.9"
"44427968000";"2169500";"3296";"319605.2"
"44429047000";"2169500";"3297";"319613.2"
"44430127000";"2169500";"3296";"319621.1"
"44431207000";"2169500";"3296";"319629.5"
"44432287000";"2200300";"3296";"319637.4"
"44433635000";"2200300";"3296";"319645.7"
"44434714000";"2200300";"3296";"319653.7"
"44435793000";"2200300";"3296";"319661.6"
"44436874000";"2200300";"3296";"319670.0"
"44437955000";"2200300";"3297";"319677.9"
"44439298000";"2200300";"3297";"319686.3"
"44440377000";"2126900";"3297";"319694.2"
"44441457000";"2126900";"3297";"319702.2"
"44442537000";"2126900";"3297";"319710.1"
"44443622000";"2126900";"3297";"319718.1"
"44444965000";"2126900";"3297";"319726.4"
"44446045000";"2126900";"3297";"319734.3"
"44447125000";"2126900";"3297";"319742.3"
"44448206000";"2183500";"3297";"319750.6"
"44449287000";"2183500";"3297";"319758.6"
"44450630000";"2183500";"3297";"319766.9"
"44451709000";"2183500";"3297";"319774.8"
"44452793000";"2183500";"3297";"319783.2"
"44453879000";"2183500";"3297";"319791.1"
"44454960000";"2183500";"3297";"319799.1"
"44456302000";"2182400";"3297";"319808.9"
"44457383000";"2182400";"3297";"319816.9"
"44458462000";"2182400";"3297";"319824.8"
"44459543000";"2182400";"3297";"319832.8"
"44460622000";"2182400";"3297";"319840.7"
"44461965000";"2182400";"3297";"319850.6"
"44463050000";"2227800";"3297";"319858.5"
"44464130000";"2227800";"3297";"319866.5"
"44465210000";"2227800";"3297";"319874.8"
"44466290000";"2227800";"3297";"319882.8"
"44467632000";"2227800";"3297";"319892.2"
"44468713000";"2227800";"3297";"319900.6"
"44469793000";"2246400";"3297";"319908.5"
"44470873000";"2246400";"3297";"319916.5"
"44471952000";"2246400";"3297";"319924.4"
"44473301000";"2246400";"3297";"319932.7"
"44474381000";"2246400";"3297";"319941.1"
"44475461000";"2246400";"3297";"319949.0"
"44476540000";"2246400";"3297";"319957.0"
"44477621000";"2183700";"3297";"319964.9"
"44478963000";"2183700";"3297";"319973.3"
"44480044000";"2183700";"3297";"319981.2"
"44481124000";"2183700";"3297";"319989.2"
"44482204000";"2183700";"3297";"319997.5"
"44483290000";"2183700";"3297";"320005.4"
"44484634000";"2183700";"3297";"320013.8"
"44485714000";"2126200";"3297";"320021.7"
"44486794000";"2126200";"3297";"320029.7"
"44487874000";"2126200";"3297";"320037.6"
"44488955000";"2126200";"3297";"320045.6"
"44490298000";"2126200";"3297";"320053.9"
"44491377000";"2126200";"3297";"320062.2"
"44492458000";"2126200";"3297";"320070.2"
"44493543000";"2183500";"3297";"320078.1"
"44494628000";"2183500";"3297";"320086.5"
"44495971000";"2183500";"3297";"320094.8"
"44497050000";"2183500";"3297";"320102.7"
"44498129000";"2183500";"3297";"320110.7"
"44499209000";"2183500";"3297";"320118.6"
"44500289000";"2183500";"3297";"320126.6"
"44501632000";"2127400";"3297";"320134.9"
"44502711000";"2127400";"3297";"320142.9"
"44503797000";"2127400";"3296";"320150.8"
"44504876000";"2127400";"3296";"320159.1"
"44505957000";"2127400";"3296";"320167.1"
"44507299000";"2127400";"3296";"320175.4"
"44508379000";"2127400";"3296";"320183.4"
"44509459000";"2184100";"3296";"320191.3"
"44510539000";"2184100";"3296";"320199.3"
"44511619000";"2184100";"3296";"320207.6"
"44512967000";"2184100";"3296";"320215.9"
"44514047000";"2184100";"3296";"320223.9"
"44515127000";"2184100";"3296";"320232.2"
"44516206000";"2184100";"3296";"320240.2"
"44517286000";"2198800";"3296";"320248.1"
"44518629000";"2198800";"3296";"320256.4"
"44519708000";"2198800";"3296";"320264.4"
"44520788000";"2198800";"3296";"320272.3"
"44521868000";"2198800";"3296";"320280.3"
"44522955000";"2198800";"3296";"320288.6"
"44524298000";"2198800";"3296";"320297.0"
"44525378000";"2126400";"3296";"320304.9"
"44526458000";"2126400";"3296";"320312.9"
"44527538000";"2126400";"3296";"320320.8"
"44528618000";"2126400";"3296";"320329.1"
"44529961000";"2126400";"3296";"320337.5"
"44531041000";"2126400";"3296";"320345.4"
"44532120000";"2126400";"3296";"320353.4"
"44533205000";"2184100";"3296";"320361.3"
"44534286000";"2184100";"3297";"320369.7"
"44535692000";"2184100";"3297";"320378.0"
"44536771000";"2184100";"3297";"320385.9"
"44537852000";"2184100";"3296";"320393.9"
"44538931000";"2184100";"3296";"320401.8"
"44540012000";"2184100";"3296";"320410.2"
"44541355000";"2125400";"3296";"320418.5"
"44542435000";"2125400";"3296";"320426.4"
"44543521000";"2125400";"3296";"320434.4"
"44544601000";"2125400";"3296";"320442.3"
"44545681000";"2125400";"3296";"320450.3"
"44547023000";"2125400";"3296";"320458.6"
"44548103000";"2125400";"3296";"320466.6"
"44549183000";"2183900";"3296";"320474.9"
"44550263000";"2183900";"3296";"320482.8"
"44551342000";"2183900";"3296";"320490.8"
"44552686000";"2183900";"3296";"320499.1"
"44553771000";"2183900";"3296";"320507.1"
"44554850000";"2183900";"3296";"320515.4"
"44555930000";"2183900";"3296";"320523.4"
"44557010000";"2184100";"3296";"320531.3"
"44558352000";"2184100";"3296";"320539.6"
"44559433000";"2184100";"3296";"320547.6"
"44560513000";"2184100";"3296";"320555.5"
"44561593000";"2184100";"3296";"320563.5"
"44562673000";"2184100";"3296";"320571.8"
"44564021000";"2159900";"3296";"320581.3"
"44565102000";"2159900";"3296";"320589.2"
"44566181000";"2159900";"3296";"320597.6"
"44567261000";"2159900";"3296";"320605.5"
"44568341000";"2159900";"3296";"320613.5"
"44569683000";"2159900";"3296";"320621.8"
"44570762000";"2159900";"3296";"320629.7"
"44571842000";"2185900";"3296";"320637.7"
"44572928000";"2185900";"3296";"320646.0"
"44574007000";"2185900";"3296";"320654.0"
"44575349000";"2185900";"3296";"320663.8"
"44576429000";"2185900";"3297";"320671.8"
"44577509000";"2185900";"3297";"320679.7"
"44578593000";"2243600";"3297";"320687.7"
"44579674000";"2243600";"3297";"320696.0"
"44581017000";"2243600";"3297";"320704.3"
"44582097000";"2243600";"3297";"320712.3"
"44583182000";"2243600";"3297";"320720.2"
"44584262000";"2243600";"3297";"320728.2"
"44585342000";"2243600";"3297";"320736.1"
"44586685000";"2126500";"3297";"320744.5"
"44587765000";"2126500";"3297";"320752.4"
"44588845000";"2126500";"3297";"320760.4"
"44589925000";"2126500";"3297";"320768.7"
"44591004000";"2126500";"3297";"320776.7"
"44592346000";"2126500";"3297";"320785.0"
"44593431000";"2126500";"3297";"320792.9"
"44594511000";"2199200";"3297";"320801.3"
"44595591000";"2199200";"3297";"320809.2"
"44596671000";"2199200";"3297";"320817.2"
"44598014000";"2199200";"3297";"320825.5"
"44599094000";"2199200";"3297";"320833.4"
"44600174000";"2199200";"3297";"320841.4"
"44601254000";"2199200";"3296";"320849.3"
"44602334000";"2185200";"3297";"320857.7"
"44603683000";"2185200";"3297";"320866.0"
"44604763000";"2185200";"3297";"320873.9"
"44605843000";"2185200";"3297";"320881.9"
"44606924000";"2185200";"3297";"320889.9"
"44608003000";"2185200";"3297";"320897.8"
"44609347000";"2185200";"3297";"320906.1"
"44610426000";"2112100";"3297";"320914.1"
"44611507000";"2112100";"3297";"320922.4"
"44612586000";"2112100";"3297";"320930.4"
"44613671000";"2112100";"3297";"320938.7"
"44615013000";"2112100";"3297";"320947.0"
"44616094000";"2112100";"3297";"320955.0"
"44617174000";"2112100";"3297";"320962.9"
"44618254000";"2198800";"3297";"320970.9"
"44619334000";"2198800";"3297";"320979.2"
"44620682000";"2198800";"3297";"320987.1"
"44621763000";"2198800";"3297";"320995.5"
"44622843000";"2198800";"3297";"321003.4"
"44623928000";"2198800";"3297";"321011.4"
"44625008000";"2198800";"3297";"321019.3"
"44626351000";"2182100";"3297";"321029.2"
"44627431000";"2182100";"3297";"321037.1"
"44628511000";"2182100";"3297";"321045.1"
"44629591000";"2182100";"3297";"321053.0"
"44630670000";"2182100";"3297";"321061.4"
"44632014000";"2182100";"3297";"321069.7"
"44633099000";"2182100";"3297";"321077.6"
"44634178000";"2198800";"3297";"321086.0"
"44635258000";"2198800";"3297";"321093.9"
"44636337000";"2198800";"3297";"321101.9"
"44637680000";"2198800";"3297";"321110.2"
"44638761000";"2198800";"3297";"321118.2"
"44639840000";"2198800";"3297";"321126.1"
"44640921000";"2198800";"3297";"321134.1"
"44642001000";"2185300";"3297";"321142.4"
"44643349000";"2185300";"3297";"321150.7"
"44644429000";"2185300";"3297";"321158.7"
"44645509000";"2185300";"3297";"321166.6"
"44646590000";"2185300";"3297";"321174.6"
"44647669000";"2185300";"3297";"321182.5"
"44649011000";"2185300";"3297";"321190.8"
"44650092000";"2112400";"3297";"321198.8"
"44651172000";"2112400";"3297";"321207.1"
"44652252000";"2112400";"3297";"321215.1"
"44653337000";"2112400";"3297";"321223.0"
"44654681000";"2112400";"3297";"321232.9"
"44655760000";"2112400";"3297";"321240.8"
"44656840000";"2261800";"3297";"321249.2"
"44657920000";"2261800";"3297";"321257.1"
"44659001000";"2261800";"3297";"321265.1"
"44660343000";"2261800";"3297";"321273.4"
"44661423000";"2261800";"3297";"321281.3"
"44662507000";"2261800";"3297";"321289.3"
"44663592000";"2261800";"3297";"321297.2"
"44664672000";"2167900";"3297";"321305.2"
"44666015000";"2167900";"3297";"321315.0"
"44667095000";"2167900";"3297";"321323.0"
"44668174000";"2167900";"3297";"321330.9"
"44669254000";"2167900";"3297";"321338.9"
"44670334000";"2167900";"3297";"321347.2"
"44671676000";"2178600";"3297";"321355.5"
"44672757000";"2178600";"3297";"321363.5"
"44673843000";"2178600";"3297";"321371.5"
"44674922000";"2178600";"3297";"321379.4"
"44676001000";"2178600";"3296";"321387.7"
"44677345000";"2178600";"3297";"321396.1"
"44678425000";"2178600";"3297";"321404.0"
"44679505000";"2183500";"3297";"321412.0"
"44680586000";"2183500";"3297";"321419.9"
"44681665000";"2183500";"3297";"321427.9"
"44683013000";"2183500";"3297";"321436.2"
"44684094000";"2183500";"3297";"321444.1"
"44685175000";"2183500";"3297";"321452.5"
"44686255000";"2183500";"3297";"321460.4"
"44687335000";"2183400";"3297";"321468.4"
"44688678000";"2183400";"3297";"321476.7"
"44689758000";"2183400";"3297";"321484.7"
"44690838000";"2183400";"3297";"321492.6"
"44691918000";"2183400";"3297";"321500.6"
"44693002000";"2183400";"3297";"321508.9"
"44694346000";"2183400";"3297";"321517.2"
"44695425000";"2126900";"3297";"321525.2"
"44696505000";"2126900";"3297";"321533.5"
"44697585000";"2126900";"3297";"321541.4"
"44698666000";"2126900";"3297";"321549.4"
"44700009000";"2126900";"3297";"321557.7"
"44701088000";"2126900";"3297";"321565.7"
"44702167000";"2126900";"3297";"321573.6"
"44703252000";"2184300";"3296";"321581.6"
"44704337000";"2184300";"3296";"321589.5"
"44705680000";"2184300";"3297";"321597.8"
"44706759000";"2184300";"3297";"321605.8"
"44707840000";"2184300";"3296";"321613.8"
"44708920000";"2184300";"3296";"321622.1"
"44710000000";"2184300";"3297";"321630.0"
"44711343000";"2126700";"3297";"321638.4"
"44712423000";"2126700";"3297";"321646.3"
"44713509000";"2126700";"3297";"321654.3"
"44714589000";"2126700";"3297";"321662.6"
"44715669000";"2126700";"3297";"321670.5"
"44717011000";"2126700";"3297";"321678.9"
"44718092000";"2126700";"3297";"321686.8"
"44719171000";"2183900";"3296";"321694.8"
"44720251000";"2183900";"3296";"321702.7"
"44721331000";"2183900";"3296";"321710.7"
"44722673000";"2183900";"3296";"321719.0"
"44723759000";"2183900";"3296";"321726.9"
"44724839000";"2183900";"3296";"321735.3"
"44725920000";"2183900";"3297";"321743.2"
"44727000000";"2183500";"3297";"321751.2"
"44728342000";"2183500";"3297";"321759.5"
"44729422000";"2183500";"3297";"321767.5"
"44730502000";"2183500";"3296";"321775.4"
"44731582000";"2183500";"3297";"321783.4"
"44732663000";"2183500";"3297";"321791.7"
"44734012000";"2183500";"3297";"321800.0"
"44735091000";"2126700";"3296";"321808.0"
"44736170000";"2126700";"3296";"321815.9"
"44737251000";"2126700";"3296";"321824.3"
"44738330000";"2126700";"3296";"321832.2"
"44739674000";"2126700";"3296";"321840.5"
"44740753000";"2126700";"3297";"321848.5"
"44741833000";"2126700";"3297";"321856.4"
"44742919000";"2183900";"3296";"321864.4"
"44743998000";"2183900";"3296";"321872.3"
"44745342000";"2183900";"3296";"321882.2"
"44746425000";"2183900";"3296";"321890.1"
"44747505000";"2183900";"3296";"321898.1"
"44748585000";"2183900";"3296";"321906.0"
"44749664000";"2245600";"3296";"321914.4"
"44751008000";"2245600";"3296";"321923.8"
"44752087000";"2245600";"3296";"321932.2"
"44753173000";"2245600";"3296";"321940.1"
"44754253000";"2245600";"3296";"321948.1"
"44755333000";"2245600";"3296";"321956.0"
"44756675000";"2159900";"3296";"321964.3"
"44757756000";"2159900";"3296";"321972.7"
"44758836000";"2159900";"3296";"321980.6"
"44759915000";"2159900";"3296";"321988.6"
"44760995000";"2159900";"3296";"321996.5"
"44762337000";"2159900";"3296";"322004.9"
"44763423000";"2159900";"3296";"322012.8"
"44764503000";"2184100";"3297";"322020.8"
"44765582000";"2184100";"3296";"322028.7"
"44766661000";"2184100";"3296";"322036.7"
"44768005000";"2184100";"3296";"322045.0"
"44769084000";"2184100";"3296";"322052.9"
"44770164000";"2184100";"3296";"322061.3"
"44771244000";"2184100";"3296";"322069.2"
"44772323000";"2186100";"3296";"322077.2"
"44773672000";"2186100";"3296";"322085.5"
"44774752000";"2186100";"3296";"322093.8"
"44775832000";"2186100";"3296";"322101.8"
"44776911000";"2186100";"3296";"322109.7"
"44777991000";"2186100";"3297";"322117.7"
"44779333000";"2186100";"3297";"322126.0"
"44780413000";"2126900";"3297";"322134.0"
"44781493000";"2126900";"3297";"322141.9"
"44782574000";"2126900";"3296";"322149.9"
"44783659000";"2126900";"3296";"322157.8"
"44785001000";"2126900";"3296";"322166.1"
"44786082000";"2126900";"3296";"322174.1"
"44787162000";"2126900";"3296";"322182.4"
"44788246000";"2182500";"3296";"322190.4"
"44789326000";"2182500";"3296";"322198.3"
"44790668000";"2182500";"3296";"322206.6"
"44791748000";"2182500";"3296";"322214.6"
"44792828000";"2182500";"3296";"322222.5"
"44793913000";"2182500";"3296";"322230.9"
"44794993000";"2182500";"3296";"322238.8"
"44796336000";"2127000";"3296";"322247.2"
"44797415000";"2127000";"3296";"322255.1"
"44798496000";"2127000";"3296";"322263.1"
"44799576000";"2127000";"3296";"322271.0"
"44800656000";"2127000";"3296";"322279.0"
"44802000000";"2127000";"3296";"322288.8"
"44803085000";"2227200";"3296";"322296.8"
"44804165000";"2227200";"3296";"322304.7"
"44805246000";"2227200";"3296";"322312.7"
"44806325000";"2227200";"3296";"322320.6"
"44807668000";"2227200";"3296";"322330.5"
"44808748000";"2227200";"3296";"322338.4"
"44809829000";"2229100";"3296";"322346.4"
"44810908000";"2229100";"3296";"322354.7"
"44811989000";"2229100";"3296";"322362.7"
"44813337000";"2229100";"3296";"322372.5"
"44814417000";"2229100";"3296";"322380.4"
"44815497000";"2229100";"3296";"322388.4"
"44816577000";"2244700";"3296";"322396.4"
"44817657000";"2244700";"3296";"322404.7"
"44819000000";"2244700";"3296";"322413.0"
"44820079000";"2244700";"3296";"322421.0"
"44821159000";"2244700";"3296";"322428.9"
"44822240000";"2244700";"3297";"322436.9"
"44823325000";"2244700";"3297";"322444.8"
"44824668000";"2126700";"3297";"322453.1"
"44825747000";"2126700";"3296";"322461.1"
"44826828000";"2126700";"3296";"322469.0"
"44827907000";"2126700";"3296";"322477.4"
"44828988000";"2126700";"3296";"322485.3"
"44830334000";"2126700";"3296";"322493.6"
"44831415000";"2126700";"3296";"322501.6"
"44832494000";"2184300";"3296";"322509.5"
"44833580000";"2184300";"3296";"322517.9"
"44834659000";"2184300";"3296";"322525.8"
"44836002000";"2184300";"3296";"322534.2"
"44837082000";"2184300";"3296";"322542.1"
"44838161000";"2184300";"3297";"322550.1"
"44839242000";"2184300";"3297";"322558.0"
"44840321000";"2198800";"3297";"322566.3"
"44841663000";"2198800";"3297";"322574.3"
"44842743000";"2198800";"3297";"322582.6"
"44843828000";"2198800";"3297";"322590.6"
"44844908000";"2198800";"3297";"322598.5"
"44845987000";"2198800";"3297";"322606.5"
"44847329000";"2198800";"3297";"322614.8"
"44848409000";"2113300";"3297";"322622.7"
"44849489000";"2113300";"3297";"322630.7"
"44850570000";"2113300";"3297";"322639.0"
"44851649000";"2113300";"3297";"322647.0"
"44852997000";"2113300";"3297";"322655.3"
"44854078000";"2113300";"3297";"322663.3"
"44855159000";"2113300";"3298";"322671.6"
"44856238000";"2198300";"3298";"322679.5"
"44857318000";"2198300";"3298";"322687.5"
"44858661000";"2198300";"3298";"322695.8"
"44859742000";"2198300";"3297";"322703.8"
"44860823000";"2198300";"3297";"322711.7"
"44861903000";"2198300";"3298";"322720.1"
"44862989000";"2198300";"3297";"322728.0"
"44864330000";"2126400";"3297";"322736.3"
"44865410000";"2126400";"3297";"322744.3"
"44866489000";"2126400";"3298";"322752.2"
"44867569000";"2126400";"3297";"322760.2"
"44868650000";"2126400";"3297";"322768.1"
"44869993000";"2126400";"3297";"322776.5"
"44871072000";"2126400";"3297";"322784.4"
"44872158000";"2184100";"3297";"322792.7"
"44873243000";"2184100";"3297";"322800.7"
"44874323000";"2184100";"3297";"322808.6"
"44875666000";"2184100";"3297";"322817.0"
"44876746000";"2184100";"3297";"322824.9"
"44877827000";"2184100";"3297";"322833.2"
"44878906000";"2184100";"3297";"322841.2"
"44879985000";"2183900";"3297";"322849.2"
"44881328000";"2183900";"3297";"322857.5"
"44882409000";"2183900";"3297";"322865.4"
"44883493000";"2183900";"3297";"322873.4"
"44884573000";"2183900";"3297";"322881.3"
"44885653000";"2183900";"3297";"322889.3"
"44886995000";"2183900";"3297";"322897.6"
"44888076000";"2112600";"3297";"322905.6"
"44889155000";"2112600";"3297";"322913.5"
"44890234000";"2112600";"3297";"322921.5"
"44891315000";"2112600";"3297";"322929.4"
"44892658000";"2112600";"3297";"322938.1"
"44893744000";"2112600";"3297";"322946.1"
"44894824000";"2112600";"3297";"322954.0"
"44895904000";"2183700";"3297";"322962.0"
"44896985000";"2183700";"3297";"322970.3"
"44898327000";"2183700";"3297";"322978.6"
"44899407000";"2183700";"3297";"322986.6"
"44900487000";"2183700";"3297";"322994.5"
"44901567000";"2183700";"3297";"323002.5"
"44902647000";"2183700";"3297";"323010.4"
"44903995000";"2126700";"3297";"323018.8"
"44905075000";"2126700";"3297";"323026.7"
"44906155000";"2126700";"3297";"323034.7"
"44907235000";"2126700";"3296";"323042.6"
"44908315000";"2126700";"3296";"323050.9"
"44909658000";"2126700";"3296";"323058.9"
"44910738000";"2126700";"3296";"323067.2"
"44911818000";"2185300";"3296";"323075.2"
"44912903000";"2185300";"3296";"323083.1"
"44913988000";"2185300";"3296";"323091.1"
"44915331000";"2185300";"3296";"323099.4"
"44916412000";"2185300";"3296";"323107.3"
"44917492000";"2185300";"3296";"323115.7"
"44918571000";"2185300";"3296";"323123.6"
"44919651000";"2182300";"3296";"323131.6"
"44920994000";"2182300";"3297";"323139.9"
"44922074000";"2182300";"3297";"323147.9"
"44923159000";"2182300";"3297";"323155.8"
"44924240000";"2182300";"3297";"323163.8"
"44925320000";"2182300";"3297";"323171.7"
"44926663000";"2182300";"3297";"323180.0"
"44927743000";"2112200";"3296";"323188.0"
"44928824000";"2112200";"3296";"323195.9"
"44929904000";"2112200";"3296";"323204.3"
"44930985000";"2112200";"3297";"323212.2"
"44932327000";"2112200";"3297";"323220.5"
"44933413000";"2112200";"3296";"323228.5"
"44934492000";"2112200";"3296";"323236.8"
"44935573000";"2198100";"3296";"323244.8"
"44936652000";"2198100";"3296";"323252.7"
"44937996000";"2198100";"3296";"323261.1"
"44939076000";"2198100";"3297";"323269.0"
"44940156000";"2198100";"3297";"323277.0"
"44941235000";"2198100";"3297";"323284.9"
"44942314000";"2198100";"3297";"323292.9"
"44943663000";"2169700";"3297";"323302.7"
"44944743000";"2169700";"3297";"323310.7"
"44945822000";"2169700";"3297";"323318.6"
"44946902000";"2169700";"3297";"323326.6"
"44947982000";"2169700";"3297";"323334.5"
"44949326000";"2169700";"3296";"323342.8"
"44950405000";"2169700";"3296";"323350.8"
"44951485000";"2170800";"3296";"323358.7"
"44952565000";"2170800";"3296";"323367.1"
"44953651000";"2170800";"3296";"323375.0"
"44954993000";"2170800";"3296";"323384.9"
"44956078000";"2170800";"3296";"323392.8"
"44957157000";"2170800";"3296";"323400.8"
"44958238000";"2243200";"3296";"323408.7"
"44959318000";"2243200";"3296";"323417.1"
"44960660000";"2243200";"3296";"323425.0"
"44961740000";"2243200";"3296";"323433.3"
"44962820000";"2243200";"3297";"323441.3"
"44963905000";"2243200";"3297";"323449.2"
"44964985000";"2243200";"3297";"323457.2"
"44966327000";"2127000";"3297";"323465.5"
"44967408000";"2127000";"3297";"323473.5"
"44968488000";"2127000";"3297";"323481.4"
"44969568000";"2127000";"3296";"323489.4"
"44970649000";"2127000";"3297";"323497.3"
"44971992000";"2127000";"3297";"323505.6"
"44973077000";"2127000";"3297";"323514.0"
"44974157000";"2183400";"3296";"323521.9"
"44975236000";"2183400";"3296";"323529.9"
"44976316000";"2183400";"3296";"323537.8"
"44977659000";"2183400";"3296";"323546.1"
"44978739000";"2183400";"3296";"323554.5"
"44979820000";"2183400";"3296";"323562.4"
"44980899000";"2183400";"3296";"323570.4"
"44981979000";"2185500";"3296";"323578.3"
"44983328000";"2185500";"3296";"323586.7"
"44984408000";"2185500";"3297";"323594.6"
"44985488000";"2185500";"3297";"323602.6"
"44986568000";"2185500";"3296";"323610.5"
"44987647000";"2185500";"3296";"323618.5"
"44988988000";"2185500";"3296";"323626.8"
"44990068000";"2112900";"3296";"323634.7"
"44991147000";"2112900";"3296";"323642.7"
"44992227000";"2112900";"3296";"323650.6"
"44993313000";"2112900";"3296";"323659.0"
"44994655000";"2112900";"3296";"323667.3"
"44995735000";"2112900";"3296";"323675.2"
"44996814000";"2112900";"3296";"323683.2"
"44997898000";"2197900";"3296";"323691.5"
"44998977000";"2197900";"3296";"323699.5"
"45000320000";"2197900";"3296";"323709.3"
"45001401000";"2197900";"3296";"323717.3"
"45002481000";"2197900";"3296";"323725.2"
"45003566000";"2197900";"3296";"323733.2"
"45004647000";"2227600";"3296";"323741.1"
"45005990000";"2227600";"3296";"323749.5"
"45007070000";"2227600";"3296";"323757.4"
"45008150000";"2227600";"3297";"323765.4"
"45009230000";"2227600";"3296";"323773.3"
"45010310000";"2227600";"3296";"323781.3"
"45011653000";"2227600";"3296";"323789.6"
"45012734000";"2127700";"3296";"323797.9"
"45013819000";"2127700";"3297";"323805.9"
"45014899000";"2127700";"3297";"323813.8"
"45015980000";"2127700";"3297";"323822.2"
"45017323000";"2127700";"3296";"323831.6"
"45018402000";"2127700";"3296";"323839.6"
"45019482000";"2244700";"3296";"323847.9"
"45020562000";"2244700";"3296";"323855.9"
"45021642000";"2244700";"3296";"323863.8"
"45022990000";"2244700";"3296";"323872.1"
"45024069000";"2244700";"3296";"323880.1"
"45025150000";"2244700";"3296";"323888.0"
"45026230000";"2244700";"3296";"323896.0"
"45027310000";"2169000";"3296";"323903.9"
"45028653000";"2169000";"3296";"323912.3"
"45029733000";"2169000";"3296";"323920.2"
"45030813000";"2169000";"3296";"323928.2"
"45031893000";"2169000";"3296";"323936.5"
"45032979000";"2169000";"3297";"323944.5"
"45034321000";"2169000";"3297";"323952.8"
"45035402000";"2126500";"3297";"323960.7"
"45036482000";"2126500";"3297";"323969.1"
"45037562000";"2126500";"3297";"323977.0"
"45038642000";"2126500";"3297";"323985.0"
"45039991000";"2126500";"3297";"323993.3"
"45041071000";"2126500";"3296";"324001.2"
"45042151000";"2126500";"3296";"324009.2"
"45043237000";"2181900";"3296";"324017.1"
"45044316000";"2181900";"3297";"324025.5"
"45045659000";"2181900";"3296";"324033.4"
"45046739000";"2181900";"3296";"324041.7"
"45047819000";"2181900";"3297";"324049.7"
"45048899000";"2181900";"3297";"324057.6"
"45049980000";"2181900";"3297";"324065.6"
"45051323000";"2185000";"3297";"324075.4"
"45052403000";"2185000";"3296";"324083.4"
"45053489000";"2185000";"3296";"324091.4"
"45054569000";"2185000";"3296";"324099.7"
"45055649000";"2185000";"3296";"324107.6"
"45056991000";"2185000";"3296";"324116.0"
"45058070000";"2185000";"3296";"324123.9"
"45059150000";"2184300";"3296";"324131.9"
"45060230000";"2184300";"3296";"324140.2"
"45061309000";"2184300";"3296";"324148.1"
"45062652000";"2184300";"3297";"324156.5"
"45063737000";"2184300";"3297";"324164.4"
"45064817000";"2184300";"3297";"324172.4"
"45065898000";"2184300";"3297";"324180.3"
"45066978000";"2183700";"3297";"324188.3"
"45068320000";"2183700";"3297";"324196.6"
"45069399000";"2183700";"3297";"324204.5"
"45070478000";"2183700";"3297";"324212.5"
"45071559000";"2183700";"3297";"324220.8"
"45072638000";"2183700";"3297";"324228.8"
"45073986000";"2183700";"3297";"324237.1"
"45075066000";"2127500";"3297";"324245.1"
"45076146000";"2127500";"3297";"324253.0"
"45077226000";"2127500";"3297";"324261.3"
"45078306000";"2127500";"3297";"324269.3"
"45079648000";"2127500";"3297";"324279.1"
"45080727000";"2127500";"3297";"324287.1"
"45081813000";"2245100";"3297";"324295.0"
"45082897000";"2245100";"3297";"324303.0"
"45083978000";"2245100";"3297";"324310.9"
"45085321000";"2245100";"3297";"324320.8"
"45086401000";"2245100";"3297";"324328.7"
"45087480000";"2245100";"3297";"324336.7"
"45088560000";"2227800";"3297";"324344.7"
"45089641000";"2227800";"3297";"324352.6"
"45090983000";"2227800";"3297";"324360.9"
"45092064000";"2227800";"3297";"324368.9"
"45093150000";"2227800";"3297";"324377.2"
"45094229000";"2227800";"3296";"324385.2"
"45095309000";"2227800";"3296";"324393.1"
"45096652000";"2126400";"3297";"324401.4"
"45097732000";"2126400";"3297";"324409.8"
"45098812000";"2126400";"3297";"324417.7"
"45099893000";"2126400";"3297";"324425.7"
"45100973000";"2126400";"3297";"324433.6"
"45102315000";"2126400";"3297";"324441.9"
"45103401000";"2126400";"3297";"324449.9"
"45104480000";"2184100";"3297";"324457.8"
"45105560000";"2184100";"3297";"324465.8"
"45106640000";"2184100";"3297";"324474.1"
"45107984000";"2184100";"3297";"324483.6"
"45109063000";"2184100";"3297";"324491.5"
"45110143000";"2184100";"3297";"324499.9"
"45111223000";"2246200";"3297";"324507.8"
"45112304000";"2246200";"3297";"324515.8"
"45113651000";"2246200";"3297";"324524.1"
"45114732000";"2246200";"3297";"324532.1"
"45115812000";"2246200";"3297";"324540.4"
"45116892000";"2246200";"3297";"324548.3"
"45117973000";"2246200";"3297";"324556.3"
"45119315000";"2126400";"3297";"324564.6"
"45120396000";"2126400";"3297";"324572.6"
"45121475000";"2126400";"3296";"324580.5"
"45122556000";"2126400";"3296";"324588.9"
"45123646000";"2126400";"3297";"324596.8"
"45124989000";"2126400";"3297";"324605.1"
"45126070000";"2126400";"3297";"324613.1"
"45127150000";"2181900";"3297";"324621.0"
"45128231000";"2181900";"3297";"324629.0"
"45129310000";"2181900";"3297";"324636.9"
"45130653000";"2181900";"3297";"324645.3"
"45131733000";"2181900";"3297";"324653.2"
"45132813000";"2181900";"3297";"324661.5"
"45133898000";"2181900";"3297";"324669.5"
"45134978000";"2183900";"3297";"324677.4"
"45136320000";"2183900";"3297";"324685.8"
"45137400000";"2183900";"3296";"324693.7"
"45138480000";"2183900";"3296";"324702.1"
"45139559000";"2183900";"3297";"324710.0"
"45140639000";"2183900";"3297";"324718.0"
"45141982000";"2178600";"3297";"324727.8"
"45143067000";"2178600";"3297";"324735.8"
"45144147000";"2178600";"3297";"324743.7"
"45145227000";"2178600";"3297";"324751.7"
"45146306000";"2178600";"3297";"324759.6"
"45147649000";"2178600";"3297";"324767.9"
"45148729000";"2178600";"3297";"324775.9"
"45149808000";"2169700";"3297";"324783.8"
"45150888000";"2169700";"3297";"324792.2"
"45151968000";"2169700";"3297";"324800.1"
"45153317000";"2169700";"3297";"324808.4"
"45154397000";"2169700";"3296";"324816.4"
"45155477000";"2169700";"3296";"324824.7"
"45156558000";"2169700";"3296";"324832.7"
"45157637000";"2198300";"3296";"324840.6"
"45158979000";"2198300";"3296";"324849.0"
"45160059000";"2198300";"3296";"324856.9"
"45161140000";"2198300";"3296";"324864.9"
"45162220000";"2198300";"3297";"324872.8"
"45163306000";"2198300";"3297";"324881.1"
"45164649000";"2198300";"3297";"324889.1"
"45165733000";"2125300";"3297";"324897.4"
"45166814000";"2125300";"3297";"324905.4"
"45167893000";"2125300";"3297";"324913.3"
"45168972000";"2125300";"3297";"324921.3"
"45170314000";"2125300";"3297";"324929.6"
"45171394000";"2125300";"3297";"324937.5"
"45172474000";"2125300";"3297";"324945.9"
"45173559000";"2184400";"3297";"324953.8"
"45174638000";"2184400";"3297";"324961.8"
"45175982000";"2184400";"3297";"324971.6"
"45177062000";"2184400";"3297";"324979.6"
"45178142000";"2184400";"3297";"324987.5"
"45179222000";"2184400";"3297";"324995.9"
"45180302000";"2246400";"3297";"325003.8"
"45181646000";"2246400";"3297";"325013.3"
"45182726000";"2246400";"3297";"325021.6"
"45183812000";"2246400";"3297";"325029.6"
"45184892000";"2246400";"3297";"325037.5"
"45185972000";"2246400";"3297";"325045.5"
"45187314000";"2159700";"3297";"325053.8"
"45188394000";"2159700";"3297";"325061.7"
"45189473000";"2159700";"3297";"325069.7"
"45190553000";"2159700";"3297";"325077.6"
"45191632000";"2159700";"3297";"325086.0"
"45192981000";"2159700";"3297";"325095.8"
"45194060000";"2245600";"3297";"325103.8"
"45195140000";"2245600";"3297";"325111.7"
"45196220000";"2245600";"3297";"325120.1"
"45197300000";"2245600";"3297";"325128.0"
"45198643000";"2245600";"3297";"325136.3"
"45199722000";"2245600";"3297";"325144.3"
"45200802000";"2245600";"3297";"325152.2"
"45201881000";"2185700";"3297";"325160.2"
"45202966000";"2185700";"3297";"325168.5"
"45204309000";"2185700";"3297";"325176.8"
"45205388000";"2185700";"3297";"325184.8"
"45206467000";"2185700";"3297";"325192.7"
"45207552000";"2185700";"3297";"325200.7"
"45208633000";"2185700";"3297";"325208.7"
"45209975000";"2126000";"3297";"325217.0"
"45211055000";"2126000";"3297";"325224.9"
"45212135000";"2126000";"3297";"325232.9"
"45213221000";"2126000";"3297";"325241.2"
"45214300000";"2126000";"3297";"325249.2"
"45215642000";"2126000";"3297";"325257.5"
"45216722000";"2126000";"3297";"325265.4"
"45217802000";"2184100";"3297";"325273.4"
"45218887000";"2184100";"3297";"325281.7"
"45219966000";"2184100";"3296";"325289.7"
"45221310000";"2184100";"3296";"325298.0"
"45222390000";"2184100";"3296";"325305.9"
"45223475000";"2184100";"3296";"325313.9"
"45224556000";"2184100";"3296";"325321.8"
"45225635000";"2197000";"3296";"325330.2"
"45226978000";"2197000";"3296";"325339.6"
"45228058000";"2197000";"3296";"325347.6"
"45229138000";"2197000";"3296";"325355.9"
"45230217000";"2197000";"3296";"325363.9"
"45231296000";"2197000";"3296";"325371.8"
"45232639000";"2162300";"3296";"325380.2"
"45233724000";"2162300";"3296";"325388.1"
"45234805000";"2162300";"3296";"325396.4"
"45235885000";"2162300";"3296";"325404.4"
"45236965000";"2162300";"3296";"325412.3"
"45238308000";"2162300";"3296";"325420.7"
"45239388000";"2162300";"3296";"325428.6"
"45240469000";"2198100";"3296";"325437.0"
"45241549000";"2198100";"3296";"325444.9"
"45242629000";"2198100";"3296";"325452.9"
"45243977000";"2198100";"3296";"325461.2"
"45245057000";"2198100";"3296";"325469.1"
"45246138000";"2198100";"3296";"325477.1"
"45247217000";"2198100";"3296";"325485.0"
"45248298000";"2168800";"3296";"325493.0"
"45249644000";"2168800";"3296";"325501.3"
"45250725000";"2168800";"3296";"325509.3"
"45251806000";"2168800";"3296";"325517.6"
"45252891000";"2168800";"3296";"325525.5"
"45253971000";"2168800";"3296";"325533.5"
"45255313000";"2168800";"3296";"325541.8"
"45256394000";"2139400";"3296";"325550.1"
"45257475000";"2139400";"3296";"325558.1"
"45258555000";"2139400";"3296";"325566.1"
"45259635000";"2139400";"3296";"325574.0"
"45260977000";"2139400";"3296";"325583.9"
"45262057000";"2139400";"3296";"325591.8"
"45263143000";"2227400";"3296";"325599.8"
"45264223000";"2227400";"3296";"325607.7"
"45265302000";"2227400";"3296";"325615.7"
"45266645000";"2227400";"3296";"325625.5"
"45267725000";"2227400";"3296";"325633.5"
"45268805000";"2227400";"3296";"325641.4"
"45269886000";"2229500";"3296";"325649.4"
"45270965000";"2229500";"3296";"325657.7"
"45272309000";"2229500";"3296";"325666.0"
"45273393000";"2229500";"3296";"325674.0"
"45274473000";"2229500";"3296";"325681.9"
"45275553000";"2229500";"3296";"325690.3"
"45276633000";"2229500";"3296";"325698.2"
"45277975000";"2141300";"3296";"325706.5"
"45279055000";"2141300";"3296";"325714.5"
"45280135000";"2141300";"3296";"325722.4"
"45281215000";"2141300";"3296";"325730.4"
"45282295000";"2141300";"3296";"325738.7"
"45283643000";"2141300";"3296";"325746.7"
"45284723000";"2141300";"3296";"325755.0"
"45285803000";"2183900";"3296";"325762.9"
"45286882000";"2183900";"3296";"325770.9"
"45287962000";"2183900";"3296";"325778.8"
"45289305000";"2183900";"3296";"325787.2"
"45290385000";"2183900";"3296";"325795.1"
"45291470000";"2183900";"3296";"325803.4"
"45292549000";"2183900";"3296";"325811.4"
"45293634000";"2183000";"3296";"325819.4"
"45294977000";"2183000";"3296";"325827.7"
"45296057000";"2183000";"3296";"325836.0"
"45297137000";"2183000";"3296";"325844.0"
"45298217000";"2183000";"3296";"325851.9"
"45299297000";"2183000";"3296";"325859.9"
"45300640000";"2183000";"3296";"325868.2"
"45301720000";"2142300";"3296";"325876.5"
"45302799000";"2142300";"3296";"325884.5"
"45303884000";"2142300";"3296";"325892.4"
"45304965000";"2142300";"3296";"325900.4"
"45306307000";"2142300";"3296";"325908.7"
"45307386000";"2142300";"3296";"325916.6"
"45308466000";"2142300";"3296";"325924.6"
"45309546000";"2169500";"3296";"325932.6"
"45310626000";"2169500";"3296";"325940.9"
"45311969000";"2169500";"3296";"325950.3"
"45313054000";"2169500";"3296";"325958.7"
"45314135000";"2169500";"3296";"325966.6"
"45315214000";"2169500";"3296";"325974.6"
"45316294000";"2262000";"3296";"325982.9"
"45317637000";"2262000";"3296";"325991.2"
"45318717000";"2262000";"3296";"325999.2"
"45319797000";"2262000";"3296";"326007.1"
"45320878000";"2262000";"3296";"326015.1"
"45321958000";"2262000";"3296";"326023.4"
"45323307000";"2159300";"3296";"326032.9"
"45324387000";"2159300";"3296";"326040.8"
"45325466000";"2159300";"3297";"326048.8"
"45326546000";"2159300";"3296";"326057.1"
"45327626000";"2159300";"3296";"326065.1"
"45328968000";"2159300";"3296";"326073.4"
"45330048000";"2159300";"3296";"326081.4"
"45331128000";"2185900";"3296";"326089.3"
"45332209000";"2185900";"3296";"326097.3"
"45333299000";"2185900";"3296";"326105.6"
"45334642000";"2185900";"3296";"326113.9"
"45335722000";"2185900";"3296";"326121.9"
"45336803000";"2185900";"3297";"326130.2"
"45337882000";"2185900";"3297";"326138.2"
"45338961000";"2197000";"3297";"326146.1"
"45340304000";"2197000";"3297";"326154.4"
"45341383000";"2197000";"3297";"326162.4"
"45342464000";"2197000";"3297";"326170.3"
"45343550000";"2197000";"3297";"326178.7"
"45344630000";"2197000";"3297";"326186.6"
"45345973000";"2159700";"3297";"326196.1"
"45347054000";"2159700";"3297";"326204.0"
"45348133000";"2159700";"3297";"326212.4"
"45349214000";"2159700";"3297";"326220.3"
"45350293000";"2159700";"3297";"326228.3"
"45351636000";"2159700";"3297";"326238.1"
"45352716000";"2246400";"3297";"326246.1"
"45353802000";"2246400";"3297";"326254.0"
"45354881000";"2246400";"3297";"326262.4"
"45355962000";"2246400";"3297";"326270.3"
"45357305000";"2246400";"3297";"326280.1"
"45358385000";"2246400";"3297";"326288.1"
"45359465000";"2244700";"3297";"326296.1"
"45360545000";"2244700";"3297";"326304.4"
"45361625000";"2244700";"3297";"326312.3"
"45362973000";"2244700";"3297";"326320.7"
"45364053000";"2244700";"3297";"326328.6"
"45365132000";"2244700";"3297";"326336.6"
"45366212000";"2244700";"3297";"326344.5"
"45367292000";"2198700";"3297";"326352.8"
"45368636000";"2198700";"3297";"326360.8"
"45369715000";"2198700";"3297";"326369.1"
"45370795000";"2198700";"3297";"326377.1"
"45371875000";"2198700";"3297";"326385.0"
"45372960000";"2198700";"3297";"326393.4"
"45374303000";"2198700";"3297";"326401.7"
"45375388000";"2125500";"3297";"326409.6"
"45376469000";"2125500";"3297";"326418.0"
"45377548000";"2125500";"3297";"326425.9"
"45378629000";"2125500";"3297";"326433.9"
"45379972000";"2125500";"3297";"326443.7"
"45381052000";"2125500";"3297";"326451.7"
"45382131000";"2246200";"3297";"326459.6"
"45383217000";"2246200";"3297";"326467.6"
"45384297000";"2246200";"3297";"326475.9"
"45385641000";"2246200";"3297";"326484.2"
"45386720000";"2246200";"3297";"326492.2"
"45387799000";"2246200";"3297";"326500.1"
"45388879000";"2246200";"3297";"326508.1"
"45389959000";"2184100";"3297";"326516.0"
"45391301000";"2184100";"3296";"326524.4"
"45392382000";"2184100";"3297";"326532.3"
"45393467000";"2184100";"3297";"326540.6"
"45394547000";"2184100";"3297";"326548.6"
"45395626000";"2184100";"3296";"326556.5"
"45396969000";"2184100";"3297";"326565.2"
"45398048000";"2141300";"3297";"326573.2"
"45399129000";"2141300";"3297";"326581.1"
"45400208000";"2141300";"3297";"326589.1"
"45401289000";"2141300";"3296";"326597.1"
"45402633000";"2141300";"3296";"326605.4"
"45403719000";"2141300";"3296";"326613.3"
"45404799000";"2141300";"3296";"326621.7"
"45405878000";"2183400";"3296";"326629.6"
"45406957000";"2183400";"3296";"326637.6"
"45408300000";"2183400";"3296";"326645.9"
"45409380000";"2183400";"3297";"326653.8"
"45410459000";"2183400";"3297";"326661.8"
"45411539000";"2183400";"3297";"326669.7"
"45412619000";"2183400";"3297";"326678.1"
"45413967000";"2127200";"3297";"326686.4"
"45415047000";"2127200";"3297";"326694.3"
"45416128000";"2127200";"3297";"326702.3"
"45417212000";"2127200";"3297";"326710.6"
"45418291000";"2127200";"3297";"326718.6"
"45419634000";"2127200";"3297";"326726.9"
"45420713000";"2127200";"3296";"326734.9"
"45421794000";"2184100";"3296";"326742.8"
"45422880000";"2184100";"3297";"326751.1"
"45423961000";"2184100";"3297";"326759.1"
"45425303000";"2184100";"3297";"326767.4"
"45426382000";"2184100";"3297";"326775.4"
"45427463000";"2184100";"3297";"326783.3"
"45428542000";"2184100";"3297";"326791.3"
"45429622000";"2183900";"3297";"326799.2"
"45430965000";"2183900";"3297";"326807.5"
"45432044000";"2183900";"3297";"326815.5"
"45433130000";"2183900";"3297";"326823.8"
"45434211000";"2183900";"3297";"326831.8"
"45435290000";"2183900";"3297";"326839.7"
"45436634000";"2183900";"3297";"326848.4"
"45437713000";"2141000";"3297";"326856.4"
"45438793000";"2141000";"3297";"326864.3"
"45439872000";"2141000";"3297";"326872.3"
"45440953000";"2141000";"3297";"326880.2"
"45442296000";"2141000";"3297";"326888.6"
"45443381000";"2141000";"3297";"326896.9"
"45444460000";"2141000";"3297";"326904.8"
"45445541000";"2183900";"3297";"326912.8"
"45446621000";"2183900";"3297";"326920.8"
"45447963000";"2183900";"3297";"326930.6"
"45449043000";"2183900";"3297";"326938.5"
"45450123000";"2183900";"3297";"326946.5"
"45451203000";"2183900";"3297";"326954.5"
"45452283000";"2229500";"3297";"326962.4"
"45453630000";"2229500";"3297";"326972.3"
"45454710000";"2229500";"3297";"326980.6"
"45455790000";"2229500";"3297";"326988.5"
"45456869000";"2229500";"3297";"326996.5"
"45457950000";"2229500";"3297";"327004.4"
"45459297000";"2175400";"3297";"327012.8"
"45460378000";"2175400";"3297";"327021.1"
"45461458000";"2175400";"3297";"327029.0"
"45462538000";"2175400";"3297";"327037.0"
"45463624000";"2175400";"3297";"327045.0"
"45464967000";"2175400";"3297";"327054.8"
"45466047000";"2244300";"3297";"327062.7"
"45467127000";"2244300";"3297";"327070.7"
"45468207000";"2244300";"3297";"327078.7"
"45469287000";"2244300";"3297";"327087.0"
"45470631000";"2244300";"3297";"327096.5"
"45471710000";"2244300";"3297";"327104.4"
"45472789000";"2246600";"3297";"327112.7"
"45473875000";"2246600";"3297";"327120.7"
"45474954000";"2246600";"3297";"327128.6"
"45476297000";"2246600";"3297";"327137.0"
"45477377000";"2246600";"3297";"327145.3"
"45478457000";"2246600";"3297";"327153.2"
"45479537000";"2246600";"3297";"327161.2"
"45480618000";"2183700";"3297";"327169.2"
"45481961000";"2183700";"3297";"327177.5"
"45483047000";"2183700";"3297";"327185.4"
"45484126000";"2183700";"3297";"327193.8"
"45485206000";"2183700";"3297";"327201.7"
"45486286000";"2183700";"3297";"327209.7"
"45487629000";"2183700";"3297";"327218.0"
"45488709000";"2126500";"3297";"327225.9"
"45489789000";"2126500";"3297";"327233.9"
"45490869000";"2126500";"3297";"327241.8"
"45491949000";"2126500";"3297";"327250.2"
"45493297000";"2126500";"3297";"327258.5"
"45494378000";"2126500";"3297";"327266.4"
"45495458000";"2126500";"3297";"327274.4"
"45496538000";"2198500";"3297";"327282.7"
"45497618000";"2198500";"3297";"327290.7"
"45498961000";"2198500";"3297";"327299.0"
"45500041000";"2198500";"3297";"327307.0"
"45501125000";"2198500";"3297";"327314.9"
"45502205000";"2198500";"3297";"327322.9"
"45503290000";"2198500";"3297";"327331.2"
"45504634000";"2168100";"3297";"327340.7"
"45505713000";"2168100";"3297";"327348.6"
"45506794000";"2168100";"3297";"327356.9"
"45507874000";"2168100";"3297";"327364.9"
"45508954000";"2168100";"3297";"327372.8"
"45510298000";"2168100";"3297";"327382.7"
"45511378000";"2246000";"3297";"327390.6"
"45512458000";"2246000";"3297";"327398.6"
"45513543000";"2246000";"3297";"327406.5"
"45514623000";"2246000";"3297";"327414.9"
"45515965000";"2246000";"3297";"327423.2"
"45517045000";"2246000";"3296";"327431.2"
"45518124000";"2246000";"3296";"327439.1"
"45519205000";"2199000";"3296";"327447.4"
"45520284000";"2199000";"3296";"327455.4"
"45521627000";"2199000";"3296";"327463.7"
"45522707000";"2199000";"3296";"327471.7"
"45523792000";"2199000";"3297";"327479.6"
"45524872000";"2199000";"3297";"327487.6"
"45525952000";"2199000";"3296";"327495.5"
"45527295000";"2112600";"3296";"327503.8"
"45528375000";"2112600";"3296";"327511.8"
"45529455000";"2112600";"3296";"327520.1"
"45530535000";"2112600";"3296";"327528.1"
"45531616000";"2112600";"3296";"327536.0"
"45532963000";"2112600";"3296";"327544.3"
"45534043000";"2112600";"3296";"327552.7"
"45535123000";"2198700";"3296";"327560.6"
"45536202000";"2198700";"3296";"327568.6"
"45537282000";"2198700";"3296";"327576.9"
"45538625000";"2198700";"3297";"327586.4"
"45539706000";"2198700";"3297";"327594.7"
"45540786000";"2198700";"3297";"327602.7"
"45541866000";"2246200";"3297";"327610.6"
"45542956000";"2246200";"3297";"327618.6"
"45544298000";"2246200";"3297";"327626.9"
"45545378000";"2246200";"3297";"327635.2"
"45546457000";"2246200";"3297";"327643.2"
"45547537000";"2246200";"3297";"327651.1"
"45548617000";"2246200";"3297";"327659.1"
"45549959000";"2126400";"3297";"327667.4"
"45551039000";"2126400";"3297";"327675.4"
"45552119000";"2126400";"3297";"327683.3"
"45553205000";"2126400";"3297";"327691.6"
"45554286000";"2126400";"3297";"327699.6"
"45555628000";"2126400";"3297";"327707.9"
"45556708000";"2126400";"3297";"327715.9"
"45557788000";"2198100";"3297";"327724.2"
"45558869000";"2198100";"3297";"327732.2"
"45559948000";"2198100";"3297";"327740.1"
"45561292000";"2198100";"3297";"327748.4"
"45562371000";"2198100";"3297";"327756.4"
"45563457000";"2198100";"3297";"327764.3"
"45564538000";"2198100";"3297";"327772.7"
"45565617000";"2183700";"3297";"327780.6"
"45566960000";"2183700";"3297";"327788.9"
"45568039000";"2183700";"3297";"327796.9"
"45569120000";"2183700";"3297";"327804.8"
"45570199000";"2183700";"3297";"327812.8"
"45571279000";"2183700";"3297";"327820.7"
"45572622000";"2183700";"3296";"327829.1"
"45573708000";"2126700";"3296";"327837.4"
"45574788000";"2126700";"3297";"327845.3"
"45575868000";"2126700";"3296";"327853.3"
"45576949000";"2126700";"3296";"327861.6"
"45578291000";"2126700";"3296";"327870.0"
"45579372000";"2126700";"3297";"327877.9"
"45580451000";"2126700";"3297";"327885.9"
"45581530000";"2185300";"3297";"327893.8"
"45582609000";"2185300";"3297";"327901.8"
"45583959000";"2185300";"3297";"327911.6"
"45585043000";"2185300";"3297";"327919.6"
"45586122000";"2185300";"3297";"327927.5"
"45587202000";"2185300";"3297";"327935.5"
"45588282000";"2243600";"3297";"327943.8"
"45589625000";"2243600";"3297";"327952.1"
"45590704000";"2243600";"3297";"327960.1"
"45591784000";"2243600";"3297";"327968.0"
"45592869000";"2243600";"3297";"327976.0"
"45593948000";"2243600";"3297";"327983.9"
"45595292000";"2243600";"3297";"327992.6"
"45596372000";"2126900";"3297";"328000.6"
"45597452000";"2126900";"3297";"328008.5"
"45598532000";"2126900";"3297";"328016.5"
"45599612000";"2126900";"3297";"328024.8"
"45600956000";"2126900";"3297";"328034.3"
"45602035000";"2126900";"3296";"328042.2"
"45603121000";"2244300";"3296";"328050.6"
"45604202000";"2244300";"3296";"328058.5"
"45605282000";"2244300";"3297";"328066.5"
"45606625000";"2244300";"3297";"328076.3"
"45607705000";"2244300";"3297";"328084.3"
"45608785000";"2244300";"3297";"328092.2"
"45609866000";"2228900";"3297";"328100.2"
"45610946000";"2228900";"3297";"328108.1"
"45612288000";"2228900";"3297";"328116.4"
"45613374000";"2228900";"3297";"328124.8"
"45614453000";"2228900";"3297";"328132.7"
"45615534000";"2228900";"3297";"328140.7"
"45616614000";"2228900";"3297";"328149.0"
"45617957000";"2140800";"3297";"328157.3"
"45619036000";"2140800";"3297";"328165.3"
"45620116000";"2140800";"3297";"328173.2"
"45621196000";"2140800";"3297";"328181.2"
"45622275000";"2140800";"3297";"328189.1"
"45623624000";"2140800";"3297";"328197.5"
"45624704000";"2140800";"3296";"328205.4"
"45625784000";"2184300";"3296";"328213.8"
"45626869000";"2184300";"3296";"328221.7"
"45627948000";"2184300";"3297";"328229.7"
"45629290000";"2184300";"3297";"328238.0"
"45630371000";"2184300";"3297";"328245.9"
"45631450000";"2184300";"3297";"328253.9"
"45632530000";"2184300";"3297";"328261.8"
"45633616000";"2182600";"3297";"328270.2"
"45634958000";"2182600";"3297";"328278.5"
"45636037000";"2182600";"3297";"328286.4"
"45637118000";"2182600";"3297";"328294.4"
"45638198000";"2182600";"3297";"328302.7"
"45639278000";"2182600";"3297";"328310.7"
"45640621000";"2182600";"3297";"328319.0"
"45641700000";"2128600";"3297";"328326.9"
"45642780000";"2128600";"3297";"328334.9"
"45643866000";"2128600";"3297";"328342.9"
"45644945000";"2128600";"3297";"328351.2"
"45646288000";"2128600";"3297";"328359.1"
"45647367000";"2128600";"3297";"328367.5"
"45648448000";"2128600";"3297";"328375.4"
"45649528000";"2183900";"3297";"328383.4"
"45650608000";"2183900";"3297";"328391.3"
"45651950000";"2183900";"3297";"328399.6"
"45653036000";"2183900";"3297";"328408.0"
"45654116000";"2183900";"3297";"328415.9"
"45655195000";"2183900";"3297";"328423.9"
"45656276000";"2183900";"3297";"328432.2"
"45657619000";"2141000";"3297";"328440.5"
"45658699000";"2141000";"3297";"328448.5"
"45659779000";"2141000";"3297";"328456.4"
"45660860000";"2141000";"3297";"328464.4"
"45661940000";"2141000";"3297";"328472.3"
"45663289000";"2141000";"3297";"328480.7"
"45664369000";"2141000";"3297";"328489.0"
"45665448000";"2183500";"3297";"328496.9"
"45666528000";"2183500";"3297";"328504.9"
"45667609000";"2183500";"3297";"328512.8"
"45668956000";"2183500";"3297";"328521.2"
"45670035000";"2183500";"3297";"328529.1"
"45671116000";"2183500";"3297";"328537.1"
"45672195000";"2183500";"3297";"328545.4"
"45673280000";"2182600";"3297";"328553.4"
"45674624000";"2182600";"3297";"328563.2"
"45675703000";"2182600";"3297";"328571.2"
"45676782000";"2182600";"3297";"328579.1"
"45677863000";"2182600";"3297";"328587.4"
"45678942000";"2182600";"3297";"328595.4"
"45680284000";"2228100";"3298";"328604.9"
"45681364000";"2228100";"3298";"328613.2"
"45682444000";"2228100";"3298";"328621.1"
"45683530000";"2228100";"3298";"328629.1"
"45684609000";"2228100";"3297";"328637.0"
"45685953000";"2228100";"3297";"328645.4"
"45687033000";"2228100";"3297";"328653.3"
"45688113000";"2183700";"3297";"328661.3"
"45689193000";"2183700";"3297";"328669.6"
"45690272000";"2183700";"3297";"328677.6"
"45691616000";"2183700";"3297";"328685.9"
"45692695000";"2183700";"3297";"328693.8"
"45693779000";"2183700";"3297";"328701.8"
"45694858000";"2183700";"3297";"328709.7"
"45695939000";"2199000";"3297";"328718.1"
"45697281000";"2199000";"3297";"328726.4"
"45698362000";"2199000";"3297";"328734.3"
"45699441000";"2199000";"3297";"328742.3"
"45700522000";"2199000";"3297";"328750.6"
"45701602000";"2199000";"3297";"328758.6"
"45702950000";"2199000";"3297";"328766.9"
"45704029000";"2127000";"3297";"328774.8"
"45705109000";"2127000";"3297";"328782.8"
"45706188000";"2127000";"3297";"328790.8"
"45707269000";"2127000";"3297";"328798.7"
"45708612000";"2127000";"3297";"328808.5"
"45709692000";"2127000";"3297";"328816.5"
"45710778000";"2227400";"3297";"328824.5"
"45711858000";"2227400";"3297";"328832.8"
"45712944000";"2227400";"3297";"328840.7"
"45714286000";"2227400";"3297";"328849.1"
"45715365000";"2227400";"3297";"328857.0"
"45716445000";"2227400";"3297";"328865.3"
"45717525000";"2227400";"3297";"328873.3"
"45718605000";"2198800";"3297";"328881.2"
"45719948000";"2198800";"3297";"328889.6"
"45721027000";"2198800";"3297";"328897.5"
"45722108000";"2198800";"3297";"328905.9"
"45723194000";"2198800";"3297";"328913.8"
"45724274000";"2198800";"3297";"328921.8"
"45725617000";"2198800";"3297";"328930.1"
"45726697000";"2126400";"3297";"328938.0"
"45727777000";"2126400";"3297";"328946.0"
"45728857000";"2126400";"3297";"328953.9"
"45729937000";"2126400";"3297";"328962.3"
"45731280000";"2126400";"3297";"328970.2"
"45732361000";"2126400";"3297";"328978.5"
"45733447000";"2126400";"3297";"328986.5"
"45734526000";"2183700";"3297";"328994.4"
"45735606000";"2183700";"3297";"329002.8"
"45736948000";"2183700";"3297";"329011.1"
"45738027000";"2183700";"3297";"329019.1"
"45739107000";"2183700";"3297";"329027.0"
"45740187000";"2183700";"3297";"329035.0"
"45741267000";"2183700";"3297";"329043.3"
"45742610000";"2128400";"3297";"329051.2"
"45743696000";"2128400";"3297";"329059.6"
"45744776000";"2128400";"3297";"329067.5"
"45745856000";"2128400";"3297";"329075.5"
"45746936000";"2128400";"3297";"329083.4"
"45748279000";"2128400";"3297";"329091.7"
"45749359000";"2128400";"3297";"329099.7"
"45750439000";"2198300";"3297";"329108.0"
"45751519000";"2198300";"3297";"329116.0"
"45752604000";"2198300";"3297";"329123.9"
"45753953000";"2198300";"3297";"329132.2"
"45755033000";"2198300";"3296";"329140.2"
"45756113000";"2198300";"3297";"329148.5"
"45757193000";"2198300";"3296";"329156.5"
"45758272000";"2182500";"3296";"329164.4"
"45759614000";"2182500";"3296";"329172.8"
"45760695000";"2182500";"3296";"329180.7"
"45761774000";"2182500";"3296";"329189.0"
"45762859000";"2182500";"3296";"329197.0"
"45763939000";"2182500";"3296";"329204.9"
"45765281000";"2182500";"3297";"329213.3"
"45766362000";"2127000";"3297";"329221.2"
"45767441000";"2127000";"3297";"329229.2"
"45768521000";"2127000";"3296";"329237.1"
"45769601000";"2127000";"3296";"329245.1"
"45770944000";"2127000";"3296";"329253.4"
"45772023000";"2127000";"3296";"329261.7"
"45773108000";"2127000";"3296";"329269.7"
"45774188000";"2184300";"3296";"329277.6"
"45775268000";"2184300";"3296";"329286.0"
"45776611000";"2184300";"3296";"329295.8"
"45777691000";"2184300";"3296";"329303.8"
"45778771000";"2184300";"3296";"329311.7"
"45779850000";"2184300";"3296";"329319.7"
"45780931000";"2263800";"3296";"329328.0"
"45782273000";"2263800";"3296";"329337.5"
"45783358000";"2263800";"3296";"329345.4"
"45784438000";"2263800";"3296";"329353.8"
"45785518000";"2263800";"3296";"329361.7"
"45786599000";"2263800";"3296";"329369.7"
"45787941000";"2160300";"3296";"329378.0"
"45789020000";"2160300";"3296";"329385.9"
"45790099000";"2160300";"3296";"329393.9"
"45791180000";"2160300";"3296";"329401.8"
"45792259000";"2160300";"3296";"329409.8"
"45793607000";"2160300";"3296";"329418.5"
"45794691000";"2160300";"3296";"329426.4"
"45795770000";"2183400";"3296";"329434.4"
"45796849000";"2183400";"3296";"329442.3"
"45797930000";"2183400";"3296";"329450.7"
"45799273000";"2183400";"3296";"329460.1"
"45800353000";"2183400";"3296";"329468.5"
"45801433000";"2183400";"3296";"329476.4"
"45802513000";"2246400";"3296";"329484.4"
"45803598000";"2246400";"3296";"329492.3"
"45804941000";"2246400";"3296";"329500.7"
"45806021000";"2246400";"3296";"329508.6"
"45807101000";"2246400";"3296";"329516.6"
"45808181000";"2246400";"3296";"329524.9"
"45809261000";"2246400";"3296";"329532.8"
"45810604000";"2126700";"3296";"329541.2"
"45811683000";"2126700";"3296";"329549.1"
"45812764000";"2126700";"3296";"329557.1"
"45813849000";"2126700";"3296";"329565.0"
"45814929000";"2126700";"3296";"329573.4"
"45816271000";"2126700";"3296";"329581.7"
"45817351000";"2126700";"3296";"329589.6"
"45818431000";"2184300";"3296";"329597.6"
"45819511000";"2184300";"3296";"329605.9"
"45820592000";"2184300";"3296";"329613.9"
"45821934000";"2184300";"3296";"329623.7"
"45823019000";"2184300";"3296";"329631.7"
"45824099000";"2184300";"3296";"329639.6"
"45825179000";"2244700";"3296";"329647.6"
"45826259000";"2244700";"3297";"329655.9"
"45827601000";"2244700";"3297";"329665.4"
"45828681000";"2244700";"3297";"329673.3"
"45829761000";"2244700";"3297";"329681.3"
"45830841000";"2244700";"3297";"329689.6"
"45831920000";"2247100";"3297";"329697.6"
"45833269000";"2247100";"3297";"329705.9"
"45834348000";"2247100";"3297";"329713.8"
"45835429000";"2247100";"3297";"329722.2"
"45836513000";"2247100";"3297";"329730.1"
"45837594000";"2247100";"3297";"329738.1"
"45838936000";"2247100";"3297";"329746.4"
"45840016000";"2125500";"3297";"329754.3"
"45841096000";"2125500";"3297";"329762.7"
"45842175000";"2125500";"3297";"329770.6"
"45843260000";"2125500";"3297";"329778.6"
"45844604000";"2125500";"3297";"329788.4"
"45845683000";"2125500";"3297";"329796.4"
"45846763000";"2244900";"3297";"329804.3"
"45847843000";"2244900";"3297";"329812.3"
"45848923000";"2244900";"3297";"329820.2"
"45850266000";"2244900";"3297";"329828.5"
"45851347000";"2244900";"3297";"329836.5"
"45852426000";"2244900";"3297";"329844.8"
"45853511000";"2244900";"3297";"329852.8"
"45854591000";"2183900";"3297";"329860.7"
"45855934000";"2183900";"3297";"329869.1"
"45857014000";"2183900";"3297";"329877.4"
"45858094000";"2183900";"3297";"329885.3"
"45859174000";"2183900";"3297";"329893.3"
"45860254000";"2183900";"3297";"329901.2"
"45861597000";"2178000";"3297";"329911.1"
"45862677000";"2178000";"3297";"329919.0"
"45863763000";"2178000";"3297";"329927.0"
"45864843000";"2178000";"3297";"329935.3"
"45865922000";"2178000";"3297";"329943.3"
"45867265000";"2178000";"3297";"329951.6"
"45868346000";"2178000";"3297";"329959.6"
"45869425000";"2183900";"3297";"329967.5"
"45870505000";"2183900";"3297";"329975.5"
"45871584000";"2183900";"3297";"329983.4"
"45872932000";"2183900";"3297";"329991.7"
"45874013000";"2183900";"3297";"330000.1"
"45875093000";"2183900";"3297";"330008.0"
"45876172000";"2183900";"3297";"330016.0"
"45877253000";"2183900";"3297";"330023.9"
"45878601000";"2183900";"3297";"330033.8"
"45879681000";"2183900";"3297";"330042.1"
"45880761000";"2183900";"3297";"330050.1"
"45881841000";"2183900";"3297";"330058.0"
"45882927000";"2183900";"3297";"330066.0"
"45884270000";"2174400";"3297";"330074.3"
"45885350000";"2174400";"3297";"330082.2"
"45886431000";"2174400";"3297";"330090.2"
"45887511000";"2174400";"3297";"330098.1"
"45888591000";"2174400";"3297";"330106.5"
"45889934000";"2174400";"3297";"330114.8"
"45891015000";"2174400";"3297";"330122.7"
"45892095000";"2184800";"3297";"330130.7"
"45893180000";"2184800";"3297";"330138.6"
"45894259000";"2184800";"3297";"330146.6"
"45895602000";"2184800";"3297";"330155.3"
"45896682000";"2184800";"3297";"330163.2"
"45897762000";"2184800";"3297";"330171.2"
"45898842000";"2184800";"3297";"330179.2"
"45899922000";"2198800";"3297";"330187.5"
"45901265000";"2198800";"3297";"330195.8"
"45902345000";"2198800";"3297";"330203.8"
"45903431000";"2198800";"3297";"330211.7"
"45904510000";"2198800";"3297";"330219.7"
"45905591000";"2198800";"3297";"330227.6"
"45906933000";"2198800";"3297";"330235.9"
"45908013000";"2112400";"3297";"330243.9"
"45909093000";"2112400";"3297";"330252.2"
"45910174000";"2112400";"3297";"330260.2"
"45911254000";"2112400";"3297";"330268.1"
"45912597000";"2112400";"3297";"330278.0"
"45913681000";"2112400";"3297";"330285.9"
"45914761000";"2261800";"3297";"330294.3"
"45915841000";"2261800";"3297";"330302.2"
"45916922000";"2261800";"3298";"330310.2"
"45918264000";"2261800";"3298";"330318.5"
"45919343000";"2261800";"3298";"330326.4"
"45920428000";"2261800";"3298";"330334.8"
"45921509000";"2261800";"3298";"330342.7"
"45922589000";"2183900";"3298";"330350.7"
"45923937000";"2183900";"3298";"330360.5"
"45925017000";"2183900";"3298";"330368.5"
"45926096000";"2183900";"3298";"330376.4"
"45927176000";"2183900";"3298";"330384.4"
"45928256000";"2183900";"3298";"330392.3"
"45929598000";"2226400";"3298";"330402.2"
"45930677000";"2226400";"3298";"330410.1"
"45931758000";"2226400";"3297";"330418.1"
"45932838000";"2226400";"3298";"330426.4"
"45933923000";"2226400";"3297";"330434.4"
"45935266000";"2226400";"3297";"330442.7"
"45936345000";"2226400";"3297";"330450.6"
"45937425000";"2199000";"3297";"330459.0"
"45938505000";"2199000";"3297";"330466.9"
"45939584000";"2199000";"3297";"330474.9"
"45940927000";"2199000";"3297";"330483.2"
"45942007000";"2199000";"3297";"330491.1"
"45943092000";"2199000";"3298";"330499.5"
"45944172000";"2199000";"3297";"330507.4"
"45945252000";"2184100";"3297";"330515.4"
"45946594000";"2184100";"3297";"330525.2"
"45947674000";"2184100";"3297";"330533.2"
"45948753000";"2184100";"3297";"330541.1"
"45949834000";"2184100";"3297";"330549.1"
"45950913000";"2184100";"3297";"330557.0"
"45952256000";"2162100";"3297";"330565.4"
"45953342000";"2162100";"3297";"330573.7"
"45954421000";"2162100";"3297";"330581.6"
"45955500000";"2162100";"3297";"330589.6"
"45956581000";"2162100";"3297";"330597.5"
"45957925000";"2162100";"3297";"330605.9"
"45959005000";"2162100";"3297";"330614.2"
"45960085000";"2198300";"3297";"330622.1"
"45961165000";"2198300";"3297";"330630.1"
"45962250000";"2198300";"3297";"330638.1"
"45963598000";"2198300";"3297";"330646.4"
"45964677000";"2198300";"3297";"330654.3"
"45965758000";"2198300";"3297";"330662.7"
"45966838000";"2198300";"3297";"330670.6"
"45967918000";"2182500";"3297";"330678.6"
"45969262000";"2182500";"3297";"330686.9"
"45970341000";"2182500";"3297";"330694.8"
"45971420000";"2182500";"3297";"330702.8"
"45972501000";"2182500";"3296";"330710.7"
"45973586000";"2182500";"3296";"330719.1"
"45974929000";"2160100";"3296";"330728.5"
"45976009000";"2160100";"3296";"330736.9"
"45977089000";"2160100";"3296";"330744.8"
"45978169000";"2160100";"3296";"330752.8"
"45979249000";"2160100";"3296";"330761.1"
"45980592000";"2160100";"3296";"330769.4"
"45981672000";"2160100";"3296";"330777.4"
"45982752000";"2199900";"3296";"330785.3"
"45983838000";"2199900";"3296";"330793.3"
"45984918000";"2199900";"3296";"330801.2"
"45986261000";"2199900";"3296";"330809.6"
"45987341000";"2199900";"3296";"330817.5"
"45988421000";"2199900";"3296";"330825.8"
"45989501000";"2199900";"3296";"330833.8"
"45990580000";"2183900";"3296";"330841.7"
"45991922000";"2183900";"3296";"330850.1"
"45993008000";"2183900";"3296";"330858.0"
"45994089000";"2183900";"3296";"330866.4"
"45995169000";"2183900";"3296";"330874.3"
"45996249000";"2183900";"3296";"330882.3"
"45997592000";"2183900";"3296";"330890.6"
"45998672000";"2140600";"3296";"330898.9"
"45999751000";"2140600";"3296";"330906.9"
"46000831000";"2140600";"3296";"330914.8"
"46001911000";"2140600";"3296";"330922.8"
"46003259000";"2140600";"3296";"330931.1"
"46004344000";"2140600";"3296";"330939.0"
"46005424000";"2140600";"3296";"330947.4"
"46006505000";"2182600";"3296";"330955.3"
"46007584000";"2182600";"3296";"330963.3"
"46008926000";"2182600";"3296";"330971.6"
"46010005000";"2182600";"3296";"330979.6"
"46011084000";"2182600";"3296";"330987.5"
"46012165000";"2182600";"3296";"330995.5"
"46013250000";"2182600";"3296";"331003.8"
"46014593000";"2127200";"3296";"331012.1"
"46015674000";"2127200";"3296";"331020.1"
"46016753000";"2127200";"3296";"331028.0"
"46017833000";"2127200";"3296";"331036.3"
"46018913000";"2127200";"3296";"331044.3"
"46020255000";"2127200";"3296";"331052.6"
"46021334000";"2127200";"3296";"331060.6"
"46022414000";"2185900";"3296";"331068.5"
"46023500000";"2185900";"3296";"331076.5"
"46024579000";"2185900";"3296";"331084.8"
"46025922000";"2185900";"3296";"331092.7"
"46027002000";"2185900";"3296";"331101.1"
"46028083000";"2185900";"3296";"331109.0"
"46029162000";"2185900";"3296";"331117.0"
"46030241000";"2184100";"3296";"331124.9"
"46031584000";"2184100";"3296";"331133.3"
"46032664000";"2184100";"3296";"331141.2"
"46033749000";"2184100";"3296";"331149.5"
"46034829000";"2184100";"3296";"331157.5"
"46035909000";"2184100";"3296";"331165.4"
"46037252000";"2184100";"3296";"331173.8"
"46038332000";"2141100";"3296";"331182.1"
"46039412000";"2141100";"3296";"331190.1"
"46040492000";"2141100";"3296";"331198.0"
"46041571000";"2141100";"3296";"331206.0"
"46042920000";"2141100";"3296";"331214.3"
"46044000000";"2141100";"3296";"331222.2"
"46045081000";"2141100";"3296";"331230.2"
"46046165000";"2182300";"3296";"331238.5"
"46047246000";"2182300";"3297";"331246.5"
"46048589000";"2182300";"3297";"331254.8"
"46049669000";"2182300";"3297";"331262.7"
"46050748000";"2182300";"3296";"331270.7"
"46051829000";"2182300";"3296";"331278.6"
"46052914000";"2182300";"3297";"331287.0"
"46054256000";"2126900";"3297";"331295.3"
"46055336000";"2126900";"3297";"331303.2"
"46056416000";"2126900";"3297";"331311.2"
"46057496000";"2126900";"3297";"331319.5"
"46058575000";"2126900";"3297";"331327.5"
"46059918000";"2126900";"3297";"331335.8"
"46060999000";"2126900";"3297";"331343.8"
"46062078000";"2185300";"3297";"331351.7"
"46063164000";"2185300";"3297";"331359.7"
"46064243000";"2185300";"3297";"331368.0"
"46065587000";"2185300";"3297";"331375.9"
"46066667000";"2185300";"3297";"331384.3"
"46067747000";"2185300";"3297";"331392.2"
"46068826000";"2185300";"3297";"331400.2"
"46069906000";"2183900";"3297";"331408.1"
"46071248000";"2183900";"3297";"331416.4"
"46072329000";"2183900";"3297";"331424.4"
"46073415000";"2183900";"3297";"331432.7"
"46074495000";"2183900";"3297";"331440.7"
"46075575000";"2183900";"3297";"331448.6"
"46076917000";"2176400";"3297";"331458.5"
"46077997000";"2176400";"3297";"331466.4"
"46079077000";"2176400";"3297";"331474.8"
"46080156000";"2176400";"3297";"331482.7"
"46081237000";"2176400";"3297";"331490.7"
"46082579000";"2176400";"3297";"331500.5"
"46083665000";"2244900";"3297";"331508.5"
"46084745000";"2244900";"3297";"331516.4"
"46085824000";"2244900";"3297";"331524.4"
"46086903000";"2244900";"3297";"331532.3"
"46088251000";"2244900";"3297";"331540.6"
"46089331000";"2244900";"3297";"331548.6"
"46090412000";"2244900";"3297";"331556.9"
"46091492000";"2184100";"3297";"331564.9"
"46092572000";"2184100";"3297";"331572.8"
"46093920000";"2184100";"3297";"331582.7"
"46095001000";"2184100";"3297";"331590.6"
"46096080000";"2184100";"3297";"331598.6"
"46097160000";"2184100";"3297";"331606.9"
"46098240000";"2244700";"3297";"331614.9"
"46099583000";"2244700";"3297";"331623.2"
"46100663000";"2244700";"3297";"331631.1"
"46101743000";"2244700";"3297";"331639.1"
"46102823000";"2244700";"3297";"331647.4"
"46103909000";"2244700";"3297";"331655.4"
"46105252000";"2244700";"3297";"331663.7"
"46106332000";"2126400";"3297";"331671.7"
"46107413000";"2126400";"3297";"331679.6"
"46108492000";"2126400";"3297";"331687.6"
"46109572000";"2126400";"3297";"331695.5"
"46110915000";"2126400";"3297";"331703.8"
"46111996000";"2126400";"3297";"331712.2"
"46113080000";"2126400";"3297";"331720.1"
"46114160000";"2183900";"3297";"331728.1"
"46115240000";"2183900";"3297";"331736.0"
"46116583000";"2183900";"3297";"331744.3"
"46117663000";"2183900";"3297";"331752.7"
"46118743000";"2183900";"3297";"331760.6"
"46119823000";"2183900";"3297";"331768.6"
"46120903000";"2183900";"3297";"331776.9"
"46122245000";"2128200";"3297";"331784.9"
"46123331000";"2128200";"3297";"331793.2"
"46124411000";"2128200";"3297";"331801.1"
"46125491000";"2128200";"3297";"331809.1"
"46126571000";"2128200";"3297";"331817.0"
"46127914000";"2128200";"3297";"331825.4"
"46128993000";"2128200";"3297";"331833.3"
"46130078000";"2182600";"3297";"331841.3"
"46131158000";"2182600";"3297";"331849.6"
"46132238000";"2182600";"3297";"331857.6"
"46133586000";"2182600";"3297";"331865.9"
"46134666000";"2182600";"3297";"331873.8"
"46135746000";"2182600";"3297";"331881.8"
"46136826000";"2182600";"3297";"331889.7"
"46137906000";"2198500";"3297";"331898.1"
"46139249000";"2198500";"3297";"331906.4"
"46140330000";"2198500";"3297";"331914.3"
"46141409000";"2198500";"3297";"331922.3"
"46142490000";"2198500";"3297";"331930.2"
"46143575000";"2198500";"3297";"331938.6"
"46144919000";"2198500";"3297";"331946.5"
"46145999000";"2126200";"3297";"331954.8"
"46147078000";"2126200";"3297";"331962.8"
"46148158000";"2126200";"3297";"331970.7"
"46149238000";"2126200";"3297";"331978.7"
"46150581000";"2126200";"3297";"331987.0"
"46151660000";"2126200";"3297";"331995.0"
"46152739000";"2126200";"3297";"332002.9"
"46153825000";"2169700";"3297";"332010.9"
"46154904000";"2169700";"3297";"332019.2"
"46156247000";"2169700";"3297";"332027.5"
"46157327000";"2169700";"3297";"332035.5"
"46158407000";"2169700";"3297";"332043.4"
"46159487000";"2169700";"3297";"332051.8"
"46160567000";"2169700";"3297";"332059.7"
"46161909000";"2142700";"3297";"332068.0"
"46162994000";"2142700";"3297";"332076.0"
"46164074000";"2142700";"3297";"332083.9"
"46165154000";"2142700";"3297";"332092.3"
"46166234000";"2142700";"3297";"332100.2"
"46167577000";"2142700";"3297";"332108.6"
"46168657000";"2142700";"3297";"332116.5"
"46169737000";"2183900";"3297";"332124.5"
"46170816000";"2183900";"3297";"332132.4"
"46171901000";"2183900";"3297";"332140.4"
"46173249000";"2183900";"3297";"332150.2"
"46174329000";"2183900";"3297";"332158.2"
"46175410000";"2183900";"3297";"332166.1"
"46176490000";"2243200";"3297";"332174.4"
"46177569000";"2243200";"3297";"332182.4"
"46178912000";"2243200";"3297";"332192.2"
"46179992000";"2243200";"3297";"332200.2"
"46181071000";"2243200";"3297";"332208.1"
"46182151000";"2243200";"3297";"332216.1"
"46183237000";"2245100";"3297";"332224.4"
"46184580000";"2245100";"3297";"332232.4"
"46185660000";"2245100";"3297";"332240.7"
"46186739000";"2245100";"3297";"332248.7"
"46187819000";"2245100";"3297";"332256.6"
"46188899000";"2245100";"3297";"332264.6"
"46190240000";"2162300";"3297";"332274.4"
"46191321000";"2162300";"3297";"332282.4"
"46192401000";"2162300";"3297";"332290.3"
"46193487000";"2162300";"3297";"332298.3"
"46194567000";"2162300";"3297";"332306.2"
"46195909000";"2162300";"3297";"332314.5"
"46196990000";"2162300";"3297";"332322.9"
"46198070000";"2183400";"3297";"332330.8"
"46199149000";"2183400";"3297";"332338.8"
"46200229000";"2183400";"3297";"332346.7"
"46201572000";"2183400";"3297";"332355.0"
"46202652000";"2183400";"3297";"332363.0"
"46203738000";"2183400";"3297";"332371.3"
"46204818000";"2183400";"3297";"332379.3"
"46205897000";"2184100";"3297";"332387.2"
"46207241000";"2184100";"3297";"332395.6"
"46208321000";"2184100";"3297";"332403.5"
"46209401000";"2184100";"3297";"332411.5"
"46210481000";"2184100";"3297";"332419.4"
"46211561000";"2184100";"3297";"332427.4"
"46212909000";"2184100";"3297";"332435.7"
"46213994000";"2110900";"3297";"332443.6"
"46215073000";"2110900";"3297";"332452.0"
"46216154000";"2110900";"3297";"332459.9"
"46217233000";"2110900";"3297";"332467.9"
"46218575000";"2110900";"3297";"332477.7"
"46219654000";"2110900";"3297";"332485.7"
"46220734000";"2247300";"3297";"332493.6"
"46221814000";"2247300";"3297";"332502.0"
"46222899000";"2247300";"3297";"332509.9"
"46224242000";"2247300";"3297";"332518.2"
"46225322000";"2247300";"3297";"332526.2"
"46226403000";"2247300";"3297";"332534.1"
"46227483000";"2247300";"3297";"332542.1"
"46228562000";"2183900";"3297";"332550.0"
"46229906000";"2183900";"3297";"332558.4"
"46230986000";"2183900";"3297";"332566.3"
"46232066000";"2183900";"3297";"332574.3"
"46233152000";"2183900";"3297";"332582.6"
"46234232000";"2183900";"3297";"332590.5"
"46235573000";"2183900";"3297";"332598.9"
"46236654000";"2126500";"3297";"332606.8"
"46237734000";"2126500";"3297";"332615.2"
"46238813000";"2126500";"3297";"332623.1"
"46239893000";"2126500";"3297";"332631.1"
"46241236000";"2126500";"3297";"332639.4"
"46242316000";"2126500";"3297";"332647.3"
"46243401000";"2126500";"3297";"332655.3"
"46244481000";"2183900";"3297";"332663.2"
"46245561000";"2183900";"3297";"332671.6"
"46246904000";"2183900";"3297";"332679.9"
"46247984000";"2183900";"3297";"332687.8"
"46249063000";"2183900";"3297";"332695.8"
"46250143000";"2183900";"3297";"332703.7"
"46251222000";"2183900";"3297";"332711.7"
"46252566000";"2185500";"3297";"332721.5"
"46253651000";"2185500";"3297";"332729.5"
"46254732000";"2185500";"3297";"332737.8"
"46255817000";"2185500";"3297";"332745.8"
"46256896000";"2185500";"3297";"332753.7"
"46258239000";"2185500";"3297";"332762.0"
"46259319000";"2185500";"3297";"332770.4"
"46260398000";"2197400";"3297";"332778.3"
"46261478000";"2197400";"3297";"332786.3"
"46262558000";"2197400";"3297";"332794.2"
"46263906000";"2197400";"3297";"332802.6"
"46264986000";"2197400";"3297";"332810.5"
"46266067000";"2197400";"3297";"332818.5"
"46267147000";"2197400";"3296";"332826.4"
"46268228000";"2168600";"3297";"332834.4"
"46269571000";"2168600";"3297";"332842.7"
"46270651000";"2168600";"3297";"332850.6"
"46271730000";"2168600";"3297";"332859.0"
"46272810000";"2168600";"3297";"332866.9"
"46273896000";"2168600";"3297";"332874.9"
"46275239000";"2168600";"3297";"332883.2"
"46276319000";"2126700";"3297";"332891.2"
"46277399000";"2126700";"3297";"332899.5"
"46278478000";"2126700";"3297";"332907.4"
"46279559000";"2126700";"3297";"332915.4"
"46280901000";"2126700";"3297";"332923.7"
"46281981000";"2126700";"3296";"332931.7"
"46283067000";"2126700";"3296";"332939.6"
"46284148000";"2183500";"3296";"332947.6"
"46285228000";"2183500";"3296";"332955.5"
"46286571000";"2183500";"3296";"332963.8"
"46287651000";"2183500";"3296";"332971.8"
"46288731000";"2183500";"3296";"332979.7"
"46289811000";"2183500";"3296";"332987.7"
"46290890000";"2183500";"3296";"332996.0"
"46292233000";"2114100";"3296";"333004.0"
"46293319000";"2114100";"3296";"333012.3"
"46294399000";"2114100";"3296";"333020.3"
"46295478000";"2114100";"3296";"333028.2"
"46296559000";"2114100";"3296";"333036.2"
"46297907000";"2114100";"3296";"333044.9"
"46298987000";"2114100";"3296";"333052.8"
"46300067000";"2196900";"3296";"333060.8"
"46301146000";"2196900";"3296";"333068.7"
"46302226000";"2196900";"3296";"333077.0"
"46303575000";"2196900";"3296";"333085.0"
"46304654000";"2196900";"3296";"333092.9"
"46305735000";"2196900";"3296";"333100.9"
"46306815000";"2196900";"3296";"333109.2"
"46307895000";"2183700";"3297";"333117.2"
"46309239000";"2183700";"3297";"333125.5"
"46310318000";"2183700";"3297";"333133.4"
"46311398000";"2183700";"3297";"333141.4"
"46312478000";"2183700";"3297";"333149.4"
"46313563000";"2183700";"3297";"333157.3"
"46314906000";"2183700";"3297";"333165.6"
"46315985000";"2112600";"3297";"333173.6"
"46317065000";"2112600";"3297";"333181.9"
"46318145000";"2112600";"3296";"333189.9"
"46319225000";"2112600";"3296";"333197.8"
"46320568000";"2112600";"3296";"333206.1"
"46321648000";"2112600";"3297";"333214.1"
"46322728000";"2112600";"3297";"333222.0"
"46323814000";"2183700";"3296";"333230.0"
"46324894000";"2183700";"3296";"333237.9"
"46326237000";"2183700";"3296";"333246.3"
"46327317000";"2183700";"3296";"333254.2"
"46328397000";"2183700";"3296";"333262.5"
"46329476000";"2183700";"3296";"333270.5"
"46330556000";"2183700";"3296";"333278.5"
"46331900000";"2128100";"3297";"333286.8"
"46332986000";"2128100";"3296";"333294.7"
"46334065000";"2128100";"3297";"333303.1"
"46335146000";"2128100";"3297";"333311.0"
"46336226000";"2128100";"3297";"333319.0"
"46337569000";"2128100";"3297";"333327.3"
"46338649000";"2128100";"3296";"333335.2"
"46339735000";"2196700";"3297";"333343.6"
"46340814000";"2196700";"3297";"333351.5"
"46341893000";"2196700";"3297";"333359.5"
"46343242000";"2196700";"3297";"333367.8"
"46344321000";"2196700";"3297";"333375.7"
"46345400000";"2196700";"3297";"333383.7"
"46346480000";"2196700";"3297";"333391.7"
"46347559000";"2170000";"3297";"333399.6"
"46348902000";"2170000";"3297";"333407.9"
"46349981000";"2170000";"3297";"333415.9"
"46351060000";"2170000";"3297";"333423.8"
"46352141000";"2170000";"3297";"333431.8"
"46353226000";"2170000";"3296";"333440.1"
"46354569000";"2160300";"3296";"333449.6"
"46355649000";"2160300";"3296";"333457.5"
"46356730000";"2160300";"3296";"333465.9"
"46357810000";"2160300";"3297";"333473.8"
"46358889000";"2160300";"3296";"333481.8"
"46360233000";"2160300";"3296";"333490.1"
"46361313000";"2160300";"3296";"333498.0"
"46362393000";"2199800";"3296";"333506.4"
"46363478000";"2199800";"3296";"333514.3"
"46364557000";"2199800";"3296";"333522.3"
"46365900000";"2199800";"3296";"333530.6"
"46366980000";"2199800";"3296";"333538.5"
"46368059000";"2199800";"3296";"333546.5"
"46369139000";"2199800";"3296";"333554.5"
"46370218000";"2169900";"3296";"333562.4"
"46371561000";"2169900";"3296";"333570.7"
"46372641000";"2169900";"3296";"333578.7"
"46373726000";"2169900";"3296";"333586.6"
"46374806000";"2169900";"3296";"333595.0"
"46375886000";"2169900";"3297";"333602.9"
"46377230000";"2176400";"3297";"333612.8"
"46378309000";"2176400";"3297";"333620.7"
"46379388000";"2176400";"3297";"333628.7"
"46380467000";"2176400";"3297";"333636.6"
"46381552000";"2176400";"3297";"333645.0"
"46382900000";"2176400";"3297";"333653.3"
"46383979000";"2176400";"3297";"333661.2"
"46385059000";"2183400";"3297";"333669.2"
"46386139000";"2183400";"3297";"333677.1"
"46387220000";"2183400";"3297";"333685.1"
"46388563000";"2183400";"3297";"333694.9"
"46389643000";"2183400";"3297";"333702.9"
"46390722000";"2183400";"3297";"333710.8"
"46391802000";"2229500";"3297";"333718.8"
"46392887000";"2229500";"3297";"333726.7"
"46394231000";"2229500";"3297";"333736.6"
"46395310000";"2229500";"3297";"333744.5"
"46396390000";"2229500";"3297";"333752.9"
"46397470000";"2229500";"3297";"333760.8"
"46398549000";"2244900";"3297";"333768.8"
"46399891000";"2244900";"3297";"333777.1"
"46400970000";"2244900";"3297";"333785.0"
"46402051000";"2244900";"3297";"333793.4"
"46403136000";"2244900";"3297";"333801.3"
"46404217000";"2244900";"3297";"333809.3"
"46405559000";"2244900";"3297";"333817.6"
"46406638000";"2127200";"3297";"333825.6"
"46407719000";"2127200";"3297";"333833.5"
"46408798000";"2127200";"3297";"333841.5"
"46409877000";"2127200";"3297";"333849.4"
"46411221000";"2127200";"3297";"333859.3"
"46412302000";"2127200";"3297";"333867.2"
"46413386000";"2227600";"3297";"333875.2"
"46414467000";"2227600";"3297";"333883.1"
"46415547000";"2227600";"3297";"333891.4"
"46416890000";"2227600";"3297";"333900.9"
"46417971000";"2227600";"3297";"333909.2"
"46419051000";"2227600";"3297";"333917.2"
"46420131000";"2246000";"3297";"333925.1"
"46421210000";"2246000";"3297";"333933.1"
"46422553000";"2246000";"3297";"333941.4"
"46423644000";"2246000";"3297";"333949.8"
"46424723000";"2246000";"3297";"333957.7"
"46425803000";"2246000";"3297";"333965.7"
"46426883000";"2246000";"3297";"333973.6"
"46428224000";"2183100";"3297";"333983.5"
"46429303000";"2183100";"3297";"333991.4"
"46430384000";"2183100";"3297";"333999.4"
"46431464000";"2183100";"3297";"334007.3"
"46432544000";"2183100";"3297";"334015.3"
"46433893000";"2183100";"3297";"334025.1"
"46434972000";"2227800";"3297";"334033.1"
"46436052000";"2227800";"3297";"334041.0"
"46437132000";"2227800";"3297";"334049.3"
"46438212000";"2227800";"3297";"334057.3"
"46439554000";"2227800";"3297";"334065.6"
"46440634000";"2227800";"3297";"334073.6"
"46441714000";"2227800";"3297";"334081.9"
"46442794000";"2200100";"3297";"334089.9"
"46443879000";"2200100";"3297";"334097.8"
"46445223000";"2200100";"3297";"334106.1"
"46446303000";"2200100";"3297";"334114.1"
"46447383000";"2200100";"3297";"334122.0"
"46448463000";"2200100";"3297";"334130.0"
"46449542000";"2200100";"3297";"334137.9"
"46450885000";"2112600";"3297";"334146.3"
"46451966000";"2112600";"3297";"334154.2"
"46453052000";"2112600";"3297";"334162.2"
"46454132000";"2112600";"3297";"334170.5"
"46455211000";"2112600";"3297";"334178.4"
"46456554000";"2112600";"3297";"334186.8"
"46457633000";"2112600";"3297";"334194.7"
"46458713000";"2198500";"3297";"334203.1"
"46459793000";"2198500";"3297";"334211.0"
"46460874000";"2198500";"3297";"334219.0"
"46462216000";"2198500";"3297";"334228.8"
"46463301000";"2198500";"3297";"334236.8"
"46464382000";"2198500";"3297";"334244.7"
"46465467000";"2225700";"3297";"334252.7"
"46466547000";"2225700";"3297";"334260.6"
"46467890000";"2225700";"3297";"334268.9"
"46468971000";"2225700";"3297";"334276.9"
"46470051000";"2225700";"3297";"334284.8"
"46471132000";"2225700";"3297";"334293.2"
"46472211000";"2225700";"3297";"334301.1"
"46473559000";"2126400";"3297";"334309.4"
"46474640000";"2126400";"3297";"334317.4"
"46475719000";"2126400";"3297";"334325.3"
"46476799000";"2126400";"3297";"334333.3"
"46477879000";"2126400";"3297";"334341.6"
"46479222000";"2126400";"3297";"334349.9"
"46480302000";"2126400";"3297";"334357.9"
"46481382000";"2185300";"3297";"334365.9"
"46482462000";"2185300";"3297";"334373.8"
"46483546000";"2185300";"3297";"334382.1"
"46484890000";"2185300";"3297";"334390.5"
"46485970000";"2185300";"3297";"334398.4"
"46487049000";"2185300";"3297";"334406.4"
"46488129000";"2185300";"3297";"334414.3"
"46489209000";"2184100";"3297";"334422.3"
"46490552000";"2184100";"3297";"334430.6"
"46491631000";"2184100";"3297";"334438.5"
"46492711000";"2184100";"3297";"334446.5"
"46493797000";"2184100";"3297";"334454.8"
"46494877000";"2184100";"3297";"334462.8"
"46496220000";"2184100";"3297";"334471.1"
"46497301000";"2126500";"3297";"334479.1"
"46498380000";"2126500";"3297";"334487.0"
"46499461000";"2126500";"3297";"334495.3"
"46500541000";"2126500";"3297";"334503.3"
"46501884000";"2126500";"3297";"334511.6"
"46502970000";"2126500";"3297";"334519.6"
"46504049000";"2126500";"3297";"334527.9"
"46505129000";"2198500";"3297";"334535.8"
"46506208000";"2198500";"3297";"334543.8"
"46507555000";"2198500";"3297";"334552.1"
"46508635000";"2198500";"3297";"334560.1"
"46509715000";"2198500";"3297";"334568.0"
"46510794000";"2198500";"3297";"334576.0"
"46511874000";"2198500";"3297";"334583.9"
"46513223000";"2168800";"3297";"334593.8"
"46514303000";"2168800";"3297";"334601.7"
"46515383000";"2168800";"3297";"334609.7"
"46516464000";"2168800";"3297";"334618.0"
"46517544000";"2168800";"3297";"334626.0"
"46518887000";"2168800";"3297";"334634.3"
"46519966000";"2168800";"3297";"334642.2"
"46521046000";"2199900";"3297";"334650.6"
"46522126000";"2199900";"3297";"334658.5"
"46523212000";"2199900";"3297";"334666.5"
"46524554000";"2199900";"3297";"334676.3"
"46525635000";"2199900";"3297";"334684.3"
"46526715000";"2199900";"3297";"334692.2"
"46527795000";"2227400";"3297";"334700.2"
"46528875000";"2227400";"3297";"334708.1"
"46530218000";"2227400";"3297";"334716.4"
"46531297000";"2227400";"3297";"334724.4"
"46532378000";"2227400";"3297";"334732.4"
"46533463000";"2227400";"3297";"334740.7"
"46534543000";"2227400";"3297";"334748.6"
"46535886000";"2126500";"3297";"334757.0"
"46536967000";"2126500";"3297";"334764.9"
"46538046000";"2126500";"3297";"334772.9"
"46539126000";"2126500";"3297";"334781.2"
"46540206000";"2126500";"3297";"334789.1"
"46541547000";"2126500";"3297";"334799.0"
"46542627000";"2247100";"3297";"334806.9"
"46543713000";"2247100";"3297";"334814.9"
"46544793000";"2247100";"3297";"334822.8"
"46545872000";"2247100";"3297";"334830.8"
"46547216000";"2247100";"3297";"334839.1"
"46548296000";"2247100";"3297";"334847.1"
"46549381000";"2247100";"3297";"334855.0"
"46550461000";"2182300";"3297";"334863.4"
"46551541000";"2182300";"3297";"334871.3"
"46552889000";"2182300";"3297";"334879.6"
"46553969000";"2182300";"3297";"334887.6"
"46555048000";"2182300";"3297";"334895.5"
"46556128000";"2182300";"3297";"334903.5"
"46557209000";"2182300";"3297";"334911.8"
"46558551000";"2184000";"3297";"334921.7"
"46559632000";"2184000";"3297";"334929.6"
"46560711000";"2184000";"3297";"334937.6"
"46561790000";"2184000";"3297";"334945.5"
"46562876000";"2184000";"3297";"334953.5"
"46564219000";"2184000";"3297";"334963.3"
"46565299000";"2227800";"3297";"334971.3"
"46566378000";"2227800";"3297";"334979.2"
"46567457000";"2227800";"3297";"334987.2"
"46568537000";"2227800";"3297";"334995.5"
"46569881000";"2227800";"3297";"335003.4"
"46570960000";"2227800";"3297";"335011.8"
"46572039000";"2227800";"3297";"335019.7"
"46573125000";"2184400";"3297";"335027.7"
"46574204000";"2184400";"3297";"335035.6"
"46575547000";"2184400";"3297";"335044.0"
"46576627000";"2184400";"3297";"335051.9"
"46577706000";"2184400";"3297";"335060.2"
"46578787000";"2184400";"3297";"335068.2"
"46579867000";"2184400";"3297";"335076.1"
"46581210000";"2128100";"3297";"335084.5"
"46582291000";"2128100";"3297";"335092.8"
"46583376000";"2128100";"3297";"335100.8"
"46584456000";"2128100";"3297";"335108.7"
"46585536000";"2128100";"3297";"335116.7"
"46586879000";"2128100";"3297";"335125.0"
"46587959000";"2128100";"3297";"335132.9"
"46589039000";"2183700";"3297";"335140.9"
"46590119000";"2183700";"3297";"335148.8"
"46591204000";"2183700";"3297";"335156.8"
"46592547000";"2183700";"3297";"335165.1"
"46593633000";"2183700";"3297";"335173.4"
"46594713000";"2183700";"3297";"335181.4"
"46595793000";"2183700";"3297";"335189.3"
"46596873000";"2182100";"3297";"335197.3"
"46598217000";"2182100";"3297";"335205.6"
"46599296000";"2182100";"3297";"335214.0"
"46600375000";"2182100";"3297";"335221.9"
"46601455000";"2182100";"3297";"335229.9"
"46602535000";"2182100";"3297";"335237.8"
"46603884000";"2176600";"3297";"335247.7"
"46604964000";"2176600";"3297";"335255.6"
"46606044000";"2176600";"3297";"335263.6"
"46607123000";"2176600";"3296";"335271.5"
"46608204000";"2176600";"3296";"335279.8"
"46609546000";"2176600";"3297";"335287.8"
"46610625000";"2176600";"3297";"335296.1"
"46611706000";"2185500";"3297";"335304.1"
"46612786000";"2185500";"3297";"335312.0"
"46613872000";"2185500";"3297";"335320.0"
"46615215000";"2185500";"3297";"335329.8"
"46616295000";"2185500";"3297";"335337.8"
"46617375000";"2185500";"3296";"335345.7"
"46618455000";"2244500";"3297";"335354.1"
"46619534000";"2244500";"3296";"335362.0"
"46620876000";"2244500";"3296";"335370.3"
"46621955000";"2244500";"3296";"335378.3"
"46623041000";"2244500";"3297";"335386.2"
"46624121000";"2244500";"3296";"335394.6"
"46625201000";"2244500";"3296";"335402.5"
"46626544000";"2127000";"3296";"335410.8"
"46627624000";"2127000";"3296";"335418.8"
"46628704000";"2127000";"3296";"335426.7"
"46629783000";"2127000";"3296";"335434.7"
"46630862000";"2127000";"3296";"335442.6"
"46632205000";"2127000";"3296";"335452.5"
"46633294000";"2226900";"3296";"335460.4"
"46634374000";"2226900";"3296";"335468.4"
"46635454000";"2226900";"3296";"335476.3"
"46636534000";"2226900";"3296";"335484.7"
"46637877000";"2226900";"3296";"335493.0"
"46638956000";"2226900";"3296";"335501.0"
"46640036000";"2226900";"3296";"335508.9"
"46641116000";"2200300";"3296";"335517.2"
"46642196000";"2200300";"3296";"335525.2"
"46643545000";"2200300";"3296";"335533.5"
"46644625000";"2200300";"3296";"335541.5"
"46645704000";"2200300";"3296";"335549.4"
"46646784000";"2200300";"3296";"335557.4"
"46647864000";"2200300";"3296";"335565.3"
"46649206000";"2112800";"3296";"335573.6"
"46650286000";"2112800";"3296";"335581.6"
"46651366000";"2112800";"3297";"335589.9"
"46652446000";"2112800";"3297";"335597.9"
"46653532000";"2112800";"3297";"335605.8"
"46654874000";"2112800";"3297";"335614.2"
"46655954000";"2112800";"3297";"335622.1"
"46657034000";"2183700";"3297";"335630.1"
"46658114000";"2183700";"3297";"335638.4"
"46659194000";"2183700";"3297";"335646.3"
"46660537000";"2183700";"3297";"335654.7"
"46661618000";"2183700";"3297";"335662.6"
"46662698000";"2183700";"3297";"335670.9"
"46663784000";"2183700";"3297";"335678.9"
"46664863000";"2198500";"3297";"335686.9"
"46666205000";"2198500";"3297";"335695.2"
"46667285000";"2198500";"3297";"335703.1"
"46668364000";"2198500";"3297";"335711.1"
"46669444000";"2198500";"3297";"335719.0"
"46670524000";"2198500";"3297";"335727.0"
"46671866000";"2198500";"3297";"335735.3"
"46672953000";"2112600";"3297";"335743.3"
"46674033000";"2112600";"3297";"335751.2"
"46675118000";"2112600";"3297";"335759.5"
"46676197000";"2112600";"3297";"335767.5"
"46677539000";"2112600";"3297";"335775.8"
"46678619000";"2112600";"3297";"335783.8"
"46679699000";"2112600";"3297";"335792.1"
"46680779000";"2199200";"3297";"335800.0"
"46681859000";"2199200";"3297";"335808.0"
"46683207000";"2199200";"3297";"335816.3"
"46684288000";"2199200";"3297";"335824.3"
"46685368000";"2199200";"3297";"335832.2"
"46686448000";"2199200";"3297";"335840.6"
"46687528000";"2199200";"3297";"335848.5"
"46688871000";"2112200";"3297";"335856.4"
"46689951000";"2112200";"3297";"335864.8"
"46691031000";"2112200";"3297";"335872.7"
"46692111000";"2112200";"3297";"335880.7"
"46693196000";"2112200";"3297";"335888.6"
"46694540000";"2112200";"3297";"335897.0"
"46695619000";"2112200";"3297";"335904.9"
"46696700000";"2198300";"3297";"335913.2"
"46697780000";"2198300";"3297";"335921.2"
"46698860000";"2198300";"3297";"335929.1"
"46700202000";"2198300";"3297";"335937.5"
"46701283000";"2198300";"3297";"335945.4"
"46702363000";"2198300";"3297";"335953.8"
"46703449000";"2198300";"3297";"335961.7"
"46704528000";"2183700";"3297";"335969.7"
"46705872000";"2183700";"3297";"335978.0"
"46706951000";"2183700";"3297";"335985.9"
"46708030000";"2183700";"3297";"335993.9"
"46709109000";"2183700";"3297";"336001.8"
"46710188000";"2183700";"3297";"336009.8"
"46711531000";"2162500";"3297";"336019.6"
"46712611000";"2162500";"3297";"336027.6"
"46713696000";"2162500";"3297";"336035.5"
"46714777000";"2162500";"3297";"336043.9"
"46715857000";"2162500";"3297";"336051.8"
"46717204000";"2162500";"3297";"336061.7"
"46718284000";"2243000";"3297";"336069.6"
"46719364000";"2243000";"3297";"336077.6"
"46720444000";"2243000";"3297";"336085.5"
"46721525000";"2243000";"3297";"336093.9"
"46722873000";"2243000";"3297";"336102.2"
"46723953000";"2243000";"3297";"336110.1"
"46725033000";"2243000";"3297";"336118.1"
"46726113000";"2183700";"3297";"336126.0"
"46727192000";"2183700";"3297";"336134.0"
"46728536000";"2183700";"3297";"336142.3"
"46729616000";"2183700";"3297";"336150.3"
"46730697000";"2183700";"3297";"336158.2"
"46731776000";"2183700";"3297";"336166.2"
"46732862000";"2183700";"3297";"336174.5"
"46734204000";"2126500";"3297";"336182.8"
"46735285000";"2126500";"3297";"336190.8"
"46736365000";"2126500";"3297";"336198.7"
"46737445000";"2126500";"3297";"336206.7"
"46738525000";"2126500";"3297";"336215.0"
"46739868000";"2126500";"3297";"336223.3"
"46740947000";"2126500";"3297";"336231.3"
"46742027000";"2185300";"3297";"336239.2"
"46743113000";"2185300";"3297";"336247.6"
"46744193000";"2185300";"3297";"336255.5"
"46745534000";"2185300";"3297";"336263.8"
"46746615000";"2185300";"3297";"336271.8"
"46747694000";"2185300";"3297";"336279.7"
"46748774000";"2185300";"3297";"336287.7"
"46749854000";"2184300";"3297";"336295.6"
"46751197000";"2184300";"3297";"336304.0"
"46752277000";"2184300";"3297";"336311.9"
"46753363000";"2184300";"3296";"336319.9"
"46754443000";"2184300";"3296";"336328.2"
"46755523000";"2184300";"3297";"336336.2"
"46756865000";"2184300";"3297";"336344.5"
"46757946000";"2126400";"3297";"336352.4"
"46759031000";"2126400";"3297";"336360.8"
"46760111000";"2126400";"3297";"336368.7"
"46761191000";"2126400";"3297";"336376.7"
"46762533000";"2126400";"3297";"336385.0"
"46763618000";"2126400";"3297";"336392.9"
"46764698000";"2126400";"3297";"336400.9"
"46765778000";"2182600";"3297";"336408.8"
"46766858000";"2182600";"3297";"336417.2"
"46768201000";"2182600";"3297";"336426.6"
"46769281000";"2182600";"3297";"336434.6"
"46770361000";"2182600";"3297";"336442.9"
"46771440000";"2182600";"3297";"336450.9"
"46772521000";"2246600";"3297";"336458.8"
"46773869000";"2246600";"3296";"336467.2"
"46774949000";"2246600";"3296";"336475.1"
"46776029000";"2246600";"3296";"336483.1"
"46777110000";"2246600";"3296";"336491.4"
"46778190000";"2246600";"3296";"336499.3"
"46779532000";"2246600";"3296";"336507.7"
"46780612000";"2126500";"3296";"336515.6"
"46781692000";"2126500";"3296";"336523.6"
"46782773000";"2126500";"3297";"336531.9"
"46783857000";"2126500";"3297";"336539.9"
"46785201000";"2126500";"3297";"336549.3"
"46786281000";"2126500";"3297";"336557.6"
"46787361000";"2244300";"3297";"336565.6"
"46788441000";"2244300";"3297";"336573.6"
"46789520000";"2244300";"3297";"336581.5"
"46790863000";"2244300";"3297";"336589.8"
"46791943000";"2244300";"3297";"336597.8"
"46793028000";"2244300";"3297";"336606.1"
"46794108000";"2244300";"3297";"336614.1"
"46795188000";"2184300";"3297";"336622.0"
"46796531000";"2184300";"3297";"336630.3"
"46797611000";"2184300";"3297";"336638.3"
"46798691000";"2184300";"3297";"336646.6"
"46799772000";"2184300";"3297";"336654.6"
"46800856000";"2184300";"3297";"336662.9"
"46802198000";"2176800";"3297";"336672.4"
"46803283000";"2176800";"3297";"336680.7"
"46804363000";"2176800";"3297";"336688.7"
"46805443000";"2176800";"3297";"336696.6"
"46806522000";"2176800";"3297";"336704.6"
"46807866000";"2176800";"3297";"336712.9"
"46808946000";"2176800";"3297";"336720.8"
"46810026000";"2183900";"3297";"336728.8"
"46811105000";"2183900";"3297";"336737.1"
"46812185000";"2183900";"3297";"336745.1"
"46813532000";"2183900";"3297";"336754.5"
"46814613000";"2183900";"3297";"336762.9"
"46815694000";"2183900";"3297";"336770.8"
"46816773000";"2244900";"3297";"336778.8"
"46817853000";"2244900";"3297";"336786.7"
"46819196000";"2244900";"3297";"336795.4"
"46820277000";"2244900";"3297";"336803.4"
"46821356000";"2244900";"3297";"336811.3"
"46822436000";"2244900";"3297";"336819.3"
"46823522000";"2244900";"3297";"336827.6"
"46824864000";"2141000";"3297";"336835.9"
"46825943000";"2141000";"3297";"336843.9"
"46827024000";"2141000";"3297";"336851.8"
"46828103000";"2141000";"3297";"336859.8"
"46829183000";"2141000";"3297";"336867.7"
"46830526000";"2141000";"3297";"336877.6"
"46831605000";"2229900";"3297";"336885.5"
"46832684000";"2229900";"3297";"336893.5"
"46833770000";"2229900";"3297";"336901.4"
"46834851000";"2229900";"3297";"336909.8"
"46836193000";"2229900";"3297";"336919.2"
"46837273000";"2229900";"3297";"336927.6"
"46838353000";"2244700";"3297";"336935.5"
"46839433000";"2244700";"3297";"336943.5"
"46840513000";"2244700";"3297";"336951.8"
"46841856000";"2244700";"3297";"336960.1"
"46842947000";"2244700";"3296";"336968.1"
"46844026000";"2244700";"3296";"336976.0"
"46845106000";"2244700";"3296";"336984.0"
"46846186000";"2182500";"3296";"336991.9"
"46847529000";"2182500";"3296";"337000.3"
"46848609000";"2182500";"3296";"337008.2"
"46849690000";"2182500";"3296";"337016.5"
"46850771000";"2182500";"3296";"337024.5"
"46851850000";"2182500";"3296";"337032.5"
"46853198000";"2182500";"3297";"337040.8"
"46854278000";"2126500";"3296";"337048.7"
"46855358000";"2126500";"3296";"337056.7"
"46856437000";"2126500";"3296";"337065.0"
"46857518000";"2126500";"3296";"337073.0"
"46858860000";"2126500";"3296";"337081.3"
"46859940000";"2126500";"3296";"337089.2"
"46861020000";"2126500";"3296";"337097.6"
"46862099000";"2200500";"3296";"337105.5"
"46863185000";"2200500";"3296";"337113.5"
"46864528000";"2200500";"3297";"337121.8"
"46865607000";"2200500";"3297";"337129.7"
"46866687000";"2200500";"3297";"337137.7"
"46867767000";"2200500";"3296";"337145.7"
"46868847000";"2200500";"3296";"337154.0"
"46870190000";"2112600";"3296";"337161.9"
"46871269000";"2112600";"3296";"337170.3"
"46872350000";"2112600";"3296";"337178.2"
"46873436000";"2112600";"3296";"337186.2"
"46874515000";"2112600";"3296";"337194.1"
"46875857000";"2112600";"3296";"337202.4"
"46876938000";"2112600";"3296";"337210.4"
"46878018000";"2198500";"3296";"337218.7"
"46879098000";"2198500";"3296";"337226.7"
"46880178000";"2198500";"3296";"337234.6"
"46881520000";"2198500";"3296";"337242.9"
"46882601000";"2198500";"3296";"337251.3"
"46883687000";"2198500";"3296";"337259.2"
"46884771000";"2198500";"3296";"337267.2"
"46885852000";"2197000";"3296";"337275.5"
"46887194000";"2197000";"3296";"337285.0"
"46888275000";"2197000";"3296";"337292.9"
"46889355000";"2197000";"3296";"337301.3"
"46890434000";"2197000";"3296";"337309.2"
"46891514000";"2197000";"3296";"337317.2"
"46892862000";"2160300";"3296";"337325.5"
"46893941000";"2160300";"3296";"337333.4"
"46895021000";"2160300";"3296";"337341.4"
"46896101000";"2160300";"3296";"337349.7"
"46897181000";"2160300";"3296";"337357.7"
"46898524000";"2160300";"3296";"337366.0"
"46899604000";"2160300";"3296";"337374.0"
"46900684000";"2200100";"3296";"337382.3"
"46901765000";"2200100";"3296";"337390.2"
"46902844000";"2200100";"3296";"337398.2"
"46904192000";"2200100";"3296";"337406.5"
"46905272000";"2200100";"3296";"337414.5"
"46906352000";"2200100";"3296";"337422.4"
"46907432000";"2200100";"3296";"337430.4"
"46908512000";"2183900";"3296";"337438.7"
"46909856000";"2183900";"3296";"337448.2"
"46910935000";"2183900";"3296";"337456.1"
"46912015000";"2183900";"3296";"337464.4"
"46913100000";"2183900";"3296";"337472.4"
"46914179000";"2183900";"3296";"337480.4"
"46915523000";"2226000";"3296";"337490.2"
"46916602000";"2226000";"3296";"337498.1"
"46917682000";"2226000";"3296";"337506.5"
"46918762000";"2226000";"3296";"337514.4"
"46919841000";"2226000";"3296";"337522.4"
"46921185000";"2226000";"3296";"337530.7"
"46922265000";"2226000";"3296";"337539.0"
"46923350000";"2198800";"3296";"337547.0"
"46924430000";"2198800";"3296";"337554.9"
"46925510000";"2198800";"3296";"337562.9"
"46926857000";"2198800";"3296";"337571.2"
"46927937000";"2198800";"3296";"337579.2"
"46929017000";"2198800";"3296";"337587.1"
"46930097000";"2198800";"3296";"337595.1"
"46931177000";"2184100";"3296";"337603.4"
"46932520000";"2184100";"3296";"337611.7"
"46933605000";"2184100";"3296";"337619.7"
"46934686000";"2184100";"3296";"337627.6"
"46935766000";"2184100";"3296";"337635.6"
"46936846000";"2184100";"3296";"337643.5"
"46938189000";"2184100";"3296";"337651.9"
"46939269000";"2126400";"3296";"337660.2"
"46940350000";"2126400";"3296";"337668.1"
"46941429000";"2126400";"3296";"337676.1"
"46942510000";"2126400";"3296";"337684.4"
"46943858000";"2126400";"3296";"337693.9"
"46944938000";"2126400";"3296";"337701.8"
"46946018000";"2244500";"3296";"337710.2"
"46947098000";"2244500";"3296";"337718.1"
"46948178000";"2244500";"3296";"337726.1"
"46949520000";"2244500";"3296";"337734.4"
"46950600000";"2244500";"3296";"337742.4"
"46951679000";"2244500";"3296";"337750.3"
"46952759000";"2244500";"3296";"337758.3"
"46953844000";"2184400";"3296";"337766.6"
"46955187000";"2184400";"3296";"337774.9"
"46956267000";"2184400";"3297";"337782.9"
"46957347000";"2184400";"3296";"337790.8"
"46958427000";"2184400";"3296";"337798.8"
"46959507000";"2184400";"3296";"337807.1"
"46960849000";"2184400";"3296";"337815.4"
"46961930000";"2128100";"3296";"337823.4"
"46963015000";"2128100";"3297";"337831.7"
"46964095000";"2128100";"3297";"337839.7"
"46965175000";"2128100";"3297";"337847.6"
"46966518000";"2128100";"3297";"337855.9"
"46967598000";"2128100";"3297";"337863.9"
"46968682000";"2128100";"3297";"337871.8"
"46969762000";"2182600";"3297";"337879.8"
"46970842000";"2182600";"3297";"337887.7"
"46972185000";"2182600";"3297";"337896.1"
"46973270000";"2182600";"3297";"337904.4"
"46974350000";"2182600";"3297";"337912.3"
"46975429000";"2182600";"3297";"337920.3"
"46976509000";"2182600";"3297";"337928.3"
"46977852000";"2126900";"3297";"337936.6"
"46978932000";"2126900";"3297";"337944.9"
"46980012000";"2126900";"3297";"337952.9"
"46981091000";"2126900";"3297";"337960.8"
"46982172000";"2126900";"3297";"337969.1"
"46983520000";"2126900";"3297";"337977.5"
"46984601000";"2126900";"3297";"337985.4"
"46985681000";"2198500";"3297";"337993.4"
"46986761000";"2198500";"3297";"338001.3"
"46987841000";"2198500";"3297";"338009.3"
"46989184000";"2198500";"3297";"338017.6"
"46990264000";"2198500";"3297";"338025.5"
"46991344000";"2198500";"3297";"338033.5"
"46992425000";"2198500";"3297";"338041.8"
"46993511000";"2183400";"3297";"338049.8"
"46994853000";"2183400";"3297";"338058.1"
"46995932000";"2183400";"3297";"338066.1"
"46997011000";"2183400";"3297";"338074.0"
"46998092000";"2183400";"3297";"338082.0"
"46999171000";"2183400";"3297";"338090.3"
"47000513000";"2183400";"3297";"338098.6"
"47001593000";"2128900";"3297";"338106.6"
"47002673000";"2128900";"3297";"338114.5"
"47003758000";"2128900";"3297";"338122.8"
"47004838000";"2128900";"3297";"338130.8"
"47006181000";"2128900";"3297";"338139.1"
"47007261000";"2128900";"3297";"338147.1"
"47008341000";"2128900";"3297";"338155.0"
"47009420000";"2184100";"3297";"338163.0"
"47010506000";"2184100";"3297";"338171.3"
"47011849000";"2184100";"3297";"338179.6"
"47012935000";"2184100";"3296";"338187.6"
"47014015000";"2184100";"3296";"338195.5"
"47015095000";"2184100";"3297";"338203.5"
"47016176000";"2184100";"3297";"338211.8"
"47017518000";"2139100";"3297";"338220.1"
"47018599000";"2139100";"3297";"338228.1"
"47019679000";"2139100";"3297";"338236.0"
"47020759000";"2139100";"3297";"338244.4"
"47021838000";"2139100";"3297";"338252.3"
"47023187000";"2139100";"3297";"338262.2"
"47024267000";"2244500";"3297";"338270.1"
"47025347000";"2244500";"3297";"338278.1"
"47026427000";"2244500";"3297";"338286.0"
"47027507000";"2244500";"3296";"338294.0"
"47028850000";"2244500";"3296";"338302.3"
"47029930000";"2244500";"3296";"338310.3"
"47031010000";"2244500";"3297";"338318.6"
"47032090000";"2185200";"3297";"338326.5"
"47033176000";"2185200";"3297";"338334.5"
"47034519000";"2185200";"3297";"338342.8"
"47035599000";"2185200";"3297";"338350.8"
"47036679000";"2185200";"3297";"338358.7"
"47037759000";"2185200";"3297";"338367.1"
"47038839000";"2185200";"3297";"338375.0"
"47040181000";"2126700";"3296";"338383.3"
"47041262000";"2126700";"3296";"338391.3"
"47042342000";"2126700";"3296";"338399.6"
"47043427000";"2126700";"3296";"338407.6"
"47044507000";"2126700";"3296";"338415.5"
"47045850000";"2126700";"3296";"338425.4"
"47046930000";"2244500";"3297";"338433.3"
"47048010000";"2244500";"3297";"338441.3"
"47049090000";"2244500";"3297";"338449.2"
"47050170000";"2244500";"3296";"338457.2"
"47051513000";"2244500";"3296";"338465.5"
"47052598000";"2244500";"3296";"338473.4"
"47053683000";"2244500";"3296";"338481.8"
"47054762000";"2182600";"3296";"338489.7"
"47055842000";"2182600";"3296";"338497.7"
"47057185000";"2182600";"3296";"338506.0"
"47058265000";"2182600";"3296";"338514.3"
"47059345000";"2182600";"3296";"338522.3"
"47060424000";"2182600";"3296";"338530.2"
"47061504000";"2182600";"3296";"338538.6"
"47062852000";"2141300";"3296";"338546.9"
"47063931000";"2141300";"3296";"338554.8"
"47065011000";"2141300";"3296";"338562.8"
"47066091000";"2141300";"3296";"338570.7"
"47067172000";"2141300";"3296";"338578.7"
"47068515000";"2141300";"3296";"338587.0"
"47069595000";"2141300";"3296";"338595.0"
"47070675000";"2185300";"3296";"338603.3"
"47071755000";"2185300";"3296";"338611.3"
"47072835000";"2185300";"3296";"338619.2"
"47074183000";"2185300";"3296";"338627.5"
"47075262000";"2185300";"3296";"338635.5"
"47076343000";"2185300";"3295";"338643.4"
"47077422000";"2185300";"3295";"338651.8"
"47078502000";"2184100";"3295";"338659.7"
"47079844000";"2184100";"3295";"338669.6"
"47080924000";"2184100";"3295";"338677.5"
"47082004000";"2184100";"3295";"338685.5"
"47083089000";"2184100";"3295";"338693.8"
"47084170000";"2184100";"3295";"338701.8"
"47085513000";"2176400";"3296";"338710.1"
"47086593000";"2176400";"3295";"338718.0"
"47087673000";"2176400";"3295";"338726.0"
"47088753000";"2176400";"3295";"338733.9"
"47089833000";"2176400";"3295";"338742.3"
"47091175000";"2176400";"3295";"338750.6"
"47092256000";"2176400";"3295";"338758.5"
"47093341000";"2183900";"3296";"338766.5"
"47094425000";"2183900";"3295";"338774.4"
"47095505000";"2183900";"3295";"338782.4"
"47096848000";"2183900";"3295";"338790.7"
"47097929000";"2183900";"3296";"338799.0"
"47099009000";"2183900";"3296";"338807.0"
"47100089000";"2183900";"3295";"338815.0"
"47101169000";"2198500";"3296";"338823.3"
"47102513000";"2198500";"3296";"338831.6"
"47103598000";"2198500";"3296";"338839.6"
"47104679000";"2198500";"3296";"338847.5"
"47105758000";"2198500";"3296";"338855.5"
"47106839000";"2198500";"3296";"338863.4"
"47108182000";"2198500";"3296";"338871.7"
"47109262000";"2111900";"3296";"338879.7"
"47110341000";"2111900";"3296";"338888.0"
"47111422000";"2111900";"3296";"338896.0"
"47112502000";"2111900";"3296";"338903.9"
"47113850000";"2111900";"3296";"338912.2"
"47114931000";"2111900";"3296";"338920.2"
"47116010000";"2111900";"3296";"338928.1"
"47117091000";"2198500";"3296";"338936.5"
"47118170000";"2198500";"3296";"338944.4"
"47119513000";"2198500";"3296";"338954.3"
"47120593000";"2198500";"3296";"338962.2"
"47121673000";"2198500";"3296";"338970.2"
"47122753000";"2198500";"3296";"338978.5"
"47123838000";"2245100";"3296";"338986.5"
"47125180000";"2245100";"3296";"338994.8"
"47126259000";"2245100";"3296";"339002.7"
"47127340000";"2245100";"3296";"339010.7"
"47128419000";"2245100";"3296";"339018.6"
"47129498000";"2245100";"3296";"339026.6"
"47130842000";"2245100";"3296";"339034.9"
"47131922000";"2114100";"3296";"339042.9"
"47133007000";"2114100";"3296";"339051.2"
"47134087000";"2114100";"3296";"339059.2"
"47135166000";"2114100";"3296";"339067.1"
"47136514000";"2114100";"3296";"339075.4"
"47137595000";"2114100";"3296";"339083.8"
"47138674000";"2114100";"3296";"339091.7"
"47139754000";"2197600";"3296";"339099.7"
"47140834000";"2197600";"3296";"339108.0"
"47142177000";"2197600";"3296";"339116.3"
"47143262000";"2197600";"3296";"339124.3"
"47144341000";"2197600";"3297";"339132.2"
"47145421000";"2197600";"3296";"339140.2"
"47146501000";"2197600";"3296";"339148.1"
"47147844000";"2184000";"3296";"339158.0"
"47148924000";"2184000";"3296";"339165.9"
"47150005000";"2184000";"3296";"339173.9"
"47151085000";"2184000";"3296";"339181.8"
"47152165000";"2184000";"3296";"339190.2"
"47153513000";"2184000";"3296";"339198.5"
"47154592000";"2184000";"3296";"339206.4"
"47155673000";"2183700";"3296";"339214.4"
"47156753000";"2183700";"3296";"339222.3"
"47157832000";"2183700";"3296";"339230.7"
"47159174000";"2183700";"3296";"339239.0"
"47160254000";"2183700";"3296";"339246.9"
"47161334000";"2183700";"3296";"339254.9"
"47162413000";"2183700";"3296";"339262.9"
"47163498000";"2199200";"3297";"339271.2"
"47164842000";"2199200";"3297";"339279.5"
"47165921000";"2199200";"3297";"339287.5"
"47167001000";"2199200";"3297";"339295.4"
"47168081000";"2199200";"3297";"339303.4"
"47169161000";"2199200";"3297";"339311.3"
"47170505000";"2199200";"3296";"339319.6"
"47171585000";"2113600";"3296";"339327.6"
"47172665000";"2113600";"3296";"339335.9"
"47173750000";"2113600";"3296";"339343.9"
"47174830000";"2113600";"3296";"339351.8"
"47176173000";"2113600";"3297";"339361.7"
"47177253000";"2113600";"3297";"339369.6"
"47178337000";"2243200";"3297";"339377.6"
"47179418000";"2243200";"3296";"339385.9"
"47180498000";"2243200";"3297";"339393.9"
"47181840000";"2243200";"3296";"339402.2"
"47182926000";"2243200";"3296";"339410.1"
"47184005000";"2243200";"3296";"339418.1"
"47185084000";"2243200";"3296";"339426.4"
"47186165000";"2198800";"3297";"339434.4"
"47187507000";"2198800";"3297";"339442.7"
"47188587000";"2198800";"3297";"339450.6"
"47189667000";"2198800";"3297";"339458.6"
"47190747000";"2198800";"3297";"339466.5"
"47191828000";"2198800";"3297";"339474.5"
"47193177000";"2198800";"3297";"339482.8"
"47194257000";"2112100";"3297";"339490.8"
"47195337000";"2112100";"3297";"339499.1"
"47196417000";"2112100";"3297";"339507.1"
"47197497000";"2112100";"3297";"339515.0"
"47198840000";"2112100";"3296";"339523.3"
"47199921000";"2112100";"3297";"339531.3"
"47201001000";"2112100";"3297";"339539.6"
"47202080000";"2199900";"3297";"339547.6"
"47203166000";"2199900";"3297";"339555.5"
"47204509000";"2199900";"3297";"339563.8"
"47205589000";"2199900";"3297";"339571.8"
"47206670000";"2199900";"3297";"339580.1"
"47207749000";"2199900";"3297";"339588.1"
"47208830000";"2199900";"3297";"339596.0"
"47210172000";"2126500";"3297";"339604.3"
"47211252000";"2126500";"3297";"339612.3"
"47212332000";"2126500";"3297";"339620.3"
"47213418000";"2126500";"3297";"339628.2"
"47214498000";"2126500";"3297";"339636.5"
"47215841000";"2126500";"3297";"339644.5"
"47216921000";"2126500";"3297";"339652.8"
"47218001000";"2183400";"3297";"339660.8"
"47219081000";"2183400";"3297";"339668.7"
"47220165000";"2183400";"3297";"339677.0"
"47221507000";"2183400";"3297";"339686.9"
"47222587000";"2183400";"3297";"339694.8"
"47223673000";"2183400";"3297";"339703.2"
"47224753000";"2260700";"3297";"339711.1"
"47225832000";"2260700";"3297";"339719.1"
"47227175000";"2260700";"3297";"339727.4"
"47228255000";"2260700";"3297";"339735.4"
"47229334000";"2260700";"3297";"339743.3"
"47230414000";"2260700";"3297";"339751.3"
"47231494000";"2260700";"3297";"339759.2"
"47232837000";"2114300";"3297";"339767.5"
"47233922000";"2114300";"3297";"339775.5"
"47235002000";"2114300";"3297";"339783.8"
"47236082000";"2114300";"3297";"339791.8"
"47237162000";"2114300";"3297";"339799.7"
"47238505000";"2114300";"3297";"339808.0"
"47239584000";"2114300";"3297";"339816.0"
"47240665000";"2198700";"3297";"339824.3"
"47241745000";"2198700";"3297";"339832.3"
"47242824000";"2198700";"3297";"339840.2"
"47244173000";"2198700";"3297";"339848.6"
"47245253000";"2198700";"3297";"339856.9"
"47246334000";"2198700";"3297";"339864.8"
"47247413000";"2198700";"3297";"339872.8"
"47248492000";"2183900";"3297";"339880.7"
"47249834000";"2183900";"3297";"339889.1"
"47250914000";"2183900";"3297";"339897.0"
"47251994000";"2183900";"3297";"339905.0"
"47253080000";"2183900";"3297";"339912.9"
"47254160000";"2183900";"3297";"339921.3"
"47255502000";"2183900";"3297";"339929.6"
"47256583000";"2126900";"3297";"339937.5"
"47257663000";"2126900";"3297";"339945.5"
"47258743000";"2126900";"3297";"339953.4"
"47259823000";"2126900";"3297";"339961.8"
"47261166000";"2126900";"3297";"339970.1"
"47262252000";"2126900";"3297";"339978.0"
"47263337000";"2126900";"3297";"339986.4"
"47264417000";"2196900";"3297";"339994.3"
"47265496000";"2196900";"3297";"340002.3"
"47266839000";"2196900";"3297";"340010.6"
"47267918000";"2196900";"3297";"340018.5"
"47268997000";"2196900";"3297";"340026.5"
"47270078000";"2196900";"3297";"340034.4"
"47271159000";"2196900";"3297";"340042.4"
"47272503000";"2113800";"3297";"340050.7"
"47273588000";"2113800";"3297";"340059.1"
"47274667000";"2113800";"3297";"340067.0"
"47275746000";"2113800";"3297";"340075.0"
"47276826000";"2113800";"3297";"340082.9"
"47278169000";"2113800";"3297";"340091.2"
"47279248000";"2113800";"3297";"340099.6"
"47280328000";"2199400";"3297";"340107.5"
"47281408000";"2199400";"3296";"340115.5"
"47282488000";"2199400";"3296";"340123.8"
"47283836000";"2199400";"3297";"340132.1"
"47284917000";"2199400";"3297";"340140.1"
"47285996000";"2199400";"3297";"340148.0"
"47287075000";"2199400";"3297";"340156.0"
"47288154000";"2184300";"3297";"340163.9"
"47289498000";"2184300";"3297";"340172.3"
"47290577000";"2184300";"3297";"340180.2"
"47291657000";"2184300";"3297";"340188.2"
"47292737000";"2184300";"3297";"340196.5"
"47293823000";"2184300";"3297";"340204.4"
"47295166000";"2184300";"3297";"340212.8"
"47296246000";"2126500";"3297";"340220.7"
"47297326000";"2126500";"3297";"340228.7"
"47298407000";"2126500";"3297";"340236.6"
"47299486000";"2126500";"3297";"340245.0"
"47300828000";"2126500";"3297";"340253.3"
"47301907000";"2126500";"3297";"340261.2"
"47302993000";"2126500";"3297";"340269.6"
"47304078000";"2197600";"3297";"340277.5"
"47305158000";"2197600";"3296";"340285.5"
"47306501000";"2197600";"3296";"340293.8"
"47307582000";"2197600";"3296";"340301.7"
"47308662000";"2197600";"3296";"340310.1"
"47309742000";"2197600";"3296";"340318.0"
"47310822000";"2197600";"3296";"340326.0"
"47312165000";"2127700";"3296";"340334.3"
"47313250000";"2127700";"3296";"340342.2"
"47314329000";"2127700";"3296";"340350.2"
"47315409000";"2127700";"3296";"340358.1"
"47316490000";"2127700";"3296";"340366.5"
"47317833000";"2127700";"3296";"340374.8"
"47318912000";"2127700";"3296";"340382.8"
"47319992000";"2184100";"3296";"340390.7"
"47321071000";"2184100";"3296";"340398.7"
"47322152000";"2184100";"3296";"340407.0"
"47323500000";"2184100";"3296";"340415.3"
"47324581000";"2184100";"3296";"340423.3"
"47325660000";"2184100";"3296";"340431.2"
"47326740000";"2184100";"3296";"340439.2"
"47327821000";"2183500";"3296";"340447.1"
"47329164000";"2183500";"3296";"340455.4"
"47330245000";"2183500";"3296";"340463.8"
"47331325000";"2183500";"3296";"340471.7"
"47332404000";"2183500";"3296";"340479.7"
"47333490000";"2183500";"3296";"340487.6"
"47334833000";"2183500";"3297";"340496.0"
"47335912000";"2126700";"3297";"340503.9"
"47336991000";"2126700";"3296";"340511.9"
"47338072000";"2126700";"3297";"340520.2"
"47339152000";"2126700";"3297";"340528.1"
"47340495000";"2126700";"3296";"340536.5"
"47341575000";"2126700";"3296";"340544.4"
"47342656000";"2126700";"3296";"340552.7"
"47343740000";"2198500";"3296";"340560.7"
"47344819000";"2198500";"3297";"340568.7"
"47346167000";"2198500";"3297";"340577.0"
"47347246000";"2198500";"3297";"340584.9"
"47348326000";"2198500";"3297";"340592.9"
"47349407000";"2198500";"3297";"340600.8"
"47350487000";"2198500";"3297";"340609.2"
"47351829000";"2113100";"3296";"340617.1"
"47352915000";"2113100";"3296";"340625.4"
"47353995000";"2113100";"3296";"340633.4"
"47355074000";"2113100";"3297";"340641.3"
"47356154000";"2113100";"3297";"340649.3"
"47357498000";"2113100";"3296";"340659.1"
"47358577000";"2244500";"3296";"340667.1"
"47359658000";"2244500";"3296";"340675.4"
"47360739000";"2244500";"3297";"340683.4"
"47361818000";"2244500";"3297";"340691.3"
"47363167000";"2244500";"3297";"340699.6"
"47364247000";"2244500";"3297";"340707.6"
"47365328000";"2244500";"3297";"340715.9"
"47366407000";"2198300";"3297";"340723.9"
"47367487000";"2198300";"3297";"340731.8"
"47368829000";"2198300";"3297";"340740.2"
"47369909000";"2198300";"3297";"340748.1"
"47370989000";"2198300";"3297";"340756.1"
"47372069000";"2198300";"3297";"340764.0"
"47373155000";"2198300";"3297";"340772.0"
"47374498000";"2112200";"3296";"340780.3"
"47375578000";"2112200";"3296";"340788.6"
"47376659000";"2112200";"3296";"340796.6"
"47377739000";"2112200";"3297";"340804.5"
"47378819000";"2112200";"3296";"340812.5"
"47380162000";"2112200";"3296";"340820.8"
"47381242000";"2112200";"3296";"340829.1"
"47382321000";"2199900";"3296";"340837.1"
"47383406000";"2199900";"3296";"340845.0"
"47384487000";"2199900";"3296";"340853.0"
"47385830000";"2199900";"3296";"340861.3"
"47386910000";"2199900";"3296";"340869.6"
"47387995000";"2199900";"3296";"340877.6"
"47389075000";"2199900";"3296";"340885.5"
"47390155000";"2182300";"3296";"340893.5"
"47391498000";"2182300";"3296";"340901.8"
"47392577000";"2182300";"3296";"340909.8"
"47393663000";"2182300";"3296";"340918.1"
"47394743000";"2182300";"3296";"340926.1"
"47395824000";"2182300";"3296";"340934.0"
"47397168000";"2182300";"3296";"340942.3"
"47398247000";"2126400";"3296";"340950.3"
"47399327000";"2126400";"3296";"340958.2"
"47400407000";"2126400";"3296";"340966.6"
"47401486000";"2126400";"3296";"340974.5"
"47402828000";"2126400";"3296";"340982.8"
"47403913000";"2126400";"3296";"340990.8"
"47404993000";"2126400";"3296";"340998.7"
"47406073000";"2199400";"3296";"341007.1"
"47407152000";"2199400";"3296";"341015.0"
"47408494000";"2199400";"3296";"341023.3"
"47409573000";"2199400";"3296";"341031.3"
"47410654000";"2199400";"3296";"341039.3"
"47411733000";"2199400";"3296";"341047.2"
"47412814000";"2199400";"3296";"341055.2"
"47414161000";"2170000";"3296";"341065.0"
"47415242000";"2170000";"3296";"341073.0"
"47416322000";"2170000";"3296";"341080.9"
"47417402000";"2170000";"3296";"341089.2"
"47418481000";"2170000";"3296";"341097.2"
"47419825000";"2170000";"3296";"341107.0"
"47420904000";"2246600";"3296";"341115.0"
"47421984000";"2246600";"3296";"341122.9"
"47423069000";"2246600";"3296";"341131.3"
"47424149000";"2246600";"3296";"341139.2"
"47425491000";"2246600";"3296";"341149.1"
"47426571000";"2246600";"3296";"341157.0"
"47427651000";"2244900";"3296";"341165.0"
"47428731000";"2244900";"3296";"341172.9"
"47429815000";"2244900";"3296";"341180.9"
"47431159000";"2244900";"3296";"341189.2"
"47432239000";"2244900";"3296";"341197.2"
"47433324000";"2244900";"3296";"341205.5"
"47434405000";"2244900";"3296";"341213.4"
"47435485000";"2182300";"3296";"341221.4"
"47436828000";"2182300";"3296";"341231.2"
"47437907000";"2182300";"3296";"341239.2"
"47438986000";"2182300";"3296";"341247.1"
"47440065000";"2182300";"3296";"341255.1"
"47441145000";"2182300";"3297";"341263.4"
"47442488000";"2179000";"3297";"341271.7"
"47443574000";"2179000";"3297";"341279.7"
"47444654000";"2179000";"3297";"341287.6"
"47445734000";"2179000";"3297";"341295.6"
"47446813000";"2179000";"3297";"341303.9"
"47448156000";"2179000";"3297";"341311.9"
"47449235000";"2179000";"3297";"341320.2"
"47450316000";"2183900";"3297";"341328.2"
"47451395000";"2183900";"3297";"341336.1"
"47452475000";"2183900";"3297";"341344.1"
"47453823000";"2183900";"3297";"341352.4"
"47454902000";"2183900";"3297";"341360.3"
"47455982000";"2183900";"3297";"341368.3"
"47457062000";"2183900";"3297";"341376.6"
"47458141000";"2184600";"3297";"341384.6"
"47459484000";"2184600";"3297";"341392.9"
"47460563000";"2184600";"3297";"341400.8"
"47461644000";"2184600";"3297";"341409.2"
"47462725000";"2184600";"3297";"341417.1"
"47463810000";"2184600";"3297";"341425.1"
"47465153000";"2184600";"3297";"341433.4"
"47466232000";"2126700";"3297";"341441.4"
"47467311000";"2126700";"3296";"341449.3"
"47468391000";"2126700";"3297";"341457.6"
"47469470000";"2126700";"3297";"341465.6"
"47470813000";"2126700";"3297";"341473.9"
"47471898000";"2126700";"3297";"341481.9"
"47472984000";"2126700";"3297";"341489.8"
"47474064000";"2182800";"3297";"341497.8"
"47475143000";"2182800";"3297";"341506.1"
"47476486000";"2182800";"3297";"341515.6"
"47477566000";"2182800";"3297";"341523.5"
"47478647000";"2182800";"3297";"341531.9"
"47479726000";"2182800";"3297";"341539.8"
"47480807000";"2246400";"3297";"341547.8"
"47482149000";"2246400";"3297";"341556.1"
"47483235000";"2246400";"3297";"341564.4"
"47484316000";"2246400";"3297";"341572.4"
"47485395000";"2246400";"3297";"341580.3"
"47486475000";"2246400";"3297";"341588.3"
"47487818000";"2246400";"3297";"341596.6"
"47488899000";"2126400";"3297";"341604.5"
"47489978000";"2126400";"3297";"341612.5"
"47491059000";"2126400";"3297";"341620.8"
"47492138000";"2126400";"3297";"341628.8"
"47493487000";"2126400";"3297";"341637.1"
"47494567000";"2126400";"3297";"341645.0"
"47495648000";"2126400";"3297";"341653.0"
"47496727000";"2183700";"3296";"341661.0"
"47497808000";"2183700";"3296";"341668.9"
"47499150000";"2183700";"3296";"341677.2"
"47500230000";"2183700";"3296";"341685.6"
"47501310000";"2183700";"3296";"341693.5"
"47502390000";"2183700";"3296";"341701.5"
"47503476000";"2183700";"3296";"341709.4"
"47504819000";"2126400";"3296";"341717.7"
"47505900000";"2126400";"3296";"341726.1"
"47506980000";"2126400";"3296";"341734.0"
"47508059000";"2126400";"3296";"341742.0"
"47509139000";"2126400";"3296";"341749.9"
"47510481000";"2126400";"3296";"341758.2"
"47511561000";"2126400";"3296";"341766.2"
"47512640000";"2185900";"3296";"341774.2"
"47513731000";"2185900";"3296";"341782.5"
"47514810000";"2185900";"3296";"341790.4"
"47516153000";"2185900";"3297";"341798.8"
"47517233000";"2185900";"3297";"341806.7"
"47518313000";"2185900";"3297";"341814.7"
"47519392000";"2185900";"3297";"341822.6"
"47520472000";"2197600";"3297";"341830.9"
"47521815000";"2197600";"3297";"341840.4"
"47522901000";"2197600";"3297";"341848.7"
"47523981000";"2197600";"3297";"341856.7"
"47525061000";"2197600";"3297";"341864.6"
"47526140000";"2197600";"3297";"341872.6"
"47527484000";"2159700";"3296";"341880.9"
"47528564000";"2159700";"3296";"341888.9"
"47529644000";"2159700";"3296";"341896.8"
"47530724000";"2159700";"3296";"341904.8"
"47531804000";"2159700";"3296";"341913.1"
"47533152000";"2159700";"3297";"341921.4"
"47534232000";"2159700";"3296";"341929.4"
"47535311000";"2184100";"3296";"341937.3"
"47536391000";"2184100";"3296";"341945.3"
"47537470000";"2184100";"3297";"341953.2"
"47538812000";"2184100";"3297";"341961.6"
"47539893000";"2184100";"3297";"341969.9"
"47540972000";"2184100";"3297";"341977.8"
"47542052000";"2184100";"3297";"341985.8"
"47543137000";"2184400";"3297";"341993.7"
"47544480000";"2184400";"3297";"342003.6"
"47545560000";"2184400";"3297";"342011.5"
"47546640000";"2184400";"3297";"342019.5"
"47547720000";"2184400";"3296";"342027.5"
"47548800000";"2184400";"3296";"342035.4"
"47550144000";"2161300";"3296";"342043.7"
"47551223000";"2161300";"3296";"342051.7"
"47552304000";"2161300";"3296";"342059.6"
"47553389000";"2161300";"3296";"342068.0"
"47554469000";"2161300";"3296";"342075.9"
"47555817000";"2161300";"3296";"342084.2"
"47556897000";"2161300";"3296";"342092.2"
"47557976000";"2182600";"3296";"342100.1"
"47559056000";"2182600";"3296";"342108.1"
"47560135000";"2182600";"3296";"342116.4"
"47561478000";"2182600";"3297";"342124.7"
"47562558000";"2182600";"3297";"342132.7"
"47563644000";"2182600";"3296";"342140.6"
"47564724000";"2182600";"3296";"342148.6"
"47565804000";"2183700";"3296";"342156.6"
"47567147000";"2183700";"3296";"342164.9"
"47568227000";"2183700";"3296";"342172.8"
"47569308000";"2183700";"3296";"342181.2"
"47570387000";"2183700";"3296";"342189.1"
"47571468000";"2183700";"3296";"342197.1"
"47572809000";"2183700";"3296";"342205.4"
"47573894000";"2127000";"3296";"342213.3"
"47574974000";"2127000";"3296";"342221.3"
"47576055000";"2127000";"3296";"342229.2"
"47577135000";"2127000";"3296";"342237.2"
"47578478000";"2127000";"3296";"342245.5"
"47579557000";"2127000";"3296";"342253.5"
"47580638000";"2127000";"3296";"342261.8"
"47581718000";"2185000";"3296";"342269.7"
"47582798000";"2185000";"3296";"342277.7"
"47584145000";"2185000";"3296";"342286.0"
"47585225000";"2185000";"3296";"342294.0"
"47586305000";"2185000";"3296";"342301.9"
"47587385000";"2185000";"3296";"342310.3"
"47588464000";"2185000";"3296";"342318.2"
"47589807000";"2127200";"3296";"342326.5"
"47590887000";"2127200";"3296";"342334.5"
"47591967000";"2127200";"3296";"342342.4"
"47593052000";"2127200";"3296";"342350.4"
"47594133000";"2127200";"3296";"342358.3"
"47595476000";"2127200";"3296";"342366.7"
"47596556000";"2127200";"3296";"342374.6"
"47597641000";"2182300";"3296";"342382.9"
"47598721000";"2182300";"3296";"342390.9"
"47599801000";"2182300";"3296";"342398.9"
"47601145000";"2182300";"3296";"342408.7"
"47602224000";"2182300";"3296";"342416.6"
"47603310000";"2182300";"3296";"342425.0"
"47604390000";"2244300";"3296";"342432.9"
"47605470000";"2244300";"3296";"342440.9"
"47606813000";"2244300";"3296";"342449.2"
"47607893000";"2244300";"3296";"342457.2"
"47608974000";"2244300";"3296";"342465.1"
"47610053000";"2244300";"3296";"342473.1"
"47611133000";"2244300";"3296";"342481.0"
"47612477000";"2170600";"3296";"342490.9"
"47613562000";"2170600";"3296";"342498.8"
"47614642000";"2170600";"3296";"342506.8"
"47615722000";"2170600";"3296";"342515.1"
"47616803000";"2170600";"3296";"342523.0"
"47618144000";"2170600";"3296";"342531.4"
"47619225000";"2170600";"3296";"342539.3"
"47620304000";"2184100";"3296";"342547.3"
"47621384000";"2184100";"3296";"342555.6"
"47622464000";"2184100";"3296";"342563.6"
"47623813000";"2184100";"3296";"342571.9"
"47624893000";"2184100";"3296";"342579.8"
"47625973000";"2184100";"3296";"342587.8"
"47627053000";"2184100";"3296";"342595.7"
"47628133000";"2183700";"3296";"342603.7"
"47629476000";"2183700";"3296";"342612.0"
"47630556000";"2183700";"3296";"342620.0"
"47631636000";"2183700";"3296";"342628.3"
"47632715000";"2183700";"3296";"342636.2"
"47633800000";"2183700";"3296";"342644.2"
"47635143000";"2160100";"3296";"342653.7"
"47636223000";"2160100";"3296";"342662.0"
"47637303000";"2160100";"3296";"342669.9"
"47638382000";"2160100";"3296";"342677.9"
"47639477000";"2160100";"3296";"342685.9"
"47640821000";"2160100";"3296";"342694.2"
"47641900000";"2160100";"3297";"342702.1"
"47642985000";"2194700";"3296";"342710.5"
"47644064000";"2194700";"3296";"342718.4"
"47645144000";"2194700";"3296";"342726.4"
"47646487000";"2194700";"3296";"342736.2"
"47647566000";"2194700";"3296";"342744.2"
"47648647000";"2194700";"3296";"342752.1"
"47649726000";"2229900";"3296";"342760.1"
"47650806000";"2229900";"3296";"342768.0"
"47652148000";"2229900";"3296";"342777.9"
"47653233000";"2229900";"3296";"342785.8"
"47654314000";"2229900";"3296";"342793.8"
"47655394000";"2229900";"3296";"342801.7"
"47656474000";"2227800";"3296";"342809.7"
"47657817000";"2227800";"3296";"342818.0"
"47658896000";"2227800";"3296";"342825.9"
"47659976000";"2227800";"3296";"342834.3"
"47661056000";"2227800";"3296";"342842.2"
"47662135000";"2227800";"3296";"342850.2"
"47663483000";"2177000";"3296";"342860.0"
"47664563000";"2177000";"3296";"342868.0"
"47665643000";"2177000";"3296";"342875.9"
"47666723000";"2177000";"3296";"342883.9"
"47667804000";"2177000";"3296";"342892.2"
"47669147000";"2177000";"3296";"342901.7"
"47670226000";"2229300";"3296";"342909.6"
"47671306000";"2229300";"3296";"342917.6"
"47672387000";"2229300";"3296";"342925.9"
"47673472000";"2229300";"3296";"342933.9"
"47674814000";"2229300";"3296";"342942.2"
"47675895000";"2229300";"3296";"342950.1"
"47676975000";"2229300";"3297";"342958.1"
"47678055000";"2183500";"3297";"342966.0"
"47679136000";"2183500";"3297";"342974.0"
"47680478000";"2183500";"3296";"342982.3"
"47681563000";"2183500";"3296";"342990.7"
"47682643000";"2183500";"3296";"342998.6"
"47683728000";"2183500";"3297";"343006.6"
"47684809000";"2183500";"3296";"343014.5"
"47686151000";"2125300";"3296";"343022.8"
"47687231000";"2125300";"3296";"343030.8"
"47688312000";"2125300";"3296";"343038.7"
"47689392000";"2125300";"3296";"343046.7"
"47690471000";"2125300";"3296";"343055.0"
"47691815000";"2125300";"3296";"343063.0"
"47692900000";"2125300";"3296";"343070.9"
"47693980000";"2183700";"3296";"343079.2"
"47695060000";"2183700";"3296";"343087.2"
"47696140000";"2183700";"3296";"343095.1"
"47697482000";"2183700";"3296";"343103.5"
"47698561000";"2183700";"3296";"343111.4"
"47699642000";"2183700";"3296";"343119.4"
"47700721000";"2183700";"3296";"343127.7"
"47701801000";"2185700";"3296";"343135.7"
"47703149000";"2185700";"3296";"343144.0"
"47704229000";"2185700";"3296";"343151.9"
"47705309000";"2185700";"3296";"343159.9"
"47706389000";"2185700";"3296";"343167.8"
"47707468000";"2185700";"3296";"343176.2"
"47708811000";"2185700";"3296";"343184.1"
"47709891000";"2112600";"3296";"343192.1"
"47710970000";"2112600";"3296";"343200.4"
"47712051000";"2112600";"3296";"343208.3"
"47713136000";"2112600";"3296";"343216.3"
"47714478000";"2112600";"3297";"343224.6"
"47715559000";"2112600";"3297";"343232.6"
"47716639000";"2112600";"3297";"343240.5"
"47717718000";"2184300";"3297";"343248.5"
"47718798000";"2184300";"3297";"343256.4"
"47720142000";"2184300";"3297";"343264.7"
"47721222000";"2184300";"3297";"343272.7"
"47722302000";"2184300";"3297";"343281.0"
"47723393000";"2184300";"3297";"343289.0"
"47724473000";"2184300";"3297";"343296.9"
"47725817000";"2124700";"3297";"343305.3"
"47726896000";"2124700";"3297";"343313.2"
"47727977000";"2124700";"3297";"343321.2"
"47729056000";"2124700";"3296";"343329.1"
"47730136000";"2124700";"3296";"343337.1"
"47731479000";"2124700";"3296";"343345.4"
"47732560000";"2124700";"3296";"343353.3"
"47733645000";"2183700";"3296";"343361.7"
"47734725000";"2183700";"3296";"343369.6"
"47735804000";"2183700";"3296";"343377.6"
"47737146000";"2183700";"3296";"343385.9"
"47738225000";"2183700";"3296";"343393.8"
"47739306000";"2183700";"3296";"343401.8"
"47740386000";"2183700";"3296";"343410.1"
"47741466000";"2185700";"3296";"343418.1"
"47742810000";"2185700";"3296";"343426.4"
"47743895000";"2185700";"3296";"343434.4"
"47744974000";"2185700";"3296";"343442.3"
"47746054000";"2185700";"3296";"343450.3"
"47747134000";"2185700";"3296";"343458.6"
"47748478000";"2159900";"3296";"343468.1"
"47749557000";"2159900";"3296";"343476.0"
"47750637000";"2159900";"3296";"343484.0"
"47751717000";"2159900";"3296";"343491.9"
"47752798000";"2159900";"3296";"343499.9"
"47754146000";"2159900";"3296";"343509.7"
"47755225000";"2227800";"3296";"343517.7"
"47756305000";"2227800";"3296";"343525.6"
"47757386000";"2227800";"3296";"343533.6"
"47758465000";"2227800";"3295";"343541.5"
"47759808000";"2227800";"3295";"343549.8"
"47760888000";"2227800";"3296";"343558.2"
"47761968000";"2227800";"3296";"343566.1"
"47763052000";"2184100";"3296";"343574.1"
"47764133000";"2184100";"3296";"343582.0"
"47765481000";"2184100";"3296";"343590.7"
"47766561000";"2184100";"3296";"343598.7"
"47767642000";"2184100";"3296";"343606.6"
"47768721000";"2184100";"3296";"343614.6"
"47769801000";"2184100";"3296";"343622.5"
"47771143000";"2126700";"3296";"343630.9"
"47772224000";"2126700";"3296";"343638.8"
"47773310000";"2126700";"3296";"343646.8"
"47774390000";"2126700";"3296";"343655.1"
"47775470000";"2126700";"3296";"343663.1"
"47776813000";"2126700";"3296";"343671.4"
"47777892000";"2126700";"3296";"343679.3"
"47778971000";"2183900";"3296";"343687.3"
"47780052000";"2183900";"3295";"343695.2"
"47781132000";"2183900";"3296";"343703.6"
"47782475000";"2183900";"3296";"343713.4"
"47783561000";"2183900";"3296";"343721.4"
"47784641000";"2183900";"3296";"343729.3"
"47785721000";"2244100";"3296";"343737.3"
"47786800000";"2244100";"3296";"343745.2"
"47788144000";"2244100";"3296";"343753.5"
"47789223000";"2244100";"3296";"343761.5"
"47790303000";"2244100";"3296";"343769.4"
"47791383000";"2244100";"3296";"343777.4"
"47792463000";"2244100";"3296";"343785.7"
"47793812000";"2112400";"3296";"343793.7"
"47794892000";"2112400";"3296";"343802.0"
"47795973000";"2112400";"3296";"343809.9"
"47797053000";"2112400";"3296";"343817.9"
"47798133000";"2112400";"3296";"343825.9"
"47799475000";"2112400";"3296";"343834.2"
"47800556000";"2112400";"3296";"343842.1"
"47801636000";"2199800";"3296";"343850.5"
"47802716000";"2199800";"3296";"343858.4"
"47803801000";"2199800";"3296";"343866.4"
"47805143000";"2199800";"3296";"343874.7"
"47806224000";"2199800";"3296";"343882.6"
"47807309000";"2199800";"3296";"343891.0"
"47808388000";"2199800";"3296";"343898.9"
"47809468000";"2182600";"3296";"343906.9"
"47810811000";"2182600";"3296";"343916.3"
"47811891000";"2182600";"3296";"343924.3"
"47812977000";"2182600";"3296";"343932.6"
"47814057000";"2182600";"3296";"343940.6"
"47815136000";"2182600";"3297";"343948.5"
"47816480000";"2159900";"3297";"343956.8"
"47817559000";"2159900";"3297";"343964.8"
"47818639000";"2159900";"3297";"343973.1"
"47819719000";"2159900";"3297";"343981.1"
"47820799000";"2159900";"3296";"343989.0"
"47822142000";"2159900";"3296";"343998.9"
"47823226000";"2245100";"3296";"344006.8"
"47824306000";"2245100";"3296";"344014.8"
"47825386000";"2245100";"3296";"344023.1"
"47826466000";"2245100";"3296";"344031.1"
"47827808000";"2245100";"3296";"344039.4"
"47828887000";"2245100";"3297";"344047.3"
"47829968000";"2245100";"3297";"344055.3"
"47831047000";"2185900";"3297";"344063.2"
"47832127000";"2185900";"3297";"344071.2"
"47833475000";"2185900";"3296";"344079.5"
"47834556000";"2185900";"3296";"344087.5"
"47835636000";"2185900";"3296";"344095.4"
"47836716000";"2185900";"3297";"344103.4"
"47837797000";"2185900";"3297";"344111.7"
"47839141000";"2126000";"3297";"344120.0"
"47840221000";"2126000";"3297";"344128.0"
"47841300000";"2126000";"3297";"344135.9"
"47842380000";"2126000";"3297";"344143.9"
"47843465000";"2126000";"3297";"344152.2"
"47844807000";"2126000";"3297";"344161.7"
"47845888000";"2245100";"3297";"344170.0"
"47846967000";"2245100";"3297";"344178.0"
"47848048000";"2245100";"3297";"344185.9"
"47849193000";"2245100";"3297";"344193.9"
"47850536000";"2245100";"3297";"344202.2"
"47851616000";"2245100";"3297";"344210.1"
"47852696000";"2245100";"3296";"344218.1"
"47853781000";"2165500";"3296";"344226.4"
"47854861000";"2165500";"3297";"344234.4"
"47856203000";"2165500";"3297";"344242.7"
"47857282000";"2165500";"3297";"344250.7"
"47858362000";"2165500";"3297";"344258.6"
"47859442000";"2165500";"3297";"344266.6"
"47860522000";"2165500";"3297";"344274.9"
"47861865000";"2128600";"3297";"344283.2"
"47862951000";"2128600";"3297";"344291.2"
"47864031000";"2128600";"3297";"344299.1"
"47865111000";"2128600";"3297";"344307.1"
"47866192000";"2128600";"3297";"344315.4"
"47867534000";"2128600";"3297";"344323.7"
"47868613000";"2128600";"3297";"344331.7"
"47869694000";"2183700";"3297";"344339.6"
"47870773000";"2183700";"3297";"344347.6"
"47871853000";"2183700";"3297";"344355.5"
"47873202000";"2183700";"3297";"344363.9"
"47874281000";"2183700";"3297";"344371.8"
"47875361000";"2183700";"3297";"344379.8"
"47876441000";"2183700";"3297";"344387.7"
"47877521000";"2184100";"3297";"344396.0"
"47878864000";"2184100";"3297";"344404.4"
"47879944000";"2184100";"3297";"344412.3"
"47881024000";"2184100";"3297";"344420.3"
"47882103000";"2184100";"3297";"344428.2"
"47883188000";"2184100";"3297";"344436.6"
"47884531000";"2184100";"3297";"344444.9"
"47885610000";"2127000";"3297";"344452.8"
"47886689000";"2127000";"3297";"344460.8"
"47887769000";"2127000";"3297";"344468.7"
"47888849000";"2127000";"3297";"344476.7"
"47890192000";"2127000";"3296";"344485.0"
"47891276000";"2127000";"3297";"344493.3"
"47892355000";"2127000";"3297";"344501.3"
"47893441000";"2183200";"3296";"344509.2"
"47894521000";"2183200";"3296";"344517.2"
"47895863000";"2183200";"3296";"344525.5"
"47896944000";"2183200";"3296";"344533.5"
"47898023000";"2183200";"3296";"344541.4"
"47899103000";"2183200";"3296";"344549.7"
"47900183000";"2183200";"3296";"344557.7"
"47901526000";"2128200";"3296";"344566.0"
"47902605000";"2128200";"3296";"344574.0"
"47903691000";"2128200";"3296";"344582.3"
"47904771000";"2128200";"3296";"344590.3"
"47905850000";"2128200";"3296";"344598.2"
"47907194000";"2128200";"3296";"344606.5"
"47908273000";"2128200";"3296";"344614.5"
"47909353000";"2184300";"3296";"344622.4"
"47910433000";"2184300";"3296";"344630.4"
"47911513000";"2184300";"3296";"344638.3"
"47912862000";"2184300";"3296";"344648.2"
"47913941000";"2184300";"3296";"344656.1"
"47915022000";"2184300";"3296";"344664.1"
"47916102000";"2244300";"3296";"344672.4"
"47917182000";"2244300";"3296";"344680.4"
"47918526000";"2244300";"3296";"344688.7"
"47919606000";"2244300";"3296";"344696.6"
"47920686000";"2244300";"3296";"344704.6"
"47921766000";"2244300";"3296";"344712.9"
"47922846000";"2244300";"3297";"344720.9"
"47924195000";"2126200";"3297";"344729.2"
"47925275000";"2126200";"3297";"344737.2"
"47926355000";"2126200";"3296";"344745.1"
"47927435000";"2126200";"3296";"344753.1"
"47928515000";"2126200";"3296";"344761.4"
"47929857000";"2126200";"3296";"344769.3"
"47930937000";"2126200";"3296";"344777.7"
"47932017000";"2185500";"3297";"344785.6"
"47933106000";"2185500";"3297";"344793.6"
"47934185000";"2185500";"3297";"344801.5"
"47935529000";"2185500";"3296";"344809.8"
"47936609000";"2185500";"3296";"344817.8"
"47937689000";"2185500";"3296";"344826.1"
"47938769000";"2185500";"3296";"344834.1"
"47939850000";"2182500";"3296";"344842.0"
"47941193000";"2182500";"3296";"344850.4"
"47942272000";"2182500";"3296";"344858.3"
"47943358000";"2182500";"3296";"344866.6"
"47944437000";"2182500";"3296";"344874.6"
"47945517000";"2182500";"3296";"344882.5"
"47946860000";"2182500";"3296";"344890.9"
"47947940000";"2126900";"3296";"344898.8"
"47949020000";"2126900";"3296";"344906.8"
"47950100000";"2126900";"3296";"344914.7"
"47951180000";"2126900";"3296";"344923.1"
"47952524000";"2126900";"3297";"344931.0"
"47953609000";"2126900";"3297";"344939.3"
"47954689000";"2126900";"3297";"344947.3"
"47955770000";"2183400";"3297";"344955.2"
"47956849000";"2183400";"3297";"344963.2"
"47958192000";"2183400";"3297";"344971.5"
"47959272000";"2183400";"3297";"344979.5"
"47960352000";"2183400";"3297";"344987.8"
"47961433000";"2183400";"3297";"344995.7"
"47962512000";"2183400";"3297";"345003.7"
"47963861000";"2126700";"3297";"345012.0"
"47964940000";"2126700";"3297";"345020.0"
"47966021000";"2126700";"3297";"345028.3"
"47967101000";"2126700";"3297";"345036.3"
"47968180000";"2126700";"3297";"345044.2"
"47969523000";"2126700";"3297";"345052.5"
"47970603000";"2126700";"3297";"345060.5"
"47971683000";"2185300";"3297";"345068.4"
"47972762000";"2185300";"3297";"345076.4"
"47973849000";"2185300";"3297";"345084.3"
"47975196000";"2185300";"3297";"345092.7"
"47976276000";"2185300";"3297";"345101.0"
"47977356000";"2185300";"3297";"345108.9"
"47978437000";"2185300";"3297";"345116.9"
"47979516000";"2182600";"3297";"345124.8"
"47980859000";"2182600";"3296";"345133.2"
"47981939000";"2182600";"3296";"345141.5"
"47983024000";"2182600";"3296";"345149.4"
"47984105000";"2182600";"3297";"345157.4"
"47985185000";"2182600";"3297";"345165.7"
"47986527000";"2182600";"3297";"345174.1"
"47987607000";"2141000";"3297";"345182.0"
"47988686000";"2141000";"3297";"345190.0"
"47989766000";"2141000";"3297";"345197.9"
"47990846000";"2141000";"3297";"345205.9"
"47992188000";"2141000";"3297";"345214.2"
"47993274000";"2141000";"3297";"345222.1"
"47994354000";"2141000";"3297";"345230.1"
"47995434000";"2183900";"3297";"345238.4"
"47996515000";"2183900";"3297";"345246.4"
"47997857000";"2183900";"3297";"345254.7"
"47998937000";"2183900";"3297";"345262.6"
"48000016000";"2183900";"3297";"345270.6"
"48001095000";"2183900";"3297";"345278.6"
"48002176000";"2183900";"3297";"345286.9"
"48003524000";"2127000";"3297";"345295.2"
"48004604000";"2127000";"3297";"345303.2"
"48005684000";"2127000";"3297";"345311.1"
"48006764000";"2127000";"3297";"345319.1"
"48007845000";"2127000";"3297";"345327.4"
"48009187000";"2127000";"3297";"345335.3"
"48010268000";"2127000";"3297";"345343.7"
"48011347000";"2185200";"3297";"345351.6"
"48012428000";"2185200";"3297";"345359.6"
"48013514000";"2185200";"3297";"345367.5"
"48014856000";"2185200";"3297";"345375.8"
"48015936000";"2185200";"3297";"345383.8"
"48017020000";"2185200";"3297";"345391.7"
"48018100000";"2185200";"3297";"345399.7"
"48019180000";"2182500";"3297";"345408.0"
"48020524000";"2182500";"3297";"345416.4"
"48021603000";"2182500";"3297";"345424.3"
"48022682000";"2182500";"3297";"345432.3"
"48023768000";"2182500";"3297";"345440.2"
"48024849000";"2182500";"3297";"345448.5"
"48026192000";"2182500";"3297";"345456.9"
"48027272000";"2126500";"3297";"345464.8"
"48028352000";"2126500";"3297";"345472.8"
"48029432000";"2126500";"3297";"345480.7"
"48030511000";"2126500";"3297";"345488.7"
"48031854000";"2126500";"3297";"345498.5"
"48032939000";"2126500";"3297";"345506.5"
"48034019000";"2227800";"3297";"345514.4"
"48035100000";"2227800";"3297";"345522.8"
"48036179000";"2227800";"3297";"345530.7"
"48037521000";"2227800";"3297";"345539.0"
"48038601000";"2227800";"3297";"345547.0"
"48039681000";"2227800";"3297";"345554.9"
"48040761000";"2227800";"3297";"345562.9"
"48041841000";"2200300";"3297";"345571.2"
"48043190000";"2200300";"3297";"345579.5"
"48044270000";"2200300";"3297";"345587.5"
"48045350000";"2200300";"3297";"345595.4"
"48046430000";"2200300";"3298";"345603.4"
"48047511000";"2200300";"3298";"345611.7"
"48048853000";"2200300";"3298";"345620.0"
"48049933000";"2126500";"3298";"345628.0"
"48051013000";"2126500";"3298";"345636.0"
"48052093000";"2126500";"3298";"345643.9"
"48053178000";"2126500";"3298";"345651.9"
"48054521000";"2126500";"3298";"345660.2"
"48055600000";"2126500";"3298";"345668.1"
"48056680000";"2126500";"3298";"345676.1"
"48057760000";"2169300";"3298";"345684.0"
"48058841000";"2169300";"3298";"345692.4"
"48060188000";"2169300";"3298";"345702.2"
"48061269000";"2169300";"3298";"345710.2"
"48062349000";"2169300";"3298";"345718.1"
"48063434000";"2169300";"3298";"345726.1"
"48064515000";"2259700";"3298";"345734.4"
"48065858000";"2259700";"3298";"345742.7"
"48066938000";"2259700";"3298";"345750.7"
"48068019000";"2259700";"3298";"345758.6"
"48069098000";"2259700";"3298";"345766.6"
"48070179000";"2259700";"3298";"345774.5"
"48071521000";"2259700";"3298";"345782.9"
"48072602000";"2113400";"3298";"345790.8"
"48073687000";"2113400";"3298";"345799.1"
"48074767000";"2113400";"3298";"345807.1"
"48075846000";"2113400";"3298";"345815.0"
"48077189000";"2113400";"3298";"345823.4"
"48078268000";"2113400";"3298";"345831.3"
"48079348000";"2113400";"3298";"345839.3"
"48080428000";"2199000";"3298";"345847.6"
"48081507000";"2199000";"3298";"345855.6"
"48082855000";"2199000";"3298";"345865.4"
"48083936000";"2199000";"3298";"345873.3"
"48085016000";"2199000";"3297";"345881.3"
"48086096000";"2199000";"3297";"345889.3"
"48087177000";"2244700";"3298";"345897.6"
"48088520000";"2244700";"3298";"345907.0"
"48089599000";"2244700";"3298";"345915.0"
"48090680000";"2244700";"3297";"345923.0"
"48091760000";"2244700";"3297";"345931.3"
"48092841000";"2244700";"3297";"345939.2"
"48094188000";"2209400";"3297";"345948.7"
"48095268000";"2209400";"3297";"345956.7"
"48096348000";"2209400";"3297";"345965.0"
"48097429000";"2209400";"3297";"345972.9"
"48098509000";"2209400";"3297";"345980.9"
"48099852000";"2209400";"3297";"345989.2"
"48100938000";"2209400";"3297";"345997.5"
"48102017000";"2198300";"3297";"346005.5"
"48103102000";"2198300";"3297";"346013.5"
"48104181000";"2198300";"3297";"346021.8"
"48105525000";"2198300";"3297";"346030.1"
"48106604000";"2198300";"3297";"346038.1"
"48107683000";"2198300";"3297";"346046.0"
"48108763000";"2198300";"3297";"346054.0"
"48109843000";"2184300";"3297";"346061.9"
"48111186000";"2184300";"3297";"346070.2"
"48112266000";"2184300";"3297";"346078.2"
"48113353000";"2184300";"3297";"346086.5"
"48114433000";"2184300";"3297";"346094.5"
"48115512000";"2184300";"3297";"346102.4"
"48116855000";"2159900";"3297";"346111.9"
"48117935000";"2159900";"3297";"346120.2"
"48119015000";"2159900";"3297";"346128.2"
"48120096000";"2159900";"3297";"346136.1"
"48121175000";"2159900";"3297";"346144.1"
"48122517000";"2159900";"3297";"346152.4"
"48123603000";"2159900";"3297";"346160.7"
"48124683000";"2198500";"3297";"346168.7"
"48125762000";"2198500";"3297";"346176.6"
"48126842000";"2198500";"3297";"346184.6"
"48128185000";"2198500";"3297";"346192.9"
"48129265000";"2198500";"3296";"346200.9"
"48130345000";"2198500";"3296";"346209.2"
"48131425000";"2198500";"3296";"346217.1"
"48132505000";"2185700";"3296";"346225.1"
"48133852000";"2185700";"3297";"346233.4"
"48134933000";"2185700";"3297";"346241.4"
"48136012000";"2185700";"3297";"346249.3"
"48137091000";"2185700";"3297";"346257.3"
"48138172000";"2185700";"3297";"346265.2"
"48139516000";"2185700";"3297";"346273.5"
"48140595000";"2126700";"3297";"346281.9"
"48141676000";"2126700";"3297";"346289.8"
"48142794000";"2126700";"3297";"346297.8"
"48143879000";"2126700";"3297";"346306.1"
"48145222000";"2126700";"3297";"346315.6"
"48146302000";"2126700";"3297";"346323.9"
"48147382000";"2231900";"3297";"346331.9"
"48148462000";"2231900";"3297";"346339.8"
"48149541000";"2231900";"3297";"346347.8"
"48150883000";"2231900";"3297";"346356.1"
"48151962000";"2231900";"3298";"346364.0"
"48153048000";"2231900";"3297";"346372.0"
"48154128000";"2231900";"3297";"346379.9"
"48155208000";"2184400";"3297";"346388.3"
"48156551000";"2184400";"3297";"346396.6"
"48157632000";"2184400";"3297";"346404.6"
"48158711000";"2184400";"3297";"346412.5"
"48159790000";"2184400";"3297";"346420.5"
"48160871000";"2184400";"3297";"346428.4"
"48162213000";"2184400";"3297";"346437.1"
"48163299000";"2126700";"3297";"346445.1"
"48164379000";"2126700";"3297";"346453.0"
"48165458000";"2126700";"3297";"346461.0"
"48166538000";"2126700";"3297";"346469.3"
"48167881000";"2126700";"3297";"346477.2"
"48168961000";"2126700";"3298";"346485.6"
"48170041000";"2126700";"3298";"346493.5"
"48171121000";"2185300";"3297";"346501.5"
"48172202000";"2185300";"3297";"346509.4"
"48173550000";"2185300";"3298";"346517.7"
"48174629000";"2185300";"3298";"346525.7"
"48175708000";"2185300";"3297";"346533.7"
"48176788000";"2185300";"3297";"346541.6"
"48177868000";"2185300";"3297";"346549.6"
"48179210000";"2112900";"3297";"346557.9"
"48180291000";"2112900";"3297";"346566.2"
"48181371000";"2112900";"3297";"346574.2"
"48182451000";"2112900";"3297";"346582.1"
"48183537000";"2112900";"3297";"346590.4"
"48184884000";"2112900";"3297";"346598.8"
"48185964000";"2112900";"3297";"346606.7"
"48187044000";"2197000";"3297";"346614.7"
"48188124000";"2197000";"3297";"346622.6"
"48189205000";"2197000";"3297";"346630.6"
"48190548000";"2197000";"3297";"346638.9"
"48191628000";"2197000";"3297";"346646.9"
"48192708000";"2197000";"3297";"346654.8"
"48193793000";"2197000";"3297";"346663.1"
"48194874000";"2183400";"3297";"346671.1"
"48196217000";"2183400";"3297";"346679.4"
"48197297000";"2183400";"3297";"346687.4"
"48198377000";"2183400";"3297";"346695.3"
"48199457000";"2183400";"3297";"346703.3"
"48200537000";"2183400";"3297";"346711.6"
"48201879000";"2161700";"3297";"346721.1"
"48202965000";"2161700";"3296";"346729.4"
"48204044000";"2161700";"3296";"346737.3"
"48205125000";"2161700";"3296";"346745.3"
"48206204000";"2161700";"3297";"346753.6"
"48207546000";"2161700";"3297";"346762.0"
"48208626000";"2161700";"3297";"346769.9"
"48209706000";"2199000";"3297";"346777.9"
"48210785000";"2199000";"3297";"346785.8"
"48211865000";"2199000";"3297";"346793.8"
"48213214000";"2199000";"3297";"346802.1"
"48214294000";"2199000";"3297";"346810.0"
"48215373000";"2199000";"3297";"346818.0"
"48216453000";"2199000";"3297";"346825.9"
"48217534000";"2183700";"3297";"346834.3"
"48218877000";"2183700";"3297";"346842.6"
"48219957000";"2183700";"3297";"346850.5"
"48221038000";"2183700";"3297";"346858.5"
"48222117000";"2183700";"3297";"346866.4"
"48223203000";"2183700";"3297";"346874.8"
"48224547000";"2183700";"3297";"346883.1"
"48225627000";"2126200";"3297";"346891.1"
"48226711000";"2126200";"3297";"346899.0"
"48227792000";"2126200";"3297";"346907.0"
"48228872000";"2126200";"3297";"346914.9"
"48230215000";"2126200";"3297";"346923.2"
"48231296000";"2126200";"3297";"346931.2"
"48232375000";"2126200";"3297";"346939.5"
"48233460000";"2182500";"3297";"346947.5"
"48234540000";"2182500";"3297";"346955.4"
"48235882000";"2182500";"3297";"346963.7"
"48236962000";"2182500";"3297";"346971.7"
"48238042000";"2182500";"3297";"346979.6"
"48239121000";"2182500";"3297";"346987.6"
"48240201000";"2182500";"3297";"346995.9"
"48241543000";"2128700";"3297";"347004.3"
"48242622000";"2128700";"3297";"347012.2"
"48243707000";"2128700";"3297";"347020.2"
"48244787000";"2128700";"3297";"347028.1"
"48245868000";"2128700";"3298";"347036.4"
"48247210000";"2128700";"3298";"347044.8"
"48248289000";"2128700";"3298";"347052.7"
"48249370000";"2184300";"3298";"347060.7"
"48250449000";"2184300";"3298";"347068.6"
"48251529000";"2184300";"3297";"347076.6"
"48252878000";"2184300";"3297";"347086.4"
"48253958000";"2184300";"3298";"347094.4"
"48255038000";"2184300";"3298";"347102.3"
"48256118000";"2227600";"3298";"347110.3"
"48257198000";"2227600";"3297";"347118.2"
"48258541000";"2227600";"3297";"347126.5"
"48259621000";"2227600";"3297";"347134.9"
"48260702000";"2227600";"3297";"347142.8"
"48261781000";"2227600";"3297";"347150.8"
"48262867000";"2227600";"3297";"347158.7"
"48264209000";"2140800";"3297";"347167.4"
"48265290000";"2140800";"3297";"347175.4"
"48266369000";"2140800";"3297";"347183.3"
"48267449000";"2140800";"3297";"347191.3"
"48268529000";"2140800";"3297";"347199.2"
"48269877000";"2140800";"3297";"347207.6"
"48270958000";"2140800";"3297";"347215.5"
"48272037000";"2183900";"3297";"347223.9"
"48273122000";"2183900";"3297";"347231.8"
"48274202000";"2183900";"3297";"347239.8"
"48275545000";"2183900";"3297";"347248.1"
"48276624000";"2183900";"3297";"347256.0"
"48277705000";"2183900";"3297";"347264.0"
"48278785000";"2183900";"3297";"347272.3"
"48279865000";"2183900";"3297";"347280.3"
"48281209000";"2183900";"3297";"347288.6"
"48282289000";"2183900";"3297";"347296.5"
"48283374000";"2183900";"3297";"347304.5"
"48284455000";"2183900";"3297";"347312.8"
"48285535000";"2183900";"3297";"347320.8"
"48286878000";"2176000";"3297";"347330.6"
"48287958000";"2176000";"3297";"347338.6"
"48289038000";"2176000";"3297";"347346.5"
"48290118000";"2176000";"3297";"347354.5"
"48291198000";"2176000";"3297";"347362.4"
"48292540000";"2176000";"3297";"347370.7"
"48293626000";"2176000";"3296";"347378.7"
"48294705000";"2183900";"3296";"347387.0"
"48295786000";"2183900";"3296";"347395.0"
"48296866000";"2183900";"3296";"347402.9"
"48298209000";"2183900";"3296";"347411.3"
"48299289000";"2183900";"3296";"347419.2"
"48300369000";"2183900";"3296";"347427.2"
"48301449000";"2183900";"3296";"347435.5"
"48302528000";"2185300";"3296";"347443.4"
"48303877000";"2185300";"3296";"347453.3"
"48304956000";"2185300";"3296";"347461.2"
"48306036000";"2185300";"3296";"347469.2"
"48307116000";"2185300";"3296";"347477.2"
"48308195000";"2185300";"3296";"347485.5"
"48309537000";"2177000";"3296";"347493.8"
"48310622000";"2177000";"3296";"347501.8"
"48311702000";"2177000";"3296";"347509.7"
"48312782000";"2177000";"3296";"347517.7"
"48313868000";"2177000";"3296";"347525.6"
"48315210000";"2177000";"3296";"347533.9"
"48316289000";"2177000";"3296";"347541.9"
"48317370000";"2167700";"3296";"347549.8"
"48318451000";"2167700";"3296";"347558.2"
"48319531000";"2167700";"3296";"347566.1"
"48320874000";"2167700";"3296";"347576.0"
"48321954000";"2167700";"3296";"347583.9"
"48323040000";"2167700";"3296";"347591.9"
"48324121000";"2244100";"3296";"347599.8"
"48325201000";"2244100";"3297";"347608.2"
"48326544000";"2244100";"3297";"347616.5"
"48327624000";"2244100";"3297";"347624.4"
"48328704000";"2244100";"3297";"347632.4"
"48329785000";"2244100";"3297";"347640.3"
"48330864000";"2244100";"3296";"347648.3"
"48332207000";"2127900";"3296";"347656.6"
"48333293000";"2127900";"3297";"347664.6"
"48334373000";"2127900";"3297";"347672.9"
"48335452000";"2127900";"3297";"347680.8"
"48336533000";"2127900";"3297";"347688.8"
"48337875000";"2127900";"3297";"347697.1"
"48338954000";"2127900";"3297";"347705.1"
"48340033000";"2184300";"3297";"347713.0"
"48341113000";"2184300";"3297";"347721.4"
"48342193000";"2184300";"3297";"347729.3"
"48343541000";"2184300";"3296";"347737.6"
"48344621000";"2184300";"3296";"347745.6"
"48345701000";"2184300";"3296";"347753.9"
"48346782000";"2184300";"3296";"347761.9"
"48347862000";"2198500";"3297";"347769.8"
"48349205000";"2198500";"3297";"347778.1"
"48350286000";"2198500";"3297";"347786.1"
"48351365000";"2198500";"3297";"347794.0"
"48352508000";"2198500";"3297";"347802.4"
"48353593000";"2198500";"3297";"347810.3"
"48354936000";"2198500";"3297";"347818.6"
"48356016000";"2110200";"3297";"347826.6"
"48357096000";"2110200";"3297";"347834.5"
"48358176000";"2110200";"3297";"347842.5"
"48359256000";"2110200";"3297";"347850.5"
"48360599000";"2110200";"3297";"347858.8"
"48361680000";"2110200";"3297";"347867.1"
"48362761000";"2110200";"3297";"347875.1"
"48363845000";"2183400";"3297";"347883.0"
"48364925000";"2183400";"3297";"347891.3"
"48366268000";"2183400";"3297";"347899.7"
"48367348000";"2183400";"3297";"347907.6"
"48368428000";"2183400";"3297";"347915.6"
"48369507000";"2183400";"3297";"347923.5"
"48370587000";"2183400";"3297";"347931.5"
"48371930000";"2128200";"3296";"347939.8"
"48373016000";"2128200";"3297";"347948.1"
"48374096000";"2128200";"3297";"347956.1"
"48375176000";"2128200";"3297";"347964.0"
"48376256000";"2128200";"3297";"347972.0"
"48377598000";"2128200";"3296";"347980.3"
"48378677000";"2128200";"3296";"347988.3"
"48379757000";"2199000";"3297";"347996.6"
"48380837000";"2199000";"3296";"348004.5"
"48381918000";"2199000";"3296";"348012.5"
"48383265000";"2199000";"3296";"348020.8"
"48384346000";"2199000";"3296";"348029.1"
"48385425000";"2199000";"3296";"348037.1"
"48386505000";"2199000";"3297";"348045.1"
"48387585000";"2183900";"3297";"348053.0"
"48388927000";"2183900";"3297";"348061.3"
"48390007000";"2183900";"3296";"348069.3"
"48391087000";"2183900";"3296";"348077.2"
"48392167000";"2183900";"3296";"348085.6"
"48393252000";"2183900";"3296";"348093.5"
"48394599000";"2183900";"3296";"348101.8"
"48395679000";"2125800";"3296";"348109.8"
"48396759000";"2125800";"3296";"348117.7"
"48397840000";"2125800";"3296";"348125.7"
"48398919000";"2125800";"3296";"348134.0"
"48400263000";"2125800";"3296";"348142.3"
"48401343000";"2125800";"3296";"348150.3"
"48402423000";"2125800";"3296";"348158.2"
"48403509000";"2198100";"3296";"348166.6"
"48404589000";"2198100";"3296";"348174.5"
"48405932000";"2198100";"3296";"348182.9"
"48407011000";"2198100";"3296";"348190.8"
"48408091000";"2198100";"3296";"348198.8"
"48409171000";"2198100";"3296";"348207.1"
"48410251000";"2198100";"3296";"348215.0"
"48411594000";"2128200";"3296";"348223.4"
"48412673000";"2128200";"3296";"348231.3"
"48413759000";"2128200";"3296";"348239.3"
"48414839000";"2128200";"3296";"348247.2"
"48415918000";"2128200";"3296";"348255.2"
"48417262000";"2128200";"3296";"348263.5"
"48418341000";"2128200";"3296";"348271.4"
"48419422000";"2183900";"3296";"348279.8"
"48420501000";"2183900";"3297";"348287.7"
"48421581000";"2183900";"3296";"348295.7"
"48422928000";"2183900";"3296";"348304.0"
"48424009000";"2183900";"3296";"348312.0"
"48425089000";"2183900";"3296";"348320.3"
"48426169000";"2183900";"3296";"348328.2"
"48427248000";"2184400";"3296";"348336.2"
"48428591000";"2184400";"3296";"348344.5"
"48429672000";"2184400";"3296";"348352.5"
"48430752000";"2184400";"3296";"348360.4"
"48431831000";"2184400";"3296";"348368.8"
"48432917000";"2184400";"3296";"348376.7"
"48434260000";"2184400";"3296";"348385.0"
"48435339000";"2126500";"3296";"348393.0"
"48436424000";"2126500";"3296";"348400.9"
"48437504000";"2126500";"3296";"348408.9"
"48438585000";"2126500";"3296";"348416.8"
"48439927000";"2126500";"3296";"348425.2"
"48441008000";"2126500";"3296";"348433.5"
"48442088000";"2126500";"3296";"348441.4"
"48443173000";"2182100";"3296";"348449.4"
"48444254000";"2182100";"3296";"348457.7"
"48445597000";"2182100";"3296";"348466.0"
"48446677000";"2182100";"3296";"348474.0"
"48447758000";"2182100";"3297";"348481.9"
"48448837000";"2182100";"3296";"348489.9"
"48449917000";"2182100";"3296";"348497.9"
"48451260000";"2127700";"3296";"348506.2"
"48452341000";"2127700";"3296";"348514.1"
"48453427000";"2127700";"3296";"348522.5"
"48454506000";"2127700";"3296";"348530.4"
"48455585000";"2127700";"3296";"348538.4"
"48456928000";"2127700";"3296";"348546.7"
"48458007000";"2127700";"3297";"348554.6"
"48459087000";"2184300";"3297";"348562.6"
"48460167000";"2184300";"3296";"348570.5"
"48461248000";"2184300";"3296";"348578.9"
"48462591000";"2184300";"3296";"348588.7"
"48463676000";"2184300";"3296";"348596.7"
"48464757000";"2184300";"3297";"348604.6"
"48465836000";"2261400";"3297";"348613.0"
"48466916000";"2261400";"3296";"348620.9"
"48468257000";"2261400";"3296";"348629.2"
"48469337000";"2261400";"3296";"348637.2"
"48470417000";"2261400";"3296";"348645.1"
"48471497000";"2261400";"3296";"348653.1"
"48472577000";"2261400";"3296";"348661.0"
"48473927000";"2112600";"3296";"348669.4"
"48475006000";"2112600";"3296";"348677.7"
"48476085000";"2112600";"3296";"348685.6"
"48477166000";"2112600";"3296";"348693.6"
"48478245000";"2112600";"3296";"348701.5"
"48479593000";"2112600";"3296";"348709.9"
"48480672000";"2112600";"3296";"348717.8"
"48481753000";"2199000";"3296";"348726.2"
"48482832000";"2199000";"3296";"348734.1"
"48483918000";"2199000";"3296";"348742.1"
"48485261000";"2199000";"3296";"348750.4"
"48486341000";"2199000";"3297";"348758.3"
"48487422000";"2199000";"3297";"348766.7"
"48488501000";"2199000";"3297";"348774.6"
"48489582000";"2183700";"3297";"348782.6"
"48490924000";"2183700";"3297";"348790.9"
"48492004000";"2183700";"3297";"348798.8"
"48493090000";"2183700";"3297";"348807.2"
"48494169000";"2183700";"3297";"348815.1"
"48495249000";"2183700";"3297";"348823.1"
"48496592000";"2176600";"3297";"348832.9"
"48497673000";"2176600";"3297";"348840.9"
"48498753000";"2176600";"3297";"348848.8"
"48499833000";"2176600";"3297";"348856.8"
"48500913000";"2176600";"3297";"348864.7"
"48502256000";"2176600";"3297";"348873.4"
"48503342000";"2176600";"3297";"348881.4"
"48504422000";"2183400";"3297";"348889.3"
"48505502000";"2183400";"3297";"348897.3"
"48506582000";"2183400";"3297";"348905.6"
"48507925000";"2183400";"3297";"348913.9"
"48509004000";"2183400";"3298";"348921.9"
"48510084000";"2183400";"3298";"348929.8"
"48511164000";"2183400";"3297";"348937.8"
"48512245000";"2185300";"3297";"348945.8"
"48513593000";"2185300";"3297";"348954.1"
"48514673000";"2185300";"3297";"348962.0"
"48515752000";"2185300";"3297";"348970.4"
"48516832000";"2185300";"3297";"348978.3"
"48517913000";"2185300";"3297";"348986.3"
"48519255000";"2185300";"3297";"348994.6"
"48520339000";"2125700";"3297";"349002.5"
"48521420000";"2125700";"3297";"349010.5"
"48522500000";"2125700";"3297";"349018.8"
"48523585000";"2125700";"3297";"349026.8"
"48524928000";"2125700";"3297";"349035.1"
"48526009000";"2125700";"3297";"349043.0"
"48527088000";"2125700";"3297";"349051.4"
"48528168000";"2198500";"3297";"349059.3"
"48529248000";"2198500";"3297";"349067.3"
"48530590000";"2198500";"3297";"349075.6"
"48531669000";"2198500";"3297";"349083.6"
"48532749000";"2198500";"3297";"349091.5"
"48533834000";"2198500";"3297";"349099.5"
"48534914000";"2198500";"3297";"349107.4"
"48536256000";"2113100";"3297";"349115.7"
"48537336000";"2113100";"3297";"349124.1"
"48538416000";"2113100";"3297";"349132.0"
"48539497000";"2113100";"3297";"349140.0"
"48540577000";"2113100";"3297";"349147.9"
"48541919000";"2113100";"3297";"349156.2"
"48543005000";"2113100";"3297";"349164.6"
"48544085000";"2198500";"3297";"349172.5"
"48545165000";"2198500";"3296";"349180.5"
"48546245000";"2198500";"3297";"349188.8"
"48547586000";"2198500";"3297";"349197.1"
"48548666000";"2198500";"3297";"349205.1"
"48549747000";"2198500";"3297";"349213.0"
"48550826000";"2198500";"3296";"349221.0"
"48551906000";"2185700";"3296";"349228.9"
"48553256000";"2185700";"3296";"349237.3"
"48554336000";"2185700";"3296";"349245.2"
"48555416000";"2185700";"3296";"349253.5"
"48556496000";"2185700";"3296";"349261.5"
"48557575000";"2185700";"3296";"349269.5"
"48558917000";"2185700";"3296";"349277.8"
"48559997000";"2126700";"3296";"349285.7"
"48561076000";"2126700";"3296";"349293.7"
"48562156000";"2126700";"3296";"349302.0"
"48563246000";"2126700";"3296";"349310.0"
"48564590000";"2126700";"3296";"349318.3"
"48565669000";"2126700";"3296";"349326.2"
"48566748000";"2126700";"3296";"349334.2"
"48567829000";"2197600";"3296";"349342.5"
"48568908000";"2197600";"3296";"349350.5"
"48570250000";"2197600";"3296";"349358.8"
"48571331000";"2197600";"3296";"349366.7"
"48572410000";"2197600";"3296";"349374.7"
"48573496000";"2197600";"3296";"349382.6"
"48574576000";"2197600";"3296";"349390.6"
"48575920000";"2112400";"3296";"349398.9"
"48577000000";"2112400";"3296";"349406.9"
"48578080000";"2112400";"3296";"349415.2"
"48579159000";"2112400";"3296";"349423.2"
"48580239000";"2112400";"3296";"349431.1"
"48581582000";"2112400";"3296";"349439.4"
"48582662000";"2112400";"3296";"349447.4"
"48583747000";"2198700";"3296";"349455.7"
"48584827000";"2198700";"3296";"349463.7"
"48585907000";"2198700";"3296";"349471.6"
"48587251000";"2198700";"3296";"349479.9"
"48588331000";"2198700";"3296";"349487.9"
"48589411000";"2198700";"3296";"349496.2"
"48590490000";"2198700";"3296";"349504.2"
"48591570000";"2185300";"3296";"349512.1"
"48592919000";"2185300";"3296";"349520.5"
"48593999000";"2185300";"3296";"349528.4"
"48595079000";"2185300";"3296";"349536.4"
"48596159000";"2185300";"3296";"349544.3"
"48597239000";"2185300";"3296";"349552.3"
"48598583000";"2185300";"3296";"349560.6"
"48599663000";"2126200";"3296";"349568.9"
"48600743000";"2126200";"3296";"349576.9"
"48601824000";"2126200";"3296";"349584.8"
"48602908000";"2126200";"3296";"349592.8"
"48604256000";"2126200";"3296";"349601.5"
"48605335000";"2126200";"3296";"349609.4"
"48606415000";"2126200";"3296";"349617.4"
"48607495000";"2197400";"3296";"349625.7"
"48608576000";"2197400";"3296";"349633.7"
"48609919000";"2197400";"3296";"349642.0"
"48610998000";"2197400";"3296";"349649.9"
"48612078000";"2197400";"3296";"349657.9"
"48613164000";"2197400";"3296";"349665.8"
"48614243000";"2197400";"3296";"349673.8"
"48615585000";"2112600";"3296";"349682.1"
"48616666000";"2112600";"3296";"349690.1"
"48617745000";"2112600";"3296";"349698.0"
"48618826000";"2112600";"3296";"349706.3"
"48619905000";"2112600";"3296";"349714.3"
"48621248000";"2112600";"3296";"349722.6"
"48622328000";"2112600";"3296";"349730.6"
"48623413000";"2198700";"3296";"349738.9"
"48624494000";"2198700";"3296";"349746.9"
"48625573000";"2198700";"3296";"349754.8"
"48626916000";"2198700";"3296";"349763.1"
"48627996000";"2198700";"3296";"349771.1"
"48629077000";"2198700";"3296";"349779.4"
"48630157000";"2198700";"3296";"349787.4"
"48631237000";"2185000";"3296";"349795.3"
"48632581000";"2185000";"3296";"349803.6"
"48633666000";"2185000";"3296";"349811.6"
"48634746000";"2185000";"3296";"349819.5"
"48635825000";"2185000";"3296";"349827.5"
"48636905000";"2185000";"3296";"349835.4"
"48638248000";"2185000";"3296";"349843.8"
"48639328000";"2126900";"3296";"349852.1"
"48640407000";"2126900";"3296";"349860.1"
"48641488000";"2126900";"3296";"349868.0"
"48642567000";"2126900";"3296";"349876.0"
"48643916000";"2126900";"3296";"349884.3"
"48644995000";"2126900";"3296";"349892.6"
"48646111000";"2126900";"3296";"349900.6"
"48647191000";"2173900";"3296";"349908.5"
"48648272000";"2173900";"3296";"349916.8"
"48649614000";"2173900";"3296";"349924.8"
"48650695000";"2173900";"3296";"349933.1"
"48651774000";"2173900";"3296";"349941.1"
"48652860000";"2173900";"3296";"349949.0"
"48653939000";"2173900";"3296";"349957.0"
"48655281000";"2184000";"3296";"349966.8"
"48656362000";"2184000";"3296";"349974.8"
"48657442000";"2184000";"3296";"349982.7"
"48658522000";"2184000";"3296";"349990.7"
"48659602000";"2184000";"3297";"349998.6"
"48660944000";"2184000";"3297";"350007.0"
"48662025000";"2184000";"3297";"350015.3"
"48663109000";"2183900";"3297";"350023.2"
"48664190000";"2183900";"3297";"350031.6"
"48665269000";"2183900";"3296";"350039.5"
"48666611000";"2183900";"3296";"350047.8"
"48667692000";"2183900";"3296";"350055.8"
"48668771000";"2183900";"3296";"350063.7"
"48669851000";"2183900";"3296";"350071.7"
"48670931000";"2200500";"3296";"350080.0"
"48672274000";"2200500";"3296";"350088.0"
"48673365000";"2200500";"3297";"350096.3"
"48674445000";"2200500";"3296";"350104.3"
"48675525000";"2200500";"3296";"350112.2"
"48676604000";"2200500";"3296";"350120.2"
"48677948000";"2200500";"3296";"350128.5"
"48679027000";"2110900";"3296";"350136.4"
"48680108000";"2110900";"3296";"350144.4"
"48681189000";"2110900";"3296";"350152.7"
"48682268000";"2110900";"3297";"350160.7"
"48683616000";"2110900";"3297";"350169.0"
"48684696000";"2110900";"3297";"350176.9"
"48685776000";"2110900";"3297";"350185.3"
"48686855000";"2198700";"3296";"350193.2"
"48687935000";"2198700";"3296";"350201.2"
"48689282000";"2198700";"3296";"350209.5"
"48690362000";"2198700";"3296";"350217.5"
"48691443000";"2198700";"3296";"350225.4"
"48692523000";"2198700";"3296";"350233.4"
"48693609000";"2198700";"3297";"350241.7"
"48694950000";"2168500";"3297";"350251.2"
"48696030000";"2168500";"3297";"350259.1"
"48697111000";"2168500";"3296";"350267.4"
"48698190000";"2168500";"3297";"350275.4"
"48699271000";"2168500";"3297";"350283.3"
"48700613000";"2168500";"3297";"350291.7"
"48701692000";"2168500";"3297";"350299.6"
"48702773000";"2200100";"3297";"350308.0"
"48703857000";"2200100";"3297";"350315.9"
"48704937000";"2200100";"3297";"350323.9"
"48706280000";"2200100";"3297";"350332.2"
"48707360000";"2200100";"3297";"350340.1"
"48708439000";"2200100";"3297";"350348.5"
"48709518000";"2200100";"3297";"350356.4"
"48710598000";"2184600";"3297";"350364.4"
"48711941000";"2184600";"3297";"350372.7"
"48713027000";"2184600";"3297";"350380.6"
"48714107000";"2184600";"3296";"350388.6"
"48715187000";"2184600";"3297";"350396.9"
"48716267000";"2184600";"3296";"350404.9"
"48717610000";"2159700";"3296";"350414.3"
"48718689000";"2159700";"3296";"350422.7"
"48719769000";"2159700";"3297";"350430.6"
"48720849000";"2159700";"3297";"350438.6"
"48721928000";"2159700";"3296";"350446.5"
"48723277000";"2159700";"3296";"350454.9"
"48724357000";"2159700";"3296";"350463.2"
"48725437000";"2198800";"3297";"350471.1"
"48726517000";"2198800";"3297";"350479.1"
"48727598000";"2198800";"3297";"350487.0"
"48728940000";"2198800";"3297";"350495.4"
"48730025000";"2198800";"3297";"350503.7"
"48731104000";"2198800";"3297";"350511.6"
"48732184000";"2198800";"3297";"350519.6"
"48733269000";"2182600";"3297";"350527.6"
"48734611000";"2182600";"3297";"350535.9"
"48735691000";"2182600";"3297";"350543.8"
"48736771000";"2182600";"3296";"350551.8"
"48737852000";"2182600";"3296";"350559.7"
"48738931000";"2182600";"3296";"350568.1"
"48740275000";"2161700";"3296";"350577.5"
"48741354000";"2161700";"3296";"350585.9"
"48742434000";"2161700";"3296";"350593.8"
"48743519000";"2161700";"3296";"350601.8"
"48744599000";"2161700";"3296";"350610.1"
"48745943000";"2161700";"3296";"350618.4"
"48747023000";"2161700";"3297";"350626.4"
"48748103000";"2198500";"3297";"350634.3"
"48749183000";"2198500";"3296";"350642.3"
"48750263000";"2198500";"3296";"350650.2"
"48751605000";"2198500";"3296";"350660.1"
"48752684000";"2198500";"3296";"350668.0"
"48753769000";"2198500";"3296";"350676.0"
"48754849000";"2228400";"3296";"350683.9"
"48755929000";"2228400";"3296";"350692.3"
"48757271000";"2228400";"3296";"350700.2"
"48758352000";"2228400";"3296";"350708.5"
"48759431000";"2228400";"3296";"350716.5"
"48760510000";"2228400";"3296";"350724.4"
"48761589000";"2228400";"3296";"350732.4"
"48762937000";"2141700";"3296";"350741.1"
"48764016000";"2141700";"3296";"350749.0"
"48765096000";"2141700";"3296";"350757.0"
"48766176000";"2141700";"3296";"350765.3"
"48767255000";"2141700";"3296";"350773.3"
"48768598000";"2141700";"3296";"350781.6"
"48769678000";"2141700";"3296";"350789.6"
"48770757000";"2186200";"3296";"350797.5"
"48771837000";"2186200";"3296";"350805.5"
"48772928000";"2186200";"3296";"350813.4"
"48774270000";"2186200";"3296";"350821.7"
"48775350000";"2186200";"3296";"350829.7"
"48776430000";"2186200";"3296";"350838.0"
"48777510000";"2186200";"3296";"350846.0"
"48778590000";"2182500";"3296";"350853.9"
"48779932000";"2182500";"3296";"350862.2"
"48781012000";"2182500";"3296";"350870.2"
"48782093000";"2182500";"3296";"350878.5"
"48783178000";"2182500";"3296";"350886.5"
"48784257000";"2182500";"3296";"350894.4"
"48785600000";"2176600";"3296";"350904.3"
"48786679000";"2176600";"3296";"350912.2"
"48787760000";"2176600";"3296";"350920.2"
"48788839000";"2176600";"3296";"350928.5"
"48789918000";"2176600";"3296";"350936.5"
"48791261000";"2176600";"3296";"350944.8"
"48792340000";"2176600";"3296";"350952.7"
"48793426000";"2184400";"3296";"350960.7"
"48794506000";"2184400";"3296";"350968.6"
"48795585000";"2184400";"3296";"350976.6"
"48796929000";"2184400";"3296";"350984.9"
"48798009000";"2184400";"3296";"350992.9"
"48799089000";"2184400";"3296";"351001.2"
"48800170000";"2184400";"3296";"351009.2"
"48801249000";"2185200";"3296";"351017.1"
"48802593000";"2185200";"3296";"351025.4"
"48803678000";"2185200";"3296";"351033.8"
"48804757000";"2185200";"3296";"351041.7"
"48805838000";"2185200";"3296";"351049.7"
"48806917000";"2185200";"3296";"351058.0"
"48808260000";"2185200";"3296";"351066.3"
"48809340000";"2141000";"3296";"351074.3"
"48810421000";"2141000";"3296";"351082.2"
"48811500000";"2141000";"3296";"351090.2"
"48812580000";"2141000";"3296";"351098.1"
"48813934000";"2141000";"3296";"351106.4"
"48815014000";"2141000";"3296";"351114.4"
"48816094000";"2141000";"3296";"351122.7"
"48817173000";"2182500";"3296";"351130.7"
"48818253000";"2182500";"3296";"351138.6"
"48819596000";"2182500";"3296";"351147.0"
"48820675000";"2182500";"3296";"351154.9"
"48821755000";"2182500";"3296";"351162.9"
"48822835000";"2182500";"3296";"351171.2"
"48823920000";"2182500";"3296";"351179.1"
"48825262000";"2127200";"3296";"351187.5"
"48826343000";"2127200";"3296";"351195.4"
"48827422000";"2127200";"3296";"351203.7"
"48828501000";"2127200";"3296";"351211.7"
"48829581000";"2127200";"3296";"351219.7"
"48830924000";"2127200";"3296";"351228.0"
"48832003000";"2127200";"3296";"351235.9"
"48833088000";"2184400";"3296";"351243.9"
"48834168000";"2184400";"3296";"351252.2"
"48835248000";"2184400";"3296";"351260.2"
"48836591000";"2184400";"3296";"351268.5"
"48837670000";"2184400";"3296";"351276.4"
"48838750000";"2184400";"3296";"351284.4"
"48839830000";"2184400";"3296";"351292.3"
"48840910000";"2185500";"3296";"351300.3"
"48842252000";"2185500";"3297";"351308.6"
"48843338000";"2185500";"3297";"351316.9"
"48844419000";"2185500";"3297";"351324.9"
"48845498000";"2185500";"3297";"351332.9"
"48846578000";"2185500";"3297";"351341.2"
"48847921000";"2185500";"3297";"351349.5"
"48849001000";"2141000";"3297";"351357.5"
"48850081000";"2141000";"3297";"351365.4"
"48851161000";"2141000";"3297";"351373.4"
"48852241000";"2141000";"3297";"351381.3"
"48853589000";"2141000";"3297";"351389.6"
"48854668000";"2141000";"3297";"351397.6"
"48855749000";"2141000";"3297";"351405.9"
"48856833000";"2182600";"3297";"351413.9"
"48857914000";"2182600";"3297";"351421.8"
"48859257000";"2182600";"3297";"351430.1"
"48860337000";"2182600";"3297";"351438.1"
"48861417000";"2182600";"3297";"351446.0"
"48862497000";"2182600";"3297";"351454.4"
"48863582000";"2182600";"3297";"351462.3"
"48864924000";"2126900";"3297";"351470.7"
"48866003000";"2126900";"3297";"351478.6"
"48867084000";"2126900";"3296";"351486.6"
"48868164000";"2126900";"3297";"351494.9"
"48869244000";"2126900";"3297";"351502.8"
"48870588000";"2126900";"3297";"351511.2"
"48871667000";"2126900";"3297";"351519.1"
"48872746000";"2185300";"3297";"351527.1"
"48873832000";"2185300";"3297";"351535.0"
"48874912000";"2185300";"3297";"351543.0"
"48876254000";"2185300";"3297";"351552.8"
"48877334000";"2185300";"3297";"351560.8"
"48878414000";"2185300";"3297";"351568.7"
"48879495000";"2227600";"3297";"351576.7"
"48880574000";"2227600";"3297";"351584.6"
"48881917000";"2227600";"3297";"351592.9"
"48883003000";"2227600";"3297";"351601.3"
"48884082000";"2227600";"3297";"351609.2"
"48885163000";"2227600";"3297";"351617.6"
"48886243000";"2227600";"3297";"351625.5"
"48887585000";"2198100";"3297";"351635.4"
"48888665000";"2198100";"3297";"351643.3"
"48889745000";"2198100";"3297";"351651.3"
"48890825000";"2198100";"3297";"351659.2"
"48891905000";"2198100";"3297";"351667.2"
"48893253000";"2198100";"3297";"351675.5"
"48894334000";"2198100";"3297";"351683.4"
"48895414000";"2169000";"3296";"351691.4"
"48896494000";"2169000";"3296";"351699.3"
"48897575000";"2169000";"3296";"351707.7"
"48898922000";"2169000";"3296";"351715.6"
"48900002000";"2169000";"3296";"351724.0"
"48901082000";"2169000";"3296";"351731.9"
"48902161000";"2169000";"3296";"351739.9"
"48903248000";"2182300";"3296";"351747.8"
"48904590000";"2182300";"3296";"351756.1"
"48905671000";"2182300";"3296";"351764.5"
"48906750000";"2182300";"3296";"351772.4"
"48907830000";"2182300";"3296";"351780.4"
"48908910000";"2182300";"3296";"351788.3"
"48910253000";"2182300";"3296";"351796.6"
"48911333000";"2128100";"3296";"351804.6"
"48912414000";"2128100";"3296";"351812.5"
"48913500000";"2128100";"3296";"351820.9"
"48914580000";"2128100";"3296";"351828.8"
"48915923000";"2128100";"3296";"351837.2"
"48917002000";"2128100";"3296";"351845.1"
"48918083000";"2128100";"3296";"351853.1"
"48919163000";"2183400";"3296";"351861.0"
"48920242000";"2183400";"3296";"351869.0"
"48921585000";"2183400";"3296";"351877.3"
"48922665000";"2183400";"3296";"351885.2"
"48923751000";"2183400";"3296";"351893.6"
"48924832000";"2183400";"3296";"351901.5"
"48925911000";"2183400";"3296";"351909.5"
"48927255000";"2126500";"3296";"351917.8"
"48928334000";"2126500";"3296";"351925.7"
"48929415000";"2126500";"3296";"351934.1"
"48930496000";"2126500";"3296";"351942.0"
"48931575000";"2126500";"3296";"351950.0"
"48932924000";"2126500";"3296";"351959.8"
"48934004000";"2244300";"3296";"351967.8"
"48935084000";"2244300";"3297";"351975.7"
"48936165000";"2244300";"3297";"351983.7"
"48937244000";"2244300";"3297";"351991.6"
"48938587000";"2244300";"3297";"352000.0"
"48939713000";"2244300";"3297";"352007.9"
"48940792000";"2244300";"3297";"352015.9"
"48941873000";"2172500";"3297";"352024.2"
"48942958000";"2172500";"3297";"352032.1"
"48944301000";"2172500";"3297";"352040.5"
"48945381000";"2172500";"3297";"352048.8"
"48946462000";"2172500";"3297";"352056.7"
"48947542000";"2172500";"3297";"352064.7"
"48948622000";"2172500";"3297";"352072.7"
"48949965000";"2126400";"3297";"352081.0"
"48951045000";"2126400";"3297";"352088.9"
"48952126000";"2126400";"3297";"352096.9"
"48953211000";"2126400";"3297";"352104.8"
"48954291000";"2126400";"3297";"352113.2"
"48955634000";"2126400";"3297";"352121.1"
"48956713000";"2126400";"3297";"352129.4"
"48957793000";"2183700";"3297";"352137.4"
"48958874000";"2183700";"3297";"352145.3"
"48959953000";"2183700";"3297";"352153.3"
"48961296000";"2183700";"3297";"352161.6"
"48962375000";"2183700";"3297";"352169.6"
"48963461000";"2183700";"3297";"352177.9"
"48964542000";"2183700";"3297";"352185.8"
"48965621000";"2183900";"3297";"352193.8"
"48966965000";"2183900";"3297";"352202.1"
"48968044000";"2183900";"3297";"352210.1"
"48969125000";"2183900";"3297";"352218.4"
"48970205000";"2183900";"3297";"352226.4"
"48971285000";"2183900";"3297";"352234.3"
"48972628000";"2183900";"3297";"352242.6"
"48973713000";"2126400";"3297";"352250.6"
"48974793000";"2126400";"3297";"352258.5"
"48975872000";"2126400";"3297";"352266.5"
"48976952000";"2126400";"3297";"352274.4"
"48978295000";"2126400";"3297";"352282.8"
"48979375000";"2126400";"3297";"352290.7"
"48980455000";"2126400";"3297";"352298.7"
"48981535000";"2185700";"3297";"352307.0"
"48982620000";"2185700";"3297";"352314.9"
"48983968000";"2185700";"3297";"352324.8"
"48985048000";"2185700";"3297";"352332.7"
"48986128000";"2185700";"3297";"352340.7"
"48987207000";"2185700";"3297";"352349.0"
"48988286000";"2243600";"3297";"352357.0"
"48989629000";"2243600";"3297";"352365.3"
"48990708000";"2243600";"3297";"352373.3"
"48991787000";"2243600";"3297";"352381.2"
"48992872000";"2243600";"3297";"352389.2"
"48993952000";"2243600";"3297";"352397.1"
"48995296000";"2160500";"3297";"352407.0"
"48996375000";"2160500";"3297";"352414.9"
"48997455000";"2160500";"3297";"352422.9"
"48998535000";"2160500";"3297";"352430.8"
"48999615000";"2160500";"3297";"352438.8"
"49000958000";"2160500";"3297";"352447.1"
"49002037000";"2160500";"3297";"352455.4"
"49003123000";"2184100";"3297";"352463.4"
"49004203000";"2184100";"3297";"352471.3"
"49005283000";"2184100";"3297";"352479.3"
"49006626000";"2184100";"3297";"352489.1"
"49007706000";"2184100";"3297";"352497.1"
"49008786000";"2184100";"3297";"352505.4"
"49009866000";"2246200";"3297";"352513.4"
"49010945000";"2246200";"3297";"352521.3"
"49012288000";"2246200";"3296";"352529.6"
"49013374000";"2246200";"3296";"352537.6"
"49014454000";"2246200";"3296";"352545.5"
"49015533000";"2246200";"3296";"352553.5"
"49016612000";"2246200";"3296";"352561.4"
"49017955000";"2170000";"3296";"352571.3"
"49019035000";"2170000";"3296";"352579.2"
"49020116000";"2170000";"3296";"352587.2"
"49021196000";"2170000";"3296";"352595.1"
"49022276000";"2170000";"3296";"352603.5"
"49023628000";"2170000";"3296";"352612.9"
"49024709000";"2242800";"3297";"352621.3"
"49025789000";"2242800";"3297";"352629.2"
"49026869000";"2242800";"3296";"352637.2"
"49027950000";"2242800";"3296";"352645.5"
"49029292000";"2242800";"3297";"352653.5"
"49030373000";"2242800";"3297";"352661.8"
"49031452000";"2242800";"3297";"352669.7"
"49032531000";"2185500";"3297";"352677.7"
"49033617000";"2185500";"3297";"352685.6"
"49034959000";"2185500";"3297";"352694.0"
"49036039000";"2185500";"3297";"352701.9"
"49037120000";"2185500";"3297";"352709.9"
"49038199000";"2185500";"3296";"352717.8"
"49039280000";"2185500";"3296";"352726.2"
"49040623000";"2126500";"3297";"352734.5"
"49041703000";"2126500";"3297";"352742.4"
"49042783000";"2126500";"3297";"352750.4"
"49043869000";"2126500";"3296";"352758.3"
"49044949000";"2126500";"3296";"352766.7"
"49046291000";"2126500";"3296";"352776.1"
"49047370000";"2244900";"3296";"352784.5"
"49048451000";"2244900";"3296";"352792.4"
"49049531000";"2244900";"3296";"352800.4"
"49050611000";"2244900";"3296";"352808.3"
"49051955000";"2244900";"3296";"352816.6"
"49053040000";"2244900";"3296";"352824.6"
"49054121000";"2244900";"3296";"352832.5"
"49055200000";"2168800";"3296";"352840.5"
"49056280000";"2168800";"3296";"352848.8"
"49057622000";"2168800";"3296";"352857.1"
"49058702000";"2168800";"3296";"352865.1"
"49059783000";"2168800";"3296";"352873.0"
"49060862000";"2168800";"3296";"352881.0"
"49061942000";"2168800";"3296";"352889.0"
"49063291000";"2126500";"3296";"352897.3"
"49064371000";"2126500";"3296";"352905.6"
"49065451000";"2126500";"3296";"352913.6"
"49066537000";"2126500";"3296";"352921.5"
"49067617000";"2126500";"3296";"352929.5"
"49068959000";"2126500";"3296";"352937.8"
"49070040000";"2126500";"3296";"352946.1"
"49071119000";"2198700";"3296";"352954.1"
"49072199000";"2198700";"3296";"352962.0"
"49073284000";"2198700";"3296";"352970.0"
"49074627000";"2198700";"3297";"352978.3"
"49075706000";"2198700";"3297";"352986.2"
"49076787000";"2198700";"3297";"352994.2"
"49077866000";"2198700";"3297";"353002.2"
"49078947000";"2169100";"3297";"353010.1"
"49080289000";"2169100";"3296";"353018.4"
"49081370000";"2169100";"3296";"353026.8"
"49082449000";"2169100";"3296";"353034.7"
"49083535000";"2169100";"3296";"353042.7"
"49084615000";"2169100";"3296";"353050.6"
"49085958000";"2169100";"3296";"353058.9"
"49087038000";"2140800";"3296";"353067.3"
"49088118000";"2140800";"3296";"353075.2"
"49089198000";"2140800";"3296";"353083.2"
"49090277000";"2140800";"3296";"353091.1"
"49091619000";"2140800";"3296";"353099.4"
"49092699000";"2140800";"3296";"353107.4"
"49093785000";"2140800";"3296";"353115.3"
"49094865000";"2184300";"3296";"353123.7"
"49095945000";"2184300";"3296";"353131.6"
"49097288000";"2184300";"3296";"353140.0"
"49098367000";"2184300";"3296";"353147.9"
"49099446000";"2184300";"3296";"353155.9"
"49100526000";"2184300";"3296";"353163.8"
"49101605000";"2184300";"3296";"353171.8"
"49102954000";"2127200";"3296";"353180.5"
"49104034000";"2127200";"3296";"353188.4"
"49105114000";"2127200";"3296";"353196.4"
"49106194000";"2127200";"3296";"353204.7"
"49107274000";"2127200";"3297";"353212.7"
"49108622000";"2127200";"3297";"353221.0"
"49109702000";"2127200";"3297";"353228.9"
"49110782000";"2183900";"3297";"353236.9"
"49111861000";"2183900";"3297";"353244.8"
"49112947000";"2183900";"3296";"353252.8"
"49114289000";"2183900";"3296";"353262.6"
"49115370000";"2183900";"3296";"353270.6"
"49116450000";"2183900";"3296";"353278.5"
"49117530000";"2227600";"3296";"353286.5"
"49118609000";"2227600";"3296";"353294.8"
"49119953000";"2227600";"3296";"353304.3"
"49121033000";"2227600";"3296";"353312.2"
"49122113000";"2227600";"3296";"353320.6"
"49123199000";"2227600";"3296";"353328.5"
"49124279000";"2244500";"3296";"353336.5"
"49125621000";"2244500";"3296";"353346.3"
"49126700000";"2244500";"3296";"353354.3"
"49127779000";"2244500";"3296";"353362.2"
"49128860000";"2244500";"3296";"353370.2"
"49129940000";"2244500";"3296";"353378.5"
"49131283000";"2161900";"3296";"353386.4"
"49132364000";"2161900";"3296";"353394.4"
"49133449000";"2161900";"3296";"353402.7"
"49134528000";"2161900";"3296";"353410.7"
"49135609000";"2161900";"3296";"353418.6"
"49136951000";"2161900";"3296";"353427.0"
"49138030000";"2161900";"3296";"353434.9"
"49139111000";"2184100";"3296";"353442.9"
"49140191000";"2184100";"3296";"353450.8"
"49141271000";"2184100";"3296";"353458.8"
"49142613000";"2184100";"3296";"353467.1"
"49143699000";"2184100";"3296";"353475.4"
"49144778000";"2184100";"3296";"353483.4"
"49145859000";"2184100";"3296";"353491.7"
"49146938000";"2198700";"3296";"353499.7"
"49148281000";"2198700";"3296";"353508.0"
"49149428000";"2198700";"3296";"353515.9"
"49150508000";"2198700";"3296";"353523.9"
"49151588000";"2198700";"3296";"353531.8"
"49152668000";"2198700";"3296";"353540.2"
"49154016000";"2198700";"3296";"353548.1"
"49155096000";"2109200";"3296";"353556.4"
"49156176000";"2109200";"3296";"353564.4"
"49157257000";"2109200";"3297";"353572.3"
"49158337000";"2109200";"3297";"353580.3"
"49159679000";"2109200";"3297";"353588.6"
"49160759000";"2109200";"3297";"353596.6"
"49161838000";"2109200";"3297";"353604.5"
"49162924000";"2169100";"3296";"353612.5"
"49164003000";"2169100";"3296";"353620.8"
"49165347000";"2169100";"3296";"353629.1"
"49166427000";"2169100";"3297";"353637.1"
"49167506000";"2169100";"3297";"353645.0"
"49168586000";"2169100";"3297";"353653.0"
"49169667000";"2169100";"3297";"353660.9"
"49171009000";"2128200";"3297";"353669.3"
"49172090000";"2128200";"3296";"353677.2"
"49173175000";"2128200";"3297";"353685.5"
"49174256000";"2128200";"3297";"353693.5"
"49175335000";"2128200";"3297";"353701.4"
"49176678000";"2128200";"3297";"353709.8"
"49177758000";"2128200";"3297";"353717.7"
"49178838000";"2183500";"3297";"353725.7"
"49179918000";"2183500";"3297";"353733.6"
"49180998000";"2183500";"3297";"353741.6"
"49182341000";"2183500";"3297";"353749.9"
"49183427000";"2183500";"3297";"353758.2"
"49184506000";"2183500";"3297";"353766.2"
"49185585000";"2183500";"3297";"353774.1"
"49186665000";"2184100";"3297";"353782.1"
"49188009000";"2184100";"3297";"353790.4"
"49189089000";"2184100";"3296";"353798.7"
"49190169000";"2184100";"3296";"353806.7"
"49191248000";"2184100";"3296";"353814.6"
"49192333000";"2184100";"3296";"353822.6"
"49193680000";"2184100";"3296";"353830.9"
"49194761000";"2125500";"3296";"353838.9"
"49195841000";"2125500";"3296";"353846.8"
"49196920000";"2125500";"3296";"353854.8"
"49197999000";"2125500";"3296";"353862.7"
"49199342000";"2125500";"3296";"353871.0"
"49200422000";"2125500";"3296";"353879.0"
"49201502000";"2125500";"3296";"353886.9"
"49202583000";"2170800";"3296";"353894.9"
"49203669000";"2170800";"3296";"353903.2"
"49205011000";"2170800";"3296";"353911.5"
"49206090000";"2170800";"3296";"353919.5"
"49207171000";"2170800";"3296";"353927.5"
"49208250000";"2170800";"3296";"353935.8"
"49209331000";"2170800";"3296";"353943.7"
"49210673000";"2141000";"3296";"353952.1"
"49211754000";"2141000";"3296";"353960.0"
"49212833000";"2141000";"3296";"353968.0"
"49213920000";"2141000";"3296";"353975.9"
"49214999000";"2141000";"3296";"353983.9"
"49216342000";"2141000";"3296";"353992.2"
"49217421000";"2141000";"3296";"354000.1"
"49218501000";"2169100";"3296";"354008.1"
"49219581000";"2169100";"3296";"354016.0"
"49220661000";"2169100";"3296";"354024.4"
"49222003000";"2169100";"3296";"354032.7"
"49223089000";"2169100";"3296";"354040.6"
"49224169000";"2169100";"3296";"354048.6"
"49225249000";"2169100";"3296";"354056.9"
"49226329000";"2198700";"3296";"354064.9"
"49227671000";"2198700";"3296";"354073.2"
"49228750000";"2198700";"3296";"354081.2"
"49229829000";"2198700";"3296";"354089.1"
"49230910000";"2198700";"3296";"354097.1"
"49231989000";"2198700";"3296";"354105.0"
"49233343000";"2198700";"3296";"354113.3"
"49234423000";"2111600";"3296";"354121.3"
"49235503000";"2111600";"3296";"354129.2"
"49236583000";"2111600";"3296";"354137.6"
"49237664000";"2111600";"3296";"354145.5"
"49239007000";"2111600";"3297";"354153.8"
"49240086000";"2111600";"3297";"354161.8"
"49241166000";"2111600";"3297";"354169.8"
"49242245000";"2185700";"3297";"354177.7"
"49243331000";"2185700";"3297";"354185.7"
"49244674000";"2185700";"3297";"354194.4"
"49245753000";"2185700";"3297";"354202.3"
"49246833000";"2185700";"3297";"354210.3"
"49247912000";"2185700";"3297";"354218.2"
"49248993000";"2185700";"3297";"354226.2"
"49250336000";"2183800";"3297";"354236.0"
"49251415000";"2183800";"3297";"354244.0"
"49252496000";"2183800";"3296";"354251.9"
"49253581000";"2183800";"3296";"354259.9"
"49254661000";"2183800";"3296";"354268.2"
"49256003000";"2183800";"3296";"354276.1"
"49257083000";"2183800";"3296";"354284.1"
"49258163000";"2169100";"3296";"354292.0"
"49259244000";"2169100";"3296";"354300.4"
"49260323000";"2169100";"3296";"354308.3"
"49261665000";"2169100";"3296";"354316.7"
"49262745000";"2169100";"3296";"354324.6"
"49263831000";"2169100";"3296";"354332.6"
"49264910000";"2169100";"3296";"354340.9"
"49265991000";"2198800";"3296";"354348.8"
"49267333000";"2198800";"3296";"354357.2"
"49268414000";"2198800";"3296";"354365.1"
"49269493000";"2198800";"3296";"354373.1"
"49270572000";"2198800";"3296";"354381.0"
"49271651000";"2198800";"3296";"354389.0"
"49273001000";"2198800";"3296";"354397.7"
"49274080000";"2127000";"3296";"354405.6"
"49275161000";"2127000";"3296";"354413.6"
"49276245000";"2127000";"3296";"354421.5"
"49277324000";"2127000";"3296";"354429.5"
"49278667000";"2127000";"3296";"354437.8"
"49279747000";"2127000";"3296";"354445.8"
"49280828000";"2127000";"3296";"354453.7"
"49281908000";"2183900";"3296";"354462.0"
"49282993000";"2183900";"3296";"354470.0"
"49284336000";"2183900";"3296";"354478.3"
"49285416000";"2183900";"3296";"354486.6"
"49286496000";"2183900";"3296";"354494.6"
"49287575000";"2183900";"3296";"354502.5"
"49288654000";"2183900";"3296";"354510.5"
"49289998000";"2127000";"3296";"354518.8"
"49291078000";"2127000";"3296";"354526.8"
"49292158000";"2127000";"3296";"354534.7"
"49293244000";"2127000";"3296";"354543.1"
"49294324000";"2127000";"3296";"354551.0"
"49295667000";"2127000";"3296";"354559.3"
"49296746000";"2127000";"3296";"354567.3"
"49297826000";"2183700";"3296";"354575.2"
"49298906000";"2183700";"3296";"354583.2"
"49299987000";"2183700";"3296";"354591.1"
"49301329000";"2183700";"3296";"354599.5"
"49302410000";"2183700";"3296";"354607.4"
"49303496000";"2183700";"3296";"354615.7"
"49304576000";"2183700";"3296";"354623.7"
"49305656000";"2183400";"3296";"354631.6"
"49306997000";"2183400";"3296";"354640.0"
"49308077000";"2183400";"3296";"354648.3"
"49309157000";"2183400";"3296";"354656.3"
"49310238000";"2183400";"3296";"354664.2"
"49311317000";"2183400";"3296";"354672.2"
"49312659000";"2183400";"3296";"354680.5"
"49313744000";"2127400";"3296";"354688.4"
"49314825000";"2127400";"3296";"354696.4"
"49315904000";"2127400";"3296";"354704.3"
"49316984000";"2127400";"3296";"354712.3"
"49318332000";"2127400";"3295";"354720.6"
"49319412000";"2127400";"3296";"354728.6"
"49320492000";"2127400";"3296";"354736.9"
"49321572000";"2183900";"3296";"354744.8"
"49322652000";"2183900";"3296";"354752.8"
"49324000000";"2183900";"3296";"354762.6"
"49325079000";"2183900";"3296";"354770.6"
"49326160000";"2183900";"3296";"354778.5"
"49327240000";"2183900";"3296";"354786.9"
"49328320000";"2244700";"3296";"354794.8"
"49329662000";"2244700";"3296";"354803.2"
"49330742000";"2244700";"3296";"354811.1"
"49331821000";"2244700";"3296";"354819.1"
"49332906000";"2244700";"3296";"354827.0"
"49333986000";"2244700";"3296";"354835.0"
"49335329000";"2244700";"3296";"354843.3"
"49336409000";"2112900";"3296";"354851.2"
"49337489000";"2112900";"3296";"354859.2"
"49338570000";"2112900";"3296";"354867.1"
"49339649000";"2112900";"3296";"354875.1"
"49340992000";"2112900";"3296";"354883.4"
"49342072000";"2112900";"3296";"354891.4"
"49343157000";"2112900";"3296";"354899.7"
"49344237000";"2183900";"3296";"354907.6"
"49345317000";"2183900";"3296";"354915.6"
"49346660000";"2183900";"3296";"354923.9"
"49347740000";"2183900";"3296";"354932.3"
"49348820000";"2183900";"3296";"354940.2"
"49349900000";"2183900";"3296";"354948.2"
"49350980000";"2183900";"3296";"354956.1"
"49352323000";"2185000";"3296";"354966.0"
"49353409000";"2185000";"3296";"354973.9"
"49354489000";"2185000";"3296";"354981.9"
"49355568000";"2185000";"3296";"354989.8"
"49356649000";"2185000";"3296";"354997.8"
"49357992000";"2185000";"3296";"355006.1"
"49359072000";"2185000";"3296";"355014.0"
"49360158000";"2167400";"3296";"355022.0"
"49361237000";"2167400";"3296";"355030.3"
"49362317000";"2167400";"3296";"355038.3"
"49363665000";"2167400";"3296";"355046.6"
"49364746000";"2167400";"3296";"355054.5"
"49365826000";"2167400";"3296";"355062.5"
"49366906000";"2167400";"3296";"355070.5"
"49367987000";"2198300";"3296";"355078.8"
"49369329000";"2198300";"3296";"355087.1"
"49370410000";"2198300";"3296";"355095.1"
"49371489000";"2198300";"3296";"355103.0"
"49372570000";"2198300";"3297";"355111.0"
"49373655000";"2198300";"3297";"355118.9"
"49374997000";"2198300";"3297";"355127.2"
"49376077000";"2112600";"3296";"355135.2"
"49377157000";"2112600";"3296";"355143.5"
"49378237000";"2112600";"3296";"355151.5"
"49379317000";"2112600";"3297";"355159.4"
"49380659000";"2112600";"3297";"355167.7"
"49381739000";"2112600";"3297";"355175.7"
"49382819000";"2112600";"3296";"355183.6"
"49383905000";"2183900";"3296";"355191.6"
"49384985000";"2183900";"3296";"355199.9"
"49386327000";"2183900";"3296";"355209.4"
"49387408000";"2183900";"3296";"355217.7"
"49388489000";"2183900";"3296";"355225.7"
"49389569000";"2183900";"3296";"355233.6"
"49390648000";"2246400";"3296";"355241.6"
"49391991000";"2246400";"3296";"355251.4"
"49393077000";"2246400";"3296";"355259.4"
"49394157000";"2246400";"3297";"355267.3"
"49395237000";"2246400";"3297";"355275.3"
"49396316000";"2246400";"3297";"355283.2"
"49397659000";"2159900";"3297";"355291.6"
"49398739000";"2159900";"3297";"355299.5"
"49399819000";"2159900";"3296";"355307.5"
"49400899000";"2159900";"3296";"355315.4"
"49401984000";"2159900";"3297";"355323.4"
"49403331000";"2159900";"3296";"355331.7"
"49404412000";"2159900";"3296";"355340.0"
"49405493000";"2182300";"3296";"355348.0"
"49406572000";"2182300";"3296";"355355.9"
"49407652000";"2182300";"3296";"355363.9"
"49408995000";"2182300";"3296";"355372.2"
"49410075000";"2182300";"3296";"355380.2"
"49411155000";"2182300";"3296";"355388.1"
"49412235000";"2182300";"3296";"355396.4"
"49413321000";"2183700";"3296";"355404.4"
"49414665000";"2183700";"3296";"355412.7"
"49415745000";"2183700";"3296";"355420.7"
"49416825000";"2183700";"3297";"355428.6"
"49417905000";"2183700";"3297";"355436.6"
"49418985000";"2183700";"3296";"355444.5"
"49420327000";"2183700";"3296";"355452.8"
"49421408000";"2113600";"3296";"355460.8"
"49422487000";"2113600";"3296";"355468.7"
"49423573000";"2113600";"3296";"355477.1"
"49424654000";"2113600";"3296";"355485.0"
"49425996000";"2113600";"3296";"355494.9"
"49427075000";"2113600";"3296";"355502.8"
"49428155000";"2244900";"3296";"355510.8"
"49429235000";"2244900";"3296";"355518.7"
"49430314000";"2244900";"3296";"355526.7"
"49431657000";"2244900";"3296";"355535.0"
"49432738000";"2244900";"3296";"355543.0"
"49433824000";"2244900";"3296";"355550.9"
"49434905000";"2244900";"3296";"355559.2"
"49435984000";"2183500";"3296";"355567.2"
"49437328000";"2183500";"3296";"355575.1"
"49438407000";"2183500";"3296";"355583.5"
"49439488000";"2183500";"3296";"355591.4"
"49440567000";"2183500";"3296";"355599.4"
"49441647000";"2183500";"3296";"355607.3"
"49443028000";"2149800";"3296";"355617.2"
"49444108000";"2149800";"3296";"355625.1"
"49445187000";"2149800";"3296";"355633.5"
"49446268000";"2149800";"3296";"355641.4"
"49447348000";"2149800";"3296";"355649.4"
"49448691000";"2149800";"3296";"355657.7"
"49449771000";"2149800";"3296";"355665.6"
"49450851000";"2185200";"3296";"355673.6"
"49451931000";"2185200";"3296";"355681.5"
"49453017000";"2185200";"3296";"355689.9"
"49454360000";"2185200";"3296";"355698.2"
"49455440000";"2185200";"3296";"355706.1"
"49456519000";"2185200";"3296";"355714.1"
"49457599000";"2185200";"3296";"355722.0"
"49458679000";"2183900";"3296";"355730.0"
"49460023000";"2183900";"3296";"355739.8"
"49461103000";"2183900";"3296";"355747.8"
"49462182000";"2183900";"3296";"355755.7"
"49463267000";"2183900";"3296";"355764.1"
"49464348000";"2183900";"3296";"355772.0"
"49465691000";"2176200";"3296";"355780.3"
"49466771000";"2176200";"3296";"355788.3"
"49467850000";"2176200";"3296";"355796.3"
"49468930000";"2176200";"3297";"355804.6"
"49470010000";"2176200";"3297";"355812.5"
"49471352000";"2176200";"3296";"355822.0"
"49472433000";"2229700";"3296";"355830.0"
"49473519000";"2229700";"3296";"355838.3"
"49474599000";"2229700";"3296";"355846.2"
"49475678000";"2229700";"3296";"355854.2"
"49477022000";"2229700";"3297";"355862.5"
"49478102000";"2229700";"3297";"355870.5"
"49479181000";"2229700";"3297";"355878.4"
"49480261000";"2183900";"3297";"355886.4"
"49481340000";"2183900";"3297";"355894.3"
"49482682000";"2183900";"3297";"355902.6"
"49483769000";"2183900";"3297";"355910.6"
"49484848000";"2183900";"3297";"355918.9"
"49485932000";"2183900";"3297";"355926.9"
"49487012000";"2183900";"3297";"355934.8"
"49488354000";"2126000";"3297";"355943.2"
"49489434000";"2126000";"3297";"355951.1"
"49490515000";"2126000";"3297";"355959.4"
"49491594000";"2126000";"3297";"355967.4"
"49492674000";"2126000";"3297";"355975.3"
"49494023000";"2126000";"3297";"355983.7"
"49495102000";"2126000";"3297";"355991.6"
"49496182000";"2183900";"3297";"355999.6"
"49497262000";"2183900";"3297";"356007.5"
"49498341000";"2183900";"3297";"356015.5"
"49499683000";"2183900";"3297";"356023.8"
"49500764000";"2183900";"3297";"356031.7"
"49501844000";"2183900";"3297";"356039.7"
"49502930000";"2183900";"3297";"356047.6"
"49504010000";"2183700";"3297";"356056.0"
"49505354000";"2183700";"3297";"356064.3"
"49506433000";"2183700";"3297";"356072.3"
"49507514000";"2183700";"3297";"356080.2"
"49508593000";"2183700";"3297";"356088.5"
"49509674000";"2183700";"3297";"356096.5"
"49511016000";"2183700";"3297";"356104.8"
"49512096000";"2128100";"3297";"356112.8"
"49513182000";"2128100";"3297";"356120.7"
"49514261000";"2128100";"3297";"356128.7"
"49515341000";"2128100";"3297";"356136.6"
"49516683000";"2128100";"3297";"356144.9"
"49517763000";"2128100";"3297";"356152.9"
"49518843000";"2128100";"3297";"356160.8"
"49519923000";"2169300";"3297";"356168.8"
"49521003000";"2169300";"3297";"356176.7"
"49522346000";"2169300";"3297";"356185.1"
"49523431000";"2169300";"3297";"356193.0"
"49524511000";"2169300";"3297";"356201.4"
"49525591000";"2169300";"3297";"356209.3"
"49526670000";"2169300";"3297";"356217.3"
"49528017000";"2125800";"3297";"356225.6"
"49529098000";"2125800";"3297";"356233.5"
"49530177000";"2125800";"3297";"356241.5"
"49531257000";"2125800";"3297";"356249.4"
"49532337000";"2125800";"3296";"356257.8"
"49533685000";"2125800";"3296";"356265.7"
"49534765000";"2125800";"3296";"356274.0"
"49535844000";"2184300";"3296";"356282.0"
"49536924000";"2184300";"3296";"356289.9"
"49538003000";"2184300";"3296";"356297.9"
"49539346000";"2184300";"3296";"356306.2"
"49540426000";"2184300";"3296";"356314.2"
"49541506000";"2184300";"3296";"356322.1"
"49542586000";"2184300";"3296";"356330.1"
"49543672000";"2183900";"3296";"356338.4"
"49545015000";"2183900";"3296";"356346.7"
"49546094000";"2183900";"3296";"356354.7"
"49547175000";"2183900";"3296";"356362.6"
"49548256000";"2183900";"3296";"356371.0"
"49549335000";"2183900";"3296";"356378.9"
"49550677000";"2183900";"3296";"356387.2"
"49551758000";"2128100";"3296";"356395.2"
"49552837000";"2128100";"3296";"356403.1"
"49553923000";"2128100";"3296";"356411.1"
"49555004000";"2128100";"3296";"356419.0"
"49556347000";"2128100";"3296";"356428.9"
"49557426000";"2128100";"3296";"356436.8"
"49558506000";"2227600";"3296";"356444.8"
"49559585000";"2227600";"3296";"356452.7"
"49560665000";"2227600";"3296";"356460.7"
"49562009000";"2227600";"3296";"356469.0"
"49563094000";"2227600";"3296";"356477.4"
"49564174000";"2227600";"3296";"356485.3"
"49565253000";"2227600";"3296";"356493.3"
"49566333000";"2184100";"3296";"356501.2"
"49567676000";"2184100";"3296";"356509.5"
"49568757000";"2184100";"3296";"356517.9"
"49569841000";"2184100";"3296";"356525.8"
"49570922000";"2184100";"3296";"356533.8"
"49572001000";"2184100";"3296";"356541.7"
"49573351000";"2184100";"3296";"356550.0"
"49574430000";"2125200";"3296";"356558.0"
"49575509000";"2125200";"3296";"356565.9"
"49576590000";"2125200";"3296";"356573.9"
"49577669000";"2125200";"3296";"356581.9"
"49579012000";"2125200";"3296";"356590.2"
"49580092000";"2125200";"3296";"356598.1"
"49581172000";"2125200";"3296";"356606.5"
"49582252000";"2185300";"3296";"356614.4"
"49583338000";"2185300";"3296";"356622.4"
"49584681000";"2185300";"3296";"356630.7"
"49585762000";"2185300";"3296";"356638.6"
"49586842000";"2185300";"3296";"356647.0"
"49587922000";"2185300";"3296";"356654.9"
"49589002000";"2185300";"3296";"356662.9"
"49590345000";"2126200";"3296";"356671.2"
"49591425000";"2126200";"3296";"356679.1"
"49592506000";"2126200";"3296";"356687.1"
"49593592000";"2126200";"3296";"356695.0"
"49594672000";"2126200";"3296";"356703.0"
"49596014000";"2126200";"3296";"356711.3"
"49597095000";"2126200";"3295";"356719.3"
"49598174000";"2168800";"3295";"356727.2"
"49599254000";"2168800";"3295";"356735.2"
"49600334000";"2168800";"3295";"356743.1"
"49601677000";"2168800";"3295";"356753.0"
"49602757000";"2168800";"3295";"356760.9"
"49603842000";"2168800";"3295";"356769.3"
"49604922000";"2244700";"3295";"356777.2"
"49606003000";"2244700";"3295";"356785.2"
"49607346000";"2244700";"3295";"356795.0"
"49608426000";"2244700";"3295";"356803.0"
"49609506000";"2244700";"3295";"356810.9"
"49610586000";"2244700";"3295";"356819.2"
"49611670000";"2244900";"3295";"356827.2"
"49613018000";"2244900";"3295";"356835.5"
"49614097000";"2244900";"3295";"356843.5"
"49615177000";"2244900";"3295";"356851.4"
"49616257000";"2244900";"3295";"356859.4"
"49617337000";"2244900";"3295";"356867.3"
"49618681000";"2160100";"3295";"356877.2"
"49619760000";"2160100";"3295";"356885.1"
"49620840000";"2160100";"3295";"356893.1"
"49621920000";"2160100";"3295";"356901.0"
"49623006000";"2160100";"3295";"356909.4"
"49624348000";"2160100";"3295";"356919.2"
"49625427000";"2245100";"3295";"356927.2"
"49626507000";"2245100";"3295";"356935.1"
"49627587000";"2245100";"3295";"356943.1"
"49628666000";"2245100";"3295";"356951.0"
"49630010000";"2245100";"3295";"356959.3"
"49631091000";"2245100";"3295";"356967.7"
"49632171000";"2245100";"3295";"356975.6"
"49633257000";"2183400";"3296";"356983.6"
"49634337000";"2183400";"3296";"356991.5"
"49635680000";"2183400";"3296";"356999.8"
"49636759000";"2183400";"3296";"357007.8"
"49637838000";"2183400";"3296";"357015.8"
"49638919000";"2183400";"3296";"357023.7"
"49639998000";"2183400";"3296";"357031.7"
"49641340000";"2114600";"3296";"357040.0"
"49642419000";"2114600";"3296";"357047.9"
"49643504000";"2114600";"3296";"357055.9"
"49644585000";"2114600";"3296";"357064.2"
"49645665000";"2114600";"3296";"357072.2"
"49647008000";"2114600";"3296";"357080.5"
"49648087000";"2114600";"3296";"357088.4"
"49649166000";"2199000";"3296";"357096.8"
"49650247000";"2199000";"3296";"357104.7"
"49651327000";"2199000";"3296";"357112.7"
"49652670000";"2199000";"3297";"357122.1"
"49653760000";"2199000";"3297";"357130.5"
"49654841000";"2199000";"3297";"357138.4"
"49655921000";"2225500";"3297";"357146.4"
"49657001000";"2225500";"3297";"357154.3"
"49658343000";"2225500";"3297";"357162.6"
"49659422000";"2225500";"3297";"357170.6"
"49660502000";"2225500";"3297";"357178.6"
"49661581000";"2225500";"3297";"357186.5"
"49662661000";"2225500";"3297";"357194.5"
"49664010000";"2112800";"3297";"357202.8"
"49665091000";"2112800";"3297";"357210.7"
"49666172000";"2112800";"3297";"357219.1"
"49667251000";"2112800";"3297";"357227.0"
"49668330000";"2112800";"3297";"357235.0"
"49669673000";"2112800";"3297";"357243.3"
"49670753000";"2112800";"3297";"357251.2"
"49671833000";"2185300";"3297";"357259.2"
"49672919000";"2185300";"3297";"357267.1"
"49673999000";"2185300";"3297";"357275.5"
"49675342000";"2185300";"3297";"357284.9"
"49676421000";"2185300";"3297";"357292.9"
"49677502000";"2185300";"3297";"357300.8"
"49678583000";"2227200";"3297";"357308.8"
"49679662000";"2227200";"3297";"357317.1"
"49681004000";"2227200";"3297";"357325.5"
"49682085000";"2227200";"3297";"357333.4"
"49683169000";"2227200";"3297";"357341.4"
"49684249000";"2227200";"3297";"357349.3"
"49685329000";"2227200";"3297";"357357.3"
"49686672000";"2127200";"3297";"357365.6"
"49687751000";"2127200";"3297";"357373.9"
"49688832000";"2127200";"3297";"357381.9"
"49689911000";"2127200";"3297";"357389.8"
"49690991000";"2127200";"3297";"357397.8"
"49692334000";"2127200";"3297";"357406.1"
"49693419000";"2127200";"3297";"357414.0"
"49694499000";"2183900";"3297";"357422.0"
"49695584000";"2183900";"3297";"357430.3"
"49696663000";"2183900";"3297";"357438.3"
"49698007000";"2183900";"3297";"357447.7"
"49699087000";"2183900";"3297";"357455.7"
"49700167000";"2183900";"3297";"357463.7"
"49701247000";"2227800";"3297";"357471.6"
"49702327000";"2227800";"3297";"357479.9"
"49703675000";"2227800";"3297";"357489.8"
"49704755000";"2227800";"3297";"357497.7"
"49705836000";"2227800";"3297";"357505.7"
"49706915000";"2227800";"3297";"357513.6"
"49707995000";"2261800";"3297";"357522.0"
"49709338000";"2261800";"3297";"357530.3"
"49710418000";"2261800";"3297";"357538.2"
"49711498000";"2261800";"3297";"357546.2"
"49712577000";"2261800";"3296";"357554.1"
"49713664000";"2261800";"3296";"357562.1"
"49715007000";"2261800";"3296";"357570.4"
"49716087000";"2112200";"3296";"357578.4"
"49717167000";"2112200";"3296";"357586.3"
"49718247000";"2112200";"3296";"357594.3"
"49719328000";"2112200";"3296";"357602.6"
"49720670000";"2112200";"3296";"357612.1"
"49721750000";"2112200";"3297";"357620.0"
"49722830000";"2246400";"3297";"357628.4"
"49723916000";"2246400";"3297";"357636.3"
"49724995000";"2246400";"3297";"357644.3"
"49726338000";"2246400";"3297";"357654.1"
"49727417000";"2246400";"3297";"357662.1"
"49728497000";"2246400";"3297";"357670.4"
"49729577000";"2244900";"3297";"357678.3"
"49730657000";"2244900";"3297";"357686.3"
"49732000000";"2244900";"3297";"357696.1"
"49733085000";"2244900";"3297";"357704.1"
"49734164000";"2244900";"3297";"357712.0"
"49735243000";"2244900";"3297";"357720.0"
"49736323000";"2228400";"3297";"357728.0"
"49737669000";"2228400";"3297";"357736.3"
"49738750000";"2228400";"3297";"357744.2"
"49739829000";"2228400";"3297";"357752.2"
"49740910000";"2228400";"3297";"357760.1"
"49741989000";"2228400";"3297";"357768.1"
"49743338000";"2228400";"3296";"357776.4"
"49744417000";"2125700";"3296";"357784.7"
"49745498000";"2125700";"3296";"357792.7"
"49746577000";"2125700";"3296";"357800.6"
"49747658000";"2125700";"3297";"357808.6"
"49749001000";"2125700";"3297";"357818.4"
"49750081000";"2125700";"3297";"357826.4"
"49751161000";"2229100";"3297";"357834.3"
"49752241000";"2229100";"3297";"357842.7"
"49753326000";"2229100";"3297";"357850.6"
"49754668000";"2229100";"3297";"357858.9"
"49755749000";"2229100";"3297";"357866.9"
"49756829000";"2229100";"3297";"357874.9"
"49757908000";"2229100";"3297";"357882.8"
"49758988000";"2184300";"3297";"357890.8"
"49760330000";"2184300";"3297";"357899.1"
"49761410000";"2184300";"3297";"357907.0"
"49762490000";"2184300";"3297";"357915.0"
"49763576000";"2184300";"3297";"357922.9"
"49764656000";"2184300";"3297";"357931.3"
"49766000000";"2176000";"3297";"357941.1"
"49767080000";"2176000";"3297";"357949.1"
"49768160000";"2176000";"3297";"357957.0"
"49769239000";"2176000";"3297";"357965.0"
"49770319000";"2176000";"3297";"357972.9"
"49771661000";"2176000";"3297";"357981.2"
"49772741000";"2176000";"3297";"357989.2"
"49773827000";"2169300";"3297";"357997.1"
"49774907000";"2169300";"3297";"358005.5"
"49775987000";"2169300";"3297";"358013.4"
"49777330000";"2169300";"3297";"358021.7"
"49778410000";"2169300";"3297";"358029.7"
"49779495000";"2169300";"3297";"358037.7"
"49780574000";"2169300";"3297";"358045.6"
"49781655000";"2184100";"3297";"358053.6"
"49783002000";"2184100";"3297";"358061.9"
"49784083000";"2184100";"3297";"358070.2"
"49785162000";"2184100";"3297";"358078.2"
"49786242000";"2184100";"3297";"358086.1"
"49787322000";"2184100";"3297";"358094.1"
"49788665000";"2184100";"3297";"358102.4"
"49789745000";"2141000";"3297";"358110.7"
"49790826000";"2141000";"3297";"358118.7"
"49791905000";"2141000";"3297";"358126.6"
"49792991000";"2141000";"3297";"358135.0"
"49794334000";"2141000";"3297";"358142.9"
"49795413000";"2141000";"3297";"358150.9"
"49796494000";"2141000";"3297";"358159.2"
"49797573000";"2183900";"3297";"358167.1"
"49798652000";"2183900";"3297";"358175.1"
"49799995000";"2183900";"3297";"358183.4"
"49801075000";"2183900";"3297";"358191.4"
"49802155000";"2183900";"3297";"358199.3"
"49803240000";"2183900";"3297";"358207.3"
"49804320000";"2183900";"3297";"358215.6"
"49805662000";"2170200";"3297";"358225.1"
"49806742000";"2170200";"3297";"358233.4"
"49807822000";"2170200";"3297";"358241.3"
"49808901000";"2170200";"3297";"358249.3"
"49809980000";"2170200";"3297";"358257.3"
"49811322000";"2170200";"3297";"358267.1"
"49812402000";"2247300";"3297";"358275.1"
"49813488000";"2247300";"3297";"358283.0"
"49814569000";"2247300";"3297";"358291.0"
"49815648000";"2247300";"3297";"358298.9"
"49816992000";"2247300";"3297";"358308.8"
"49818071000";"2247300";"3297";"358316.7"
"49819152000";"2227200";"3297";"358324.7"
"49820232000";"2227200";"3297";"358333.0"
"49821316000";"2227200";"3297";"358340.9"
"49822659000";"2227200";"3297";"358349.3"
"49823744000";"2227200";"3297";"358357.2"
"49824824000";"2227200";"3297";"358365.2"
"49825903000";"2227200";"3297";"358373.5"
"49826983000";"2197800";"3297";"358381.5"
"49828325000";"2197800";"3297";"358389.8"
"49829404000";"2197800";"3297";"358397.7"
"49830484000";"2197800";"3297";"358405.7"
"49831564000";"2197800";"3297";"358414.0"
"49832643000";"2197800";"3297";"358422.0"
"49833991000";"2197800";"3297";"358430.3"
"49835071000";"2127400";"3297";"358438.2"
"49836151000";"2127400";"3297";"358446.2"
"49837230000";"2127400";"3297";"358454.1"
"49838310000";"2127400";"3297";"358462.1"
"49839653000";"2127400";"3297";"358471.9"
"49840733000";"2127400";"3297";"358479.9"
"49841812000";"2229900";"3297";"358487.8"
"49842897000";"2229900";"3297";"358495.8"
"49843978000";"2229900";"3297";"358504.1"
"49845321000";"2229900";"3297";"358512.4"
"49846401000";"2229900";"3297";"358520.4"
"49847481000";"2229900";"3297";"358528.4"
"49848561000";"2229900";"3297";"358536.3"
"49849642000";"2198100";"3297";"358544.6"
"49850984000";"2198100";"3297";"358554.1"
"49852065000";"2198100";"3297";"358562.4"
"49853150000";"2198100";"3297";"358570.4"
"49854230000";"2198100";"3297";"358578.3"
"49855310000";"2198100";"3297";"358586.3"
"49856653000";"2225800";"3297";"358596.1"
"49857732000";"2225800";"3297";"358604.1"
"49858811000";"2225800";"3297";"358612.0"
"49859891000";"2225800";"3297";"358620.0"
"49860971000";"2225800";"3297";"358627.9"
"49862313000";"2225800";"3297";"358636.3"
"49863403000";"2225800";"3297";"358644.2"
"49864483000";"2183200";"3297";"358652.5"
"49865562000";"2183200";"3297";"358660.5"
"49866643000";"2183200";"3297";"358668.5"
"49867985000";"2183200";"3297";"358678.3"
"49869066000";"2183200";"3297";"358686.3"
"49870145000";"2183200";"3297";"358694.2"
"49871225000";"2229900";"3297";"358702.2"
"49872305000";"2229900";"3297";"358710.5"
"49873653000";"2229900";"3297";"358718.8"
"49874734000";"2229900";"3297";"358726.8"
"49875814000";"2229900";"3298";"358734.7"
"49876894000";"2229900";"3297";"358742.7"
"49877973000";"2229900";"3297";"358750.6"
"49879317000";"2126400";"3297";"358758.9"
"49880396000";"2126400";"3297";"358766.9"
"49881476000";"2126400";"3297";"358774.8"
"49882556000";"2126400";"3297";"358782.8"
"49883642000";"2126400";"3297";"358791.1"
"49884985000";"2126400";"3297";"358799.4"
"49886065000";"2126400";"3298";"358807.4"
"49887145000";"2183900";"3297";"358815.4"
"49888225000";"2183900";"3297";"358823.3"
"49889305000";"2183900";"3298";"358831.6"
"49890647000";"2183900";"3298";"358840.0"
"49891727000";"2183900";"3298";"358847.9"
"49892807000";"2183900";"3298";"358855.9"
"49893892000";"2183900";"3298";"358863.8"
"49894972000";"2183900";"3298";"358871.8"
"49896314000";"2183900";"3298";"358881.2"
"49897394000";"2183900";"3298";"358889.2"
"49898473000";"2183900";"3298";"358897.5"
"49899553000";"2183900";"3298";"358905.5"
"49900634000";"2183900";"3298";"358913.4"
"49901977000";"2228100";"3298";"358923.3"
"49903061000";"2228100";"3298";"358931.2"
"49904142000";"2228100";"3298";"358939.2"
"49905225000";"2228100";"3298";"358947.5"
"49906305000";"2228100";"3298";"358955.5"
"49907647000";"2228100";"3298";"358963.8"
"49908727000";"2228100";"3298";"358971.7"
"49909807000";"2183200";"3298";"358979.7"
"49910887000";"2183200";"3298";"358988.0"
"49911968000";"2183200";"3298";"358996.0"
"49913316000";"2183200";"3298";"359004.3"
"49914395000";"2183200";"3298";"359012.2"
"49915475000";"2183200";"3298";"359020.2"
"49916554000";"2183200";"3298";"359028.1"
"49917635000";"2183900";"3298";"359036.1"
"49918978000";"2183900";"3298";"359044.4"
"49920057000";"2183900";"3298";"359052.4"
"49921137000";"2183900";"3298";"359060.3"
"49922216000";"2183900";"3297";"359068.3"
"49923302000";"2183900";"3297";"359076.2"
"49924645000";"2183900";"3297";"359084.5"
"49925725000";"2126900";"3297";"359092.9"
"49926805000";"2126900";"3298";"359100.8"
"49927884000";"2126900";"3297";"359108.8"
"49928965000";"2126900";"3297";"359116.7"
"49930307000";"2126900";"3297";"359125.1"
"49931388000";"2126900";"3297";"359133.0"
"49932468000";"2126900";"3297";"359141.3"
"49933553000";"2183700";"3297";"359149.3"
"49934634000";"2183700";"3297";"359157.2"
"49935977000";"2183700";"3297";"359165.6"
"49937056000";"2183700";"3297";"359173.5"
"49938137000";"2183700";"3297";"359181.5"
"49939216000";"2183700";"3297";"359189.4"
"49940296000";"2183700";"3297";"359197.4"
"49941639000";"2113900";"3297";"359205.7"
"49942718000";"2113900";"3297";"359213.6"
"49943804000";"2113900";"3297";"359222.0"
"49944883000";"2113900";"3297";"359229.9"
"49945963000";"2113900";"3297";"359237.9"
"49947311000";"2113900";"3296";"359246.2"
"49948391000";"2113900";"3296";"359254.2"
"49949471000";"2197400";"3296";"359262.5"
"49950551000";"2197400";"3296";"359270.4"
"49951632000";"2197400";"3296";"359278.4"
"49952979000";"2197400";"3296";"359286.7"
"49954060000";"2197400";"3296";"359294.7"
"49955141000";"2197400";"3296";"359302.6"
"49956220000";"2197400";"3296";"359310.6"
"49957299000";"2183700";"3296";"359318.9"
"49958642000";"2183700";"3296";"359328.4"
"49959721000";"2183700";"3296";"359336.3"
"49960801000";"2183700";"3296";"359344.3"
"49961882000";"2183700";"3296";"359352.6"
"49962968000";"2183700";"3296";"359360.6"
"49964311000";"2159900";"3296";"359368.9"
"49965391000";"2159900";"3296";"359376.8"
"49966471000";"2159900";"3296";"359385.2"
"49967552000";"2159900";"3296";"359393.1"
"49968631000";"2159900";"3296";"359401.1"
"49969975000";"2159900";"3296";"359409.4"
"49971055000";"2159900";"3296";"359417.3"
"49972135000";"2199800";"3296";"359425.7"
"49973220000";"2199800";"3296";"359433.6"
"49974300000";"2199800";"3296";"359441.6"
"49975642000";"2199800";"3296";"359449.9"
"49976723000";"2199800";"3296";"359457.8"
"49977803000";"2199800";"3296";"359465.8"
"49978882000";"2199800";"3296";"359473.8"
"49979962000";"2169100";"3296";"359481.7"
"49981305000";"2169100";"3296";"359490.0"
"49982385000";"2169100";"3296";"359498.0"
"49983472000";"2169100";"3296";"359506.3"
"49984552000";"2169100";"3296";"359514.3"
"49985632000";"2169100";"3296";"359522.2"
"49986975000";"2176000";"3296";"359532.1"
"49988054000";"2176000";"3296";"359540.0"
"49989139000";"2176000";"3296";"359548.0"
"49990220000";"2176000";"3296";"359556.3"
"49991300000";"2176000";"3296";"359564.3"
"49992643000";"2176000";"3296";"359572.6"
"49993729000";"2176000";"3297";"359580.5"
"49994809000";"2182100";"3297";"359588.5"
"49995889000";"2182100";"3297";"359596.4"
"49996970000";"2182100";"3297";"359604.4"
"49998312000";"2182100";"3297";"359612.7"
"49999391000";"2182100";"3297";"359620.7"
"50000471000";"2182100";"3297";"359628.6"
"50001550000";"2182100";"3297";"359636.6"
"50002630000";"2185900";"3297";"359644.9"
"50003978000";"2185900";"3297";"359653.2"
"50005059000";"2185900";"3297";"359661.2"
"50006139000";"2185900";"3297";"359669.1"
"50007219000";"2185900";"3297";"359677.1"
"50008299000";"2185900";"3297";"359685.4"
"50009641000";"2185900";"3297";"359693.7"
"50010721000";"2126500";"3297";"359701.7"
"50011801000";"2126500";"3297";"359709.6"
"50012886000";"2126500";"3297";"359717.6"
"50013966000";"2126500";"3297";"359725.5"
"50015308000";"2126500";"3297";"359733.8"
"50016387000";"2126500";"3297";"359741.8"
"50017467000";"2126500";"3297";"359750.1"
"50018547000";"2184400";"3297";"359758.1"
"50019627000";"2184400";"3297";"359766.0"
"50020969000";"2184400";"3297";"359775.9"
"50022048000";"2184400";"3297";"359783.8"
"50023134000";"2184400";"3297";"359791.8"
"50024213000";"2184400";"3297";"359799.7"
"50025294000";"2228200";"3297";"359807.7"
"50026637000";"2228200";"3297";"359817.5"
"50027717000";"2228200";"3297";"359825.9"
"50028798000";"2228200";"3297";"359833.8"
"50029878000";"2228200";"3297";"359841.8"
"50030963000";"2228200";"3297";"359849.7"
"50032305000";"2176200";"3297";"359858.0"
"50033392000";"2176200";"3297";"359866.0"
"50034472000";"2176200";"3297";"359874.0"
"50035552000";"2176200";"3297";"359882.3"
"50036632000";"2176200";"3297";"359890.2"
"50037974000";"2176200";"3297";"359898.6"
"50039054000";"2176200";"3297";"359906.5"
"50040135000";"2183500";"3297";"359914.5"
"50041214000";"2183500";"3297";"359922.4"
"50042294000";"2183500";"3297";"359930.4"
"50043642000";"2183500";"3297";"359940.2"
"50044721000";"2183500";"3297";"359948.2"
"50045801000";"2183500";"3297";"359956.1"
"50046881000";"2245100";"3297";"359964.5"
"50047961000";"2245100";"3297";"359972.4"
"50049303000";"2245100";"3297";"359980.7"
"50050382000";"2245100";"3297";"359988.7"
"50051463000";"2245100";"3296";"359996.6"
"50052543000";"2245100";"3296";"360005.0"
"50053628000";"2245100";"3296";"360012.9"
"50054971000";"2127000";"3296";"360021.2"
"50056051000";"2127000";"3297";"360029.2"
"50057132000";"2127000";"3297";"360037.1"
"50058211000";"2127000";"3297";"360045.1"
"50059290000";"2127000";"3297";"360053.0"
"50060634000";"2127000";"3296";"360061.4"
"50061713000";"2127000";"3296";"360069.3"
"50062793000";"2170800";"3296";"360077.3"
"50063879000";"2170800";"3296";"360085.6"
"50064959000";"2170800";"3296";"360093.6"
"50066300000";"2170800";"3296";"360101.9"
"50067379000";"2170800";"3296";"360109.8"
"50068460000";"2170800";"3296";"360118.2"
"50069539000";"2170800";"3296";"360126.1"
"50070620000";"2199000";"3296";"360134.1"
"50071963000";"2199000";"3296";"360142.4"
"50073052000";"2199000";"3296";"360150.3"
"50074131000";"2199000";"3296";"360158.3"
"50075212000";"2199000";"3296";"360166.2"
"50076291000";"2199000";"3296";"360174.6"
"50077634000";"2199000";"3296";"360182.5"
"50078715000";"2125500";"3296";"360190.8"
"50079795000";"2125500";"3296";"360198.8"
"50080874000";"2125500";"3296";"360206.7"
"50081953000";"2125500";"3296";"360214.7"
"50083302000";"2125500";"3296";"360224.5"
"50084382000";"2125500";"3296";"360232.5"
"50085461000";"2228200";"3296";"360240.5"
"50086541000";"2228200";"3296";"360248.8"
"50087621000";"2228200";"3296";"360256.7"
"50088963000";"2228200";"3297";"360265.1"
"50090042000";"2228200";"3296";"360273.0"
"50091123000";"2228200";"3296";"360281.0"
"50092203000";"2228200";"3296";"360289.3"
"50093289000";"2198800";"3296";"360297.2"
"50094632000";"2198800";"3296";"360305.6"
"50095712000";"2198800";"3296";"360313.5"
"50096792000";"2198800";"3296";"360321.5"
"50097872000";"2198800";"3296";"360329.4"
"50098951000";"2198800";"3296";"360337.4"
"50100294000";"2198800";"3296";"360345.7"
"50101374000";"2113900";"3296";"360353.6"
"50102454000";"2113900";"3296";"360361.6"
"50103540000";"2113900";"3297";"360369.9"
"50104620000";"2113900";"3297";"360377.9"
"50105962000";"2113900";"3297";"360387.7"
"50107042000";"2113900";"3297";"360395.7"
"50108122000";"2244700";"3297";"360403.6"
"50109202000";"2244700";"3297";"360412.0"
"50110282000";"2244700";"3297";"360419.9"
"50111624000";"2244700";"3297";"360428.2"
"50112704000";"2244700";"3297";"360436.2"
"50113790000";"2244700";"3297";"360444.1"
"50114875000";"2244700";"3297";"360452.1"
"50115955000";"2182500";"3297";"360460.0"
"50117298000";"2182500";"3297";"360468.4"
"50118378000";"2182500";"3297";"360476.3"
"50119459000";"2182500";"3297";"360484.7"
"50120538000";"2182500";"3297";"360492.6"
"50121617000";"2182500";"3297";"360500.6"
"50122965000";"2182500";"3297";"360508.9"
"50124046000";"2126700";"3297";"360516.8"
"50125125000";"2126700";"3297";"360525.2"
"50126205000";"2126700";"3297";"360533.1"
"50127285000";"2126700";"3297";"360541.1"
"50128628000";"2126700";"3297";"360549.4"
"50129709000";"2126700";"3297";"360557.3"
"50130789000";"2126700";"3297";"360565.7"
"50131869000";"2199900";"3297";"360573.6"
"50132954000";"2199900";"3297";"360581.6"
"50134297000";"2199900";"3297";"360589.9"
"50135377000";"2199900";"3296";"360597.9"
"50136457000";"2199900";"3296";"360606.2"
"50137537000";"2199900";"3296";"360614.1"
"50138617000";"2199900";"3296";"360622.1"
"50139959000";"2126900";"3297";"360630.4"
"50141040000";"2126900";"3297";"360638.4"
"50142120000";"2126900";"3297";"360646.3"
"50143205000";"2126900";"3297";"360654.3"
"50144286000";"2126900";"3297";"360662.6"
"50145628000";"2126900";"3297";"360672.1"
"50146709000";"2244300";"3297";"360680.4"
"50147788000";"2244300";"3297";"360688.3"
"50148869000";"2244300";"3297";"360696.3"
"50149948000";"2244300";"3296";"360704.3"
"50151292000";"2244300";"3296";"360714.1"
"50152373000";"2244300";"3296";"360722.1"
"50153458000";"2227200";"3296";"360730.0"
"50154538000";"2227200";"3296";"360738.0"
"50155619000";"2227200";"3296";"360745.9"
"50156966000";"2227200";"3296";"360754.2"
"50158046000";"2227200";"3296";"360762.2"
"50159126000";"2227200";"3296";"360770.5"
"50160206000";"2227200";"3296";"360778.5"
"50161285000";"2184100";"3296";"360786.4"
"50162629000";"2184100";"3296";"360794.7"
"50163714000";"2184100";"3296";"360802.7"
"50164793000";"2184100";"3296";"360810.6"
"50165873000";"2184100";"3296";"360818.6"
"50166953000";"2184100";"3296";"360826.9"
"50168296000";"2184100";"3296";"360835.2"
"50169376000";"2126900";"3296";"360843.2"
"50170455000";"2126900";"3296";"360851.2"
"50171534000";"2126900";"3296";"360859.1"
"50172615000";"2126900";"3296";"360867.4"
"50173962000";"2126900";"3296";"360875.4"
"50175042000";"2126900";"3296";"360883.7"
"50176122000";"2126900";"3296";"360891.7"
"50177202000";"2184300";"3296";"360899.6"
"50178282000";"2184300";"3296";"360907.6"
"50179625000";"2184300";"3297";"360917.4"
"50180705000";"2184300";"3297";"360925.4"
"50181786000";"2184300";"3297";"360933.3"
"50182871000";"2184300";"3297";"360941.3"
"50183952000";"2227200";"3297";"360949.2"
"50185294000";"2227200";"3297";"360959.1"
"50186374000";"2227200";"3297";"360967.0"
"50187454000";"2227200";"3297";"360975.4"
"50188533000";"2227200";"3297";"360983.3"
"50189614000";"2227200";"3297";"360991.3"
"50190956000";"2244400";"3297";"361001.1"
"50192035000";"2244400";"3297";"361009.1"
"50193121000";"2244400";"3297";"361017.0"
"50194201000";"2244400";"3297";"361025.0"
"50195281000";"2244400";"3297";"361032.9"
"50196624000";"2244400";"3297";"361042.8"
"50197705000";"2227600";"3297";"361050.7"
"50198789000";"2227600";"3296";"361058.7"
"50199868000";"2227600";"3296";"361066.6"
"50200949000";"2227600";"3296";"361074.9"
"50202291000";"2227600";"3297";"361082.9"
"50203377000";"2227600";"3297";"361091.2"
"50204456000";"2227600";"3297";"361099.2"
"50205536000";"2183000";"3297";"361107.1"
"50206615000";"2183000";"3297";"361115.1"
"50207958000";"2183000";"3297";"361123.8"
"50209038000";"2183000";"3297";"361131.7"
"50210119000";"2183000";"3297";"361139.7"
"50211198000";"2183000";"3297";"361147.6"
"50212278000";"2183000";"3297";"361156.0"
"50213625000";"2127000";"3297";"361163.9"
"50214705000";"2127000";"3297";"361172.2"
"50215785000";"2127000";"3297";"361180.2"
"50216865000";"2127000";"3297";"361188.1"
"50217945000";"2127000";"3297";"361196.1"
"50219287000";"2127000";"3297";"361204.4"
"50220367000";"2127000";"3297";"361212.4"
"50221447000";"2185700";"3297";"361220.3"
"50222526000";"2185700";"3297";"361228.3"
"50223612000";"2185700";"3297";"361236.6"
"50224954000";"2185700";"3297";"361246.1"
"50226035000";"2185700";"3297";"361254.4"
"50227115000";"2185700";"3297";"361262.4"
"50228195000";"2244500";"3297";"361270.3"
"50229275000";"2244500";"3297";"361278.3"
"50230618000";"2244500";"3297";"361286.6"
"50231698000";"2244500";"3297";"361294.5"
"50232778000";"2244500";"3297";"361302.9"
"50233863000";"2244500";"3297";"361310.8"
"50234944000";"2244500";"3297";"361318.8"
"50236286000";"2126700";"3297";"361327.1"
"50237366000";"2126700";"3297";"361335.0"
"50238445000";"2126700";"3297";"361343.0"
"50239525000";"2126700";"3297";"361350.9"
"50240610000";"2126700";"3297";"361358.9"
"50241953000";"2126700";"3297";"361367.2"
"50243038000";"2126700";"3297";"361375.6"
"50244119000";"2182600";"3297";"361383.5"
"50245198000";"2182600";"3296";"361391.5"
"50246278000";"2182600";"3297";"361399.4"
"50247621000";"2182600";"3297";"361408.1"
"50248701000";"2182600";"3297";"361416.1"
"50249781000";"2182600";"3297";"361424.0"
"50250861000";"2182600";"3297";"361432.0"
"50251942000";"2185200";"3297";"361439.9"
"50253291000";"2185200";"3297";"361449.8"
"50254371000";"2185200";"3297";"361457.7"
"50255451000";"2185200";"3297";"361465.7"
"50256531000";"2185200";"3297";"361473.6"
"50257611000";"2185200";"3297";"361482.0"
"50258953000";"2159900";"3297";"361489.9"
"50260033000";"2159900";"3297";"361498.2"
"50261113000";"2159900";"3297";"361506.2"
"50262193000";"2159900";"3297";"361514.1"
"50263279000";"2159900";"3297";"361522.1"
"50264622000";"2159900";"3297";"361530.4"
"50265703000";"2159900";"3297";"361538.4"
"50266784000";"2197900";"3297";"361546.7"
"50267864000";"2197900";"3297";"361554.6"
"50268943000";"2197900";"3297";"361562.6"
"50270286000";"2197900";"3297";"361570.9"
"50271366000";"2197900";"3297";"361579.2"
"50272446000";"2197900";"3297";"361587.2"
"50273532000";"2197900";"3297";"361595.1"
"50274611000";"2183900";"3297";"361603.1"
"50275955000";"2183900";"3297";"361611.4"
"50277034000";"2183900";"3297";"361619.4"
"50278113000";"2183900";"3297";"361627.3"
"50279193000";"2183900";"3297";"361635.3"
"50280273000";"2183900";"3297";"361643.2"
"50281615000";"2183900";"3297";"361651.6"
"50282700000";"2112900";"3296";"361659.5"
"50283786000";"2112900";"3296";"361667.8"
"50284866000";"2112900";"3297";"361675.8"
"50285946000";"2112900";"3297";"361683.7"
"50287290000";"2112900";"3297";"361692.1"
"50288369000";"2112900";"3297";"361700.0"
"50289449000";"2112900";"3297";"361708.3"
"50290529000";"2198300";"3297";"361716.3"
"50291610000";"2198300";"3296";"361724.2"
"50292958000";"2198300";"3296";"361732.6"
"50294038000";"2198300";"3296";"361740.5"
"50295118000";"2198300";"3296";"361748.9"
"50296197000";"2198300";"3296";"361756.8"
"50297277000";"2198300";"3296";"361764.8"
"50298620000";"2169700";"3296";"361774.2"
"50299699000";"2169700";"3297";"361782.6"
"50300779000";"2169700";"3297";"361790.5"
"50301859000";"2169700";"3297";"361798.5"
"50302945000";"2169700";"3297";"361806.4"
"50304288000";"2169700";"3296";"361814.7"
"50305368000";"2169700";"3296";"361822.7"
"50306447000";"2198800";"3297";"361831.0"
"50307527000";"2198800";"3297";"361839.0"
"50308607000";"2198800";"3296";"361846.9"
"50309950000";"2198800";"3296";"361855.2"
"50311031000";"2198800";"3297";"361863.2"
"50312111000";"2198800";"3297";"361871.5"
"50313196000";"2198800";"3297";"361879.5"
"50314276000";"2183500";"3297";"361887.4"
"50315618000";"2183500";"3296";"361895.8"
"50316697000";"2183500";"3296";"361903.7"
"50317777000";"2183500";"3296";"361911.7"
"50318857000";"2183500";"3296";"361919.6"
"50319937000";"2183500";"3296";"361927.6"
"50321280000";"2183500";"3296";"361935.9"
"50322360000";"2114300";"3296";"361943.8"
"50323445000";"2114300";"3296";"361951.8"
"50324531000";"2114300";"3296";"361960.1"
"50325611000";"2114300";"3296";"361968.1"
"50326953000";"2114300";"3297";"361976.4"
"50328033000";"2114300";"3296";"361984.3"
"50329113000";"2114300";"3296";"361992.7"
"50330192000";"2197400";"3296";"362000.6"
"50331272000";"2197400";"3297";"362008.6"
"50332615000";"2197400";"3297";"362018.4"
"50333701000";"2197400";"3296";"362026.4"
"50334781000";"2197400";"3296";"362034.3"
"50335861000";"2197400";"3296";"362042.3"
"50336942000";"2227200";"3296";"362050.2"
"50338284000";"2227200";"3296";"362058.6"
"50339364000";"2227200";"3296";"362066.5"
"50340444000";"2227200";"3296";"362074.8"
"50341524000";"2227200";"3296";"362082.8"
"50342603000";"2227200";"3296";"362090.7"
"50343952000";"2227200";"3296";"362099.1"
"50345031000";"2127000";"3296";"362107.0"
"50346111000";"2127000";"3296";"362115.0"
"50347191000";"2127000";"3296";"362123.3"
"50348271000";"2127000";"3297";"362131.3"
"50349613000";"2127000";"3297";"362139.6"
"50350693000";"2127000";"3297";"362147.5"
"50351772000";"2127000";"3297";"362155.5"
"50352857000";"2184400";"3297";"362163.4"
"50353937000";"2184400";"3297";"362171.4"
"50355279000";"2184400";"3297";"362179.7"
"50356359000";"2184400";"3297";"362188.0"
"50357438000";"2184400";"3297";"362196.0"
"50358519000";"2184400";"3297";"362203.9"
"50359598000";"2184400";"3297";"362211.9"
"50360940000";"2128900";"3297";"362220.2"
"50362020000";"2128900";"3297";"362228.2"
"50363105000";"2128900";"3297";"362236.1"
"50364185000";"2128900";"3297";"362244.5"
"50365265000";"2128900";"3297";"362252.4"
"50366614000";"2128900";"3297";"362260.7"
"50367693000";"2128900";"3297";"362268.7"
"50368773000";"2182300";"3296";"362276.6"
"50369854000";"2182300";"3296";"362285.0"
"50370933000";"2182300";"3296";"362292.9"
"50372275000";"2182300";"3296";"362301.2"
"50373360000";"2182300";"3296";"362309.2"
"50374440000";"2182300";"3296";"362317.1"
"50375520000";"2182300";"3296";"362325.1"
"50376601000";"2184100";"3296";"362333.0"
"50377944000";"2184100";"3296";"362341.4"
"50379024000";"2184100";"3296";"362349.3"
"50380105000";"2184100";"3296";"362357.3"
"50381185000";"2184100";"3296";"362365.6"
"50382265000";"2184100";"3296";"362373.6"
"50383614000";"2184100";"3296";"362381.9"
"50384694000";"2126000";"3297";"362389.8"
"50385774000";"2126000";"3296";"362397.8"
"50386854000";"2126000";"3297";"362405.7"
"50387934000";"2126000";"3297";"362414.1"
"50389278000";"2126000";"3297";"362422.4"
"50390359000";"2126000";"3297";"362430.3"
"50391438000";"2126000";"3297";"362438.3"
"50392518000";"2199800";"3297";"362446.6"
"50393604000";"2199800";"3297";"362454.6"
"50394946000";"2199800";"3297";"362462.9"
"50396026000";"2199800";"3297";"362470.8"
"50397106000";"2199800";"3297";"362478.8"
"50398186000";"2199800";"3297";"362486.8"
"50399266000";"2199800";"3297";"362494.7"
"50400608000";"2112600";"3297";"362503.0"
"50401689000";"2112600";"3297";"362511.0"
"50402769000";"2112600";"3297";"362518.9"
"50403854000";"2112600";"3297";"362527.3"
"50404935000";"2112600";"3297";"362535.2"
"50406277000";"2112600";"3297";"362543.5"
"50407358000";"2112600";"3297";"362551.5"
"50408442000";"2182300";"3297";"362559.4"
"50409522000";"2182300";"3297";"362567.8"
"50410601000";"2182300";"3297";"362575.7"
"50411944000";"2182300";"3297";"362584.0"
"50413029000";"2182300";"3297";"362592.0"
"50414110000";"2182300";"3297";"362600.3"
"50415190000";"2182300";"3297";"362608.3"
"50416270000";"2198500";"3297";"362616.2"
"50417612000";"2198500";"3297";"362626.1"
"50418693000";"2198500";"3297";"362634.0"
"50419772000";"2198500";"3298";"362642.0"
"50420852000";"2198500";"3298";"362649.9"
"50421932000";"2198500";"3297";"362657.9"
"50423281000";"2225800";"3297";"362667.7"
"50424361000";"2225800";"3297";"362675.7"
"50425440000";"2225800";"3297";"362683.6"
"50426521000";"2225800";"3298";"362691.6"
"50427601000";"2225800";"3298";"362699.9"
"50428944000";"2225800";"3298";"362708.2"
"50430024000";"2225800";"3298";"362716.2"
"50431104000";"2185500";"3297";"362724.1"
"50432183000";"2185500";"3298";"362732.5"
"50433269000";"2185500";"3298";"362740.4"
"50434612000";"2185500";"3298";"362748.8"
"50435692000";"2185500";"3298";"362756.7"
"50436771000";"2185500";"3298";"362764.7"
"50437852000";"2185500";"3298";"362772.6"
"50438931000";"2183900";"3297";"362780.6"
"50440274000";"2183900";"3297";"362788.9"
"50441354000";"2183900";"3297";"362796.8"
"50442433000";"2183900";"3297";"362804.8"
"50443520000";"2183900";"3297";"362813.1"
"50444599000";"2183900";"3297";"362821.1"
"50445942000";"2183900";"3297";"362829.4"
"50447022000";"2126900";"3297";"362837.3"
"50448102000";"2126900";"3297";"362845.7"
"50449182000";"2126900";"3297";"362853.6"
"50450267000";"2126900";"3297";"362861.6"
"50451609000";"2126900";"3297";"362869.9"
"50452689000";"2126900";"3297";"362877.9"
"50453774000";"2126900";"3297";"362885.8"
"50454853000";"2182800";"3297";"362893.8"
"50455934000";"2182800";"3297";"362902.1"
"50457277000";"2182800";"3297";"362910.0"
"50458357000";"2182800";"3297";"362918.4"
"50459436000";"2182800";"3298";"362926.3"
"50460517000";"2182800";"3298";"362934.3"
"50461597000";"2182800";"3298";"362942.2"
"50462945000";"2126500";"3298";"362950.5"
"50464025000";"2126500";"3298";"362958.5"
"50465104000";"2126500";"3297";"362966.4"
"50466183000";"2126500";"3297";"362974.4"
"50467264000";"2126500";"3297";"362982.7"
"50468608000";"2126500";"3297";"362991.1"
"50469688000";"2126500";"3297";"362999.0"
"50470768000";"2185300";"3297";"363007.0"
"50471847000";"2185300";"3297";"363014.9"
"50472933000";"2185300";"3297";"363022.9"
"50474276000";"2185300";"3297";"363031.2"
"50475356000";"2185300";"3297";"363039.1"
"50476436000";"2185300";"3297";"363047.1"
"50477516000";"2185300";"3297";"363055.4"
"50478597000";"2183500";"3297";"363063.4"
"50479939000";"2183500";"3297";"363071.7"
"50481020000";"2183500";"3297";"363079.6"
"50482100000";"2183500";"3297";"363087.6"
"50483185000";"2183500";"3297";"363095.5"
"50484265000";"2183500";"3297";"363103.5"
"50485609000";"2183500";"3297";"363111.8"
"50486689000";"2126400";"3297";"363120.2"
"50487769000";"2126400";"3297";"363128.1"
"50488849000";"2126400";"3297";"363136.1"
"50489929000";"2126400";"3297";"363144.0"
"50491271000";"2126400";"3297";"363152.3"
"50492356000";"2126400";"3297";"363160.7"
"50493442000";"2126400";"3297";"363168.6"
"50494521000";"2182600";"3297";"363176.6"
"50495600000";"2182600";"3297";"363184.5"
"50496943000";"2182600";"3297";"363192.8"
"50498023000";"2182600";"3297";"363200.8"
"50499102000";"2182600";"3297";"363208.7"
"50500182000";"2182600";"3297";"363216.7"
"50501261000";"2182600";"3297";"363224.6"
"50502603000";"2114800";"3297";"363233.0"
"50503689000";"2114800";"3297";"363240.9"
"50504768000";"2114800";"3297";"363248.9"
"50505849000";"2114800";"3297";"363256.8"
"50506928000";"2114800";"3297";"363265.2"
"50508271000";"2114800";"3297";"363273.5"
"50509351000";"2114800";"3297";"363281.4"
"50510430000";"2184100";"3297";"363289.4"
"50511511000";"2184100";"3297";"363297.7"
"50512591000";"2184100";"3297";"363305.7"
"50513939000";"2184100";"3297";"363314.0"
"50515019000";"2184100";"3297";"363321.9"
"50516099000";"2184100";"3297";"363329.9"
"50517180000";"2184100";"3297";"363337.8"
"50518259000";"2183500";"3297";"363345.8"
"50519601000";"2183500";"3297";"363355.6"
"50520682000";"2183500";"3297";"363363.6"
"50521761000";"2183500";"3297";"363371.5"
"50522841000";"2183500";"3297";"363379.5"
"50523926000";"2183500";"3297";"363387.5"
"50525269000";"2226200";"3297";"363397.3"
"50526349000";"2226200";"3297";"363405.2"
"50527429000";"2226200";"3297";"363413.2"
"50528509000";"2226200";"3297";"363421.5"
"50529588000";"2226200";"3297";"363429.5"
"50530930000";"2226200";"3297";"363437.8"
"50532010000";"2226200";"3297";"363445.8"
"50533096000";"2184300";"3297";"363453.7"
"50534180000";"2184300";"3297";"363462.0"
"50535259000";"2184300";"3297";"363470.0"
"50536602000";"2184300";"3297";"363479.5"
"50537683000";"2184300";"3297";"363487.4"
"50538763000";"2184300";"3297";"363495.7"
"50539843000";"2244900";"3297";"363503.7"
"50540922000";"2244900";"3297";"363511.7"
"50542265000";"2244900";"3297";"363521.1"
"50543351000";"2244900";"3297";"363529.4"
"50544431000";"2244900";"3297";"363537.4"
"50545511000";"2244900";"3297";"363545.4"
"50546590000";"2228200";"3297";"363553.3"
"50547933000";"2228200";"3297";"363561.6"
"50549013000";"2228200";"3297";"363569.6"
"50550093000";"2228200";"3297";"363577.9"
"50551173000";"2228200";"3297";"363585.9"
"50552253000";"2228200";"3297";"363593.8"
"50553601000";"2228200";"3297";"363602.1"
"50554681000";"2126500";"3297";"363610.1"
"50555761000";"2126500";"3297";"363618.0"
"50556841000";"2126500";"3297";"363626.0"
"50557921000";"2126500";"3297";"363633.9"
"50559264000";"2126500";"3297";"363643.8"
"50560344000";"2126500";"3296";"363651.7"
"50561424000";"2229500";"3296";"363659.7"
"50562505000";"2229500";"3296";"363667.6"
"50563590000";"2229500";"3296";"363676.0"
"50564933000";"2229500";"3296";"363684.3"
"50566012000";"2229500";"3297";"363692.3"
"50567091000";"2229500";"3297";"363700.2"
"50568171000";"2229500";"3296";"363708.2"
"50569251000";"2198700";"3296";"363716.5"
"50570594000";"2198700";"3296";"363724.8"
"50571674000";"2198700";"3296";"363732.8"
"50572754000";"2198700";"3296";"363740.7"
"50573839000";"2198700";"3296";"363748.7"
"50574919000";"2198700";"3296";"363756.6"
"50576266000";"2198700";"3296";"363764.9"
"50577346000";"2111400";"3296";"363772.9"
"50578426000";"2111400";"3296";"363780.8"
"50579506000";"2111400";"3296";"363788.8"
"50580586000";"2111400";"3296";"363797.1"
"50581929000";"2111400";"3296";"363805.1"
"50583015000";"2111400";"3296";"363813.4"
"50584094000";"2111400";"3296";"363821.4"
"50585173000";"2184100";"3296";"363829.3"
"50586254000";"2184100";"3296";"363837.3"
"50587597000";"2184100";"3296";"363847.1"
"50588676000";"2184100";"3296";"363855.1"
"50589756000";"2184100";"3296";"363863.4"
"50590836000";"2184100";"3296";"363871.3"
"50591915000";"2246800";"3296";"363879.3"
"50593264000";"2246800";"3296";"363887.6"
"50594344000";"2246800";"3296";"363895.6"
"50595424000";"2246800";"3296";"363903.5"
"50596505000";"2246800";"3296";"363911.5"
"50597584000";"2246800";"3296";"363919.4"
"50598927000";"2246800";"3296";"363927.7"
"50600007000";"2112200";"3296";"363935.7"
"50601087000";"2112200";"3296";"363944.0"
"50602167000";"2112200";"3296";"363952.0"
"50603252000";"2112200";"3296";"363959.9"
"50604595000";"2112200";"3296";"363968.3"
"50605675000";"2112200";"3296";"363976.2"
"50606755000";"2112200";"3296";"363984.2"
"50607836000";"2198300";"3296";"363992.5"
"50608915000";"2198300";"3296";"364000.4"
"50610257000";"2198300";"3296";"364008.8"
"50611337000";"2198300";"3296";"364016.7"
"50612417000";"2198300";"3296";"364024.7"
"50613503000";"2198300";"3296";"364032.6"
"50614583000";"2198300";"3296";"364041.0"
"50615926000";"2112600";"3296";"364048.9"
"50617006000";"2112600";"3296";"364056.8"
"50618092000";"2112600";"3296";"364065.2"
"50619171000";"2112600";"3296";"364073.1"
"50620252000";"2112600";"3296";"364081.1"
"50621594000";"2112600";"3296";"364089.4"
"50622673000";"2112600";"3296";"364097.4"
"50623758000";"2182600";"3296";"364105.3"
"50624838000";"2182600";"3296";"364113.3"
"50625918000";"2182600";"3296";"364121.2"
"50627261000";"2182600";"3296";"364129.5"
"50628342000";"2182600";"3296";"364137.9"
"50629422000";"2182600";"3296";"364145.8"
"50630502000";"2182600";"3296";"364153.8"
"50631582000";"2185000";"3296";"364161.7"
"50632930000";"2185000";"3296";"364170.0"
"50634010000";"2185000";"3296";"364178.0"
"50635089000";"2185000";"3296";"364185.9"
"50636169000";"2185000";"3297";"364194.3"
"50637249000";"2185000";"3297";"364202.2"
"50638592000";"2160500";"3297";"364211.7"
"50639671000";"2160500";"3297";"364219.6"
"50640752000";"2160500";"3296";"364227.6"
"50641832000";"2160500";"3297";"364235.9"
"50642917000";"2160500";"3296";"364243.9"
"50644261000";"2160500";"3297";"364252.2"
"50645340000";"2160500";"3296";"364260.2"
"50646419000";"2183900";"3296";"364268.1"
"50647500000";"2183900";"3296";"364276.1"
"50648579000";"2183900";"3296";"364284.4"
"50649921000";"2183900";"3296";"364294.2"
"50651002000";"2183900";"3296";"364302.2"
"50652082000";"2183900";"3296";"364310.1"
"50653168000";"2244700";"3297";"364318.1"
"50654247000";"2244700";"3297";"364326.0"
"50655589000";"2244700";"3297";"364335.9"
"50656668000";"2244700";"3297";"364343.8"
"50657748000";"2244700";"3297";"364351.8"
"50658828000";"2244700";"3297";"364359.7"
"50659913000";"2228600";"3297";"364367.7"
"50661256000";"2228600";"3297";"364376.0"
"50662337000";"2228600";"3297";"364384.0"
"50663423000";"2228600";"3297";"364391.9"
"50664503000";"2228600";"3297";"364399.9"
"50665584000";"2228600";"3297";"364408.2"
"50666925000";"2159500";"3297";"364417.7"
"50668005000";"2159500";"3297";"364426.0"
"50669085000";"2159500";"3297";"364434.0"
"50670165000";"2159500";"3297";"364441.9"
"50671245000";"2159500";"3297";"364449.9"
"50672588000";"2159500";"3297";"364459.7"
"50673673000";"2244700";"3297";"364467.7"
"50674753000";"2244700";"3297";"364476.0"
"50675834000";"2244700";"3297";"364483.9"
"50676913000";"2244700";"3297";"364491.9"
"50678256000";"2244700";"3297";"364500.2"
"50679335000";"2244700";"3297";"364508.2"
"50680415000";"2244700";"3297";"364516.1"
"50681495000";"2185500";"3297";"364524.1"
"50682574000";"2185500";"3297";"364532.0"
"50683923000";"2185500";"3297";"364540.3"
"50685004000";"2185500";"3297";"364548.3"
"50686083000";"2185500";"3297";"364556.6"
"50687163000";"2185500";"3297";"364564.6"
"50688243000";"2185500";"3297";"364572.5"
"50689585000";"2126900";"3297";"364580.9"
"50690666000";"2126900";"3297";"364588.8"
"50691746000";"2126900";"3297";"364597.1"
"50692826000";"2126900";"3297";"364605.1"
"50693912000";"2126900";"3297";"364613.0"
"50695255000";"2126900";"3297";"364622.5"
"50696335000";"2244300";"3297";"364630.8"
"50697416000";"2244300";"3297";"364638.8"
"50698496000";"2244300";"3297";"364646.8"
"50699575000";"2244300";"3297";"364654.7"
"50700917000";"2244300";"3297";"364663.0"
"50702002000";"2244300";"3297";"364671.0"
"50703088000";"2244300";"3297";"364678.9"
"50704168000";"2167700";"3297";"364686.9"
"50705247000";"2167700";"3297";"364694.8"
"50706590000";"2167700";"3297";"364704.7"
"50707670000";"2167700";"3297";"364712.6"
"50708750000";"2167700";"3297";"364720.6"
"50709829000";"2167700";"3297";"364728.9"
"50710909000";"2247100";"3297";"364736.9"
"50712252000";"2247100";"3297";"364745.2"
"50713337000";"2247100";"3297";"364753.1"
"50714417000";"2247100";"3297";"364761.1"
"50715497000";"2247100";"3297";"364769.0"
"50716577000";"2247100";"3297";"364777.0"
"50717920000";"2247100";"3297";"364785.3"
"50719001000";"2112100";"3297";"364793.3"
"50720081000";"2112100";"3297";"364801.2"
"50721162000";"2112100";"3297";"364809.6"
"50722241000";"2112100";"3297";"364817.5"
"50723589000";"2112100";"3297";"364827.0"
"50724670000";"2112100";"3297";"364835.3"
"50725749000";"2244700";"3297";"364843.3"
"50726829000";"2244700";"3297";"364851.2"
"50727908000";"2244700";"3297";"364859.2"
"50729251000";"2244700";"3297";"364867.5"
"50730331000";"2244700";"3297";"364875.8"
"50731411000";"2244700";"3297";"364883.8"
"50732492000";"2244700";"3297";"364891.7"
"50733577000";"2183900";"3297";"364899.7"
"50734919000";"2183900";"3297";"364908.0"
"50735999000";"2183900";"3296";"364915.9"
"50737080000";"2183900";"3296";"364923.9"
"50738160000";"2183900";"3296";"364931.8"
"50739240000";"2183900";"3296";"364939.8"
"50740583000";"2183900";"3296";"364948.1"
"50741664000";"2127900";"3296";"364956.5"
"50742743000";"2127900";"3297";"364964.4"
"50743833000";"2127900";"3297";"364972.4"
"50744913000";"2127900";"3297";"364980.3"
"50746255000";"2127900";"3297";"364988.6"
"50747336000";"2127900";"3297";"364996.6"
"50748416000";"2127900";"3297";"365004.9"
"50749496000";"2182600";"3297";"365012.9"
"50750576000";"2182600";"3297";"365020.8"
"50751918000";"2182600";"3297";"365030.7"
"50753004000";"2182600";"3296";"365038.6"
"50754085000";"2182600";"3296";"365046.6"
"50755165000";"2182600";"3296";"365054.5"
"50756245000";"2244300";"3296";"365062.9"
"50757587000";"2244300";"3296";"365070.8"
"50758667000";"2244300";"3296";"365078.7"
"50759747000";"2244300";"3296";"365086.7"
"50760827000";"2244300";"3296";"365095.0"
"50761907000";"2244300";"3296";"365103.0"
"50763255000";"2244300";"3296";"365111.3"
"50764336000";"2112600";"3296";"365119.3"
"50765415000";"2112600";"3296";"365127.2"
"50766495000";"2112600";"3296";"365135.2"
"50767575000";"2112600";"3296";"365143.5"
"50768917000";"2112600";"3296";"365151.8"
"50769998000";"2112600";"3296";"365159.8"
"50771078000";"2112600";"3296";"365167.7"
"50772157000";"2185700";"3296";"365175.7"
"50773243000";"2185700";"3296";"365184.0"
"50774586000";"2185700";"3296";"365191.9"
"50775666000";"2185700";"3297";"365200.3"
"50776745000";"2185700";"3297";"365208.2"
"50777825000";"2185700";"3297";"365216.2"
"50778906000";"2185700";"3297";"365224.1"
"50780249000";"2169400";"3297";"365233.6"
"50781329000";"2169400";"3297";"365241.9"
"50782409000";"2169400";"3297";"365249.9"
"50783493000";"2169400";"3297";"365257.8"
"50784573000";"2169400";"3297";"365265.8"
"50785921000";"2169400";"3297";"365274.1"
"50787001000";"2169400";"3297";"365282.1"
"50788080000";"2182800";"3297";"365290.0"
"50789160000";"2182800";"3297";"365298.3"
"50790240000";"2182800";"3297";"365306.3"
"50791583000";"2182800";"3297";"365316.1"
"50792663000";"2182800";"3297";"365324.1"
"50793749000";"2182800";"3297";"365332.0"
"50794829000";"2244500";"3297";"365340.0"
"50795909000";"2244500";"3297";"365347.9"
"50797253000";"2244500";"3297";"365356.3"
"50798332000";"2244500";"3297";"365364.2"
"50799413000";"2244500";"3297";"365372.2"
"50800493000";"2244500";"3297";"365380.1"
"50801573000";"2244500";"3297";"365388.5"
"50802921000";"2169200";"3297";"365397.9"
"50804000000";"2169200";"3297";"365405.9"
"50805080000";"2169200";"3297";"365413.8"
"50806161000";"2169200";"3297";"365422.2"
"50807241000";"2169200";"3297";"365430.1"
"50808583000";"2169200";"3297";"365440.0"
"50809664000";"2246600";"3297";"365447.9"
"50810743000";"2246600";"3297";"365455.9"
"50811823000";"2246600";"3297";"365463.8"
"50812908000";"2246600";"3297";"365472.1"
"50814251000";"2246600";"3297";"365480.5"
"50815331000";"2246600";"3298";"365488.4"
"50816410000";"2246600";"3298";"365496.4"
"50817490000";"2184300";"3298";"365504.3"
"50818569000";"2184300";"3298";"365512.3"
"50819913000";"2184300";"3298";"365522.1"
"50820993000";"2184300";"3298";"365530.1"
"50822073000";"2184300";"3298";"365538.0"
"50823158000";"2184300";"3298";"365546.0"
"50824238000";"2227800";"3298";"365553.9"
"50825580000";"2227800";"3298";"365563.8"
"50826660000";"2227800";"3298";"365571.7"
"50827744000";"2227800";"3298";"365579.7"
"50828825000";"2227800";"3297";"365587.6"
"50829904000";"2227800";"3297";"365596.0"
"50831248000";"2176800";"3297";"365604.3"
"50832328000";"2176800";"3297";"365612.2"
"50833414000";"2176800";"3297";"365620.2"
"50834494000";"2176800";"3297";"365628.1"
"50835573000";"2176800";"3297";"365636.1"
"50836916000";"2176800";"3297";"365644.4"
"50837995000";"2176800";"3297";"365652.4"
"50839075000";"2169100";"3297";"365660.3"
"50840156000";"2169100";"3297";"365668.7"
"50841236000";"2169100";"3297";"365676.6"
"50842579000";"2169100";"3297";"365684.9"
"50843664000";"2169100";"3297";"365692.9"
"50844745000";"2169100";"3297";"365700.8"
"50845825000";"2169100";"3297";"365708.8"
"50846905000";"2183400";"3297";"365716.7"
"50848248000";"2183400";"3297";"365725.1"
"50849328000";"2183400";"3297";"365733.4"
"50850407000";"2183400";"3297";"365741.3"
"50851486000";"2183400";"3297";"365749.3"
"50852567000";"2183400";"3297";"365757.2"
"50853915000";"2183400";"3297";"365765.6"
"50854996000";"2141000";"3297";"365773.9"
"50856076000";"2141000";"3297";"365781.9"
"50857155000";"2141000";"3297";"365789.8"
"50858235000";"2141000";"3297";"365797.8"
"50859578000";"2141000";"3297";"365806.1"
"50860658000";"2141000";"3297";"365814.0"
"50861738000";"2141000";"3297";"365822.0"
"50862817000";"2170900";"3297";"365829.9"
"50863903000";"2170900";"3297";"365837.9"
"50865247000";"2170900";"3297";"365846.2"
"50866326000";"2170900";"3297";"365854.2"
"50867406000";"2170900";"3297";"365862.1"
"50868486000";"2170900";"3297";"365870.4"
"50869571000";"2170900";"3297";"365878.4"
"50870913000";"2125500";"3296";"365886.7"
"50871994000";"2125500";"3296";"365894.7"
"50873079000";"2125500";"3296";"365903.0"
"50874160000";"2125500";"3296";"365911.0"
"50875239000";"2125500";"3296";"365918.9"
"50876583000";"2125500";"3296";"365927.2"
"50877662000";"2125500";"3296";"365935.2"
"50878742000";"2183500";"3296";"365943.1"
"50879822000";"2183500";"3296";"365951.1"
"50880903000";"2183500";"3296";"365959.0"
"50882246000";"2183500";"3296";"365967.4"
"50883332000";"2183500";"3296";"365975.3"
"50884412000";"2183500";"3296";"365983.6"
"50885491000";"2183500";"3296";"365991.6"
"50886571000";"2183500";"3296";"365999.5"
"50887914000";"2183500";"3296";"366007.9"
"50888994000";"2183500";"3296";"366015.8"
"50890074000";"2183500";"3296";"366023.8"
"50891154000";"2183500";"3296";"366032.1"
"50892234000";"2183500";"3296";"366040.1"
"50893583000";"2183500";"3296";"366048.4"
"50894663000";"2126500";"3297";"366056.3"
"50895742000";"2126500";"3297";"366064.3"
"50896821000";"2126500";"3296";"366072.2"
"50897902000";"2126500";"3296";"366080.2"
"50899245000";"2126500";"3296";"366088.5"
"50900325000";"2126500";"3296";"366096.5"
"50901406000";"2126500";"3296";"366104.4"
"50902485000";"2170600";"3296";"366112.4"
"50903571000";"2170600";"3296";"366120.3"
"50904913000";"2170600";"3296";"366128.6"
"50905993000";"2170600";"3296";"366137.0"
"50907072000";"2170600";"3296";"366144.9"
"50908151000";"2170600";"3296";"366152.9"
"50909230000";"2170600";"3296";"366160.8"
"50910574000";"2141500";"3296";"366169.5"
"50911659000";"2141500";"3296";"366177.5"
"50912739000";"2141500";"3296";"366185.4"
"50913824000";"2141500";"3296";"366193.4"
"50914903000";"2141500";"3296";"366201.3"
"50916246000";"2141500";"3296";"366209.7"
"50917326000";"2141500";"3296";"366217.6"
"50918406000";"2168100";"3296";"366225.6"
"50919486000";"2168100";"3296";"366233.9"
"50920566000";"2168100";"3296";"366241.8"
"50921908000";"2168100";"3296";"366250.2"
"50922994000";"2168100";"3296";"366258.1"
"50924074000";"2168100";"3296";"366266.1"
"50925153000";"2168100";"3296";"366274.0"
"50926234000";"2198700";"3296";"366282.4"
"50927575000";"2198700";"3296";"366291.8"
"50928656000";"2198700";"3296";"366300.1"
"50929737000";"2198700";"3296";"366308.1"
"50930816000";"2198700";"3296";"366316.1"
"50931896000";"2198700";"3296";"366324.0"
"50933244000";"2160100";"3296";"366332.3"
"50934325000";"2160100";"3296";"366340.7"
"50935405000";"2160100";"3296";"366348.6"
"50936485000";"2160100";"3296";"366356.6"
"50937565000";"2160100";"3296";"366364.5"
"50938908000";"2160100";"3296";"366372.8"
"50939988000";"2160100";"3296";"366380.8"
"50941068000";"2185200";"3296";"366388.7"
"50942148000";"2185200";"3296";"366396.7"
"50943233000";"2185200";"3296";"366404.6"
"50944576000";"2185200";"3296";"366413.0"
"50945656000";"2185200";"3296";"366421.3"
"50946736000";"2185200";"3296";"366429.2"
"50947815000";"2185200";"3296";"366437.2"
"50948894000";"2184300";"3296";"366445.2"
"50950238000";"2184300";"3296";"366453.5"
"50951317000";"2184300";"3296";"366461.8"
"50952398000";"2184300";"3296";"366469.8"
"50953488000";"2184300";"3296";"366477.7"
"50954568000";"2184300";"3296";"366485.7"
"50955911000";"2184300";"3296";"366494.0"
"50956991000";"2125200";"3296";"366501.9"
"50958071000";"2125200";"3296";"366509.9"
"50959150000";"2125200";"3296";"366518.2"
"50960230000";"2125200";"3296";"366526.2"
"50961573000";"2125200";"3296";"366534.5"
"50962653000";"2125200";"3296";"366542.4"
"50963738000";"2125200";"3296";"366550.4"
"50964818000";"2184100";"3296";"366558.4"
"50965898000";"2184100";"3296";"366566.3"
"50967241000";"2184100";"3296";"366574.6"
"50968321000";"2184100";"3296";"366582.6"
"50969401000";"2184100";"3296";"366590.9"
"50970480000";"2184100";"3296";"366598.9"
"50971560000";"2184100";"3296";"366606.8"
"50972909000";"2126700";"3296";"366615.1"
"50973989000";"2126700";"3296";"366623.1"
"50975069000";"2126700";"3296";"366631.4"
"50976149000";"2126700";"3296";"366639.4"
"50977230000";"2126700";"3296";"366647.3"
"50978573000";"2126700";"3296";"366655.6"
"50979653000";"2126700";"3296";"366663.6"
"50980733000";"2185000";"3296";"366671.5"
"50981813000";"2185000";"3296";"366679.5"
"50982898000";"2185000";"3296";"366687.5"
"50984241000";"2185000";"3296";"366695.8"
"50985321000";"2185000";"3296";"366703.7"
"50986401000";"2185000";"3296";"366712.1"
"50987482000";"2185000";"3296";"366720.0"
"50988561000";"2183900";"3296";"366728.0"
"50989904000";"2183900";"3296";"366736.3"
"50990984000";"2183900";"3296";"366744.6"
"50992064000";"2183900";"3296";"366752.6"
"50993150000";"2183900";"3296";"366760.5"
"50994229000";"2183900";"3296";"366768.5"
"50995577000";"2183900";"3296";"366776.8"
"50996657000";"2125300";"3296";"366784.7"
"50997737000";"2125300";"3296";"366793.1"
"50998817000";"2125300";"3296";"366801.0"
"50999898000";"2125300";"3296";"366809.0"
"51001241000";"2125300";"3296";"366817.3"
"51002321000";"2125300";"3296";"366825.3"
"51003406000";"2125300";"3296";"366833.2"
"51004486000";"2183500";"3296";"366841.2"
"51005566000";"2183500";"3296";"366849.1"
"51006909000";"2183500";"3296";"366857.4"
"51007989000";"2183500";"3296";"366865.8"
"51009068000";"2183500";"3296";"366873.7"
"51010149000";"2183500";"3296";"366881.7"
"51011228000";"2183500";"3296";"366890.0"
"51012572000";"2142300";"3296";"366898.3"
"51013657000";"2142300";"3296";"366906.3"
"51014736000";"2142300";"3296";"366914.2"
"51015816000";"2142300";"3296";"366922.2"
"51016896000";"2142300";"3296";"366930.1"
"51018238000";"2142300";"3296";"366938.5"
"51019318000";"2142300";"3296";"366946.4"
"51020398000";"2169500";"3296";"366954.4"
"51021478000";"2169500";"3296";"366962.3"
"51022559000";"2169500";"3296";"366970.6"
"51023907000";"2169500";"3296";"366979.0"
"51024988000";"2169500";"3296";"366986.9"
"51026067000";"2169500";"3296";"366994.9"
"51027147000";"2169500";"3296";"367002.8"
"51028227000";"2183500";"3296";"367010.8"
"51029570000";"2183500";"3297";"367019.5"
"51030650000";"2183500";"3297";"367027.4"
"51031730000";"2183500";"3297";"367035.4"
"51032810000";"2183500";"3297";"367043.3"
"51033895000";"2183500";"3297";"367051.7"
"51035239000";"2183500";"3297";"367059.6"
"51036319000";"2140800";"3297";"367067.9"
"51037404000";"2140800";"3297";"367075.9"
"51038484000";"2140800";"3297";"367083.8"
"51039564000";"2140800";"3297";"367091.8"
"51040906000";"2140800";"3297";"367100.1"
"51041985000";"2140800";"3297";"367108.1"
"51043070000";"2140800";"3297";"367116.4"
"51044151000";"2182800";"3297";"367124.3"
"51045230000";"2182800";"3297";"367132.3"
"51046572000";"2182800";"3297";"367140.6"
"51047652000";"2182800";"3297";"367148.6"
"51048732000";"2182800";"3297";"367156.9"
"51049811000";"2182800";"3297";"367164.9"
"51050892000";"2182800";"3297";"367172.8"
"51052234000";"2128600";"3297";"367181.1"
"51053321000";"2128600";"3297";"367189.1"
"51054401000";"2128600";"3297";"367197.4"
"51055481000";"2128600";"3297";"367205.4"
"51056561000";"2128600";"3297";"367213.3"
"51057904000";"2128600";"3297";"367223.2"
"51058984000";"2244300";"3297";"367231.1"
"51060064000";"2244300";"3297";"367239.1"
"51061144000";"2244300";"3297";"367247.0"
"51062225000";"2244300";"3297";"367255.0"
"51063573000";"2244300";"3297";"367263.3"
"51064654000";"2244300";"3297";"367271.2"
"51065733000";"2244300";"3297";"367279.6"
"51066813000";"2183500";"3297";"367287.5"
"51067893000";"2183500";"3297";"367295.5"
"51069237000";"2183500";"3297";"367303.8"
"51070316000";"2183500";"3297";"367312.1"
"51071397000";"2183500";"3297";"367320.1"
"51072477000";"2183500";"3297";"367328.0"
"51073562000";"2183500";"3297";"367336.0"
"51074905000";"2183500";"3297";"367345.8"
"51075984000";"2183500";"3297";"367353.8"
"51077065000";"2183500";"3297";"367361.7"
"51078145000";"2183500";"3297";"367370.1"
"51079229000";"2183500";"3297";"367378.0"
"51080572000";"2183500";"3297";"367386.4"
"51081651000";"2183500";"3297";"367394.3"
"51082731000";"2184400";"3297";"367402.3"
"51083816000";"2184400";"3297";"367410.2"
"51084896000";"2184400";"3297";"367418.2"
"51086240000";"2184400";"3297";"367426.5"
"51087319000";"2184400";"3297";"367434.8"
"51088399000";"2184400";"3297";"367442.8"
"51089479000";"2184400";"3297";"367450.7"
"51090559000";"2198700";"3297";"367459.1"
"51091902000";"2198700";"3297";"367467.4"
"51092988000";"2198700";"3297";"367475.3"
"51094068000";"2198700";"3297";"367483.7"
"51095148000";"2198700";"3297";"367491.6"
"51096229000";"2198700";"3297";"367499.6"
"51097571000";"2198700";"3297";"367507.9"
"51098650000";"2126500";"3297";"367515.8"
"51099731000";"2126500";"3297";"367523.8"
"51100810000";"2126500";"3296";"367531.7"
"51101890000";"2126500";"3296";"367539.7"
"51103239000";"2126500";"3296";"367548.0"
"51104320000";"2126500";"3296";"367556.3"
"51105399000";"2126500";"3296";"367564.3"
"51106480000";"2183500";"3296";"367572.2"
"51107559000";"2183500";"3296";"367580.2"
"51108902000";"2183500";"3296";"367588.5"
"51109982000";"2183500";"3296";"367596.9"
"51111062000";"2183500";"3296";"367604.8"
"51112142000";"2183500";"3296";"367612.8"
"51113227000";"2183500";"3296";"367621.1"
"51114570000";"2126900";"3296";"367629.0"
"51115650000";"2126900";"3296";"367637.4"
"51116730000";"2126900";"3296";"367645.3"
"51117810000";"2126900";"3296";"367653.3"
"51118890000";"2126900";"3296";"367661.2"
"51120233000";"2126900";"3296";"367669.5"
"51121318000";"2126900";"3296";"367677.5"
"51122398000";"2183900";"3296";"367685.4"
"51123483000";"2183900";"3296";"367693.8"
"51124563000";"2183900";"3296";"367701.7"
"51125907000";"2183900";"3297";"367711.6"
"51126986000";"2183900";"3297";"367719.5"
"51128067000";"2183900";"3297";"367727.5"
"51129146000";"2244500";"3297";"367735.4"
"51130227000";"2244500";"3297";"367743.8"
"51131570000";"2244500";"3297";"367752.1"
"51132650000";"2244500";"3297";"367760.0"
"51133735000";"2244500";"3297";"367768.0"
"51134815000";"2244500";"3297";"367775.9"
"51135895000";"2244500";"3297";"367784.3"
"51137237000";"2141000";"3297";"367792.6"
"51138317000";"2141000";"3297";"367800.5"
"51139397000";"2141000";"3297";"367808.5"
"51140477000";"2141000";"3297";"367816.5"
"51141557000";"2141000";"3297";"367824.4"
"51142905000";"2141000";"3297";"367832.7"
"51143984000";"2141000";"3297";"367840.7"
"51145065000";"2184100";"3297";"367849.0"
"51146145000";"2184100";"3297";"367857.0"
"51147224000";"2184100";"3297";"367864.9"
"51148566000";"2184100";"3297";"367873.2"
"51149646000";"2184100";"3297";"367881.2"
"51150726000";"2184100";"3297";"367889.5"
"51151806000";"2184100";"3297";"367897.5"
"51152891000";"2184300";"3297";"367905.4"
"51154234000";"2184300";"3296";"367913.7"
"51155315000";"2184300";"3296";"367922.1"
"51156395000";"2184300";"3296";"367930.0"
"51157475000";"2184300";"3297";"367938.0"
"51158556000";"2184300";"3297";"367945.9"
"51159898000";"2177600";"3297";"367955.8"
"51160977000";"2177600";"3297";"367963.7"
"51162058000";"2177600";"3297";"367971.7"
"51163148000";"2177600";"3297";"367979.6"
"51164228000";"2177600";"3297";"367987.6"
"51165571000";"2177600";"3297";"367995.9"
"51166650000";"2177600";"3297";"368003.9"
"51167731000";"2182500";"3297";"368012.2"
"51168810000";"2182500";"3297";"368020.1"
"51169890000";"2182500";"3297";"368028.1"
"51171233000";"2182500";"3297";"368036.4"
"51172314000";"2182500";"3297";"368044.8"
"51173401000";"2182500";"3297";"368052.7"
"51174480000";"2182500";"3297";"368060.7"
"51175560000";"2183700";"3297";"368068.6"
"51176903000";"2183700";"3297";"368076.9"
"51177983000";"2183700";"3297";"368084.9"
"51179062000";"2183700";"3297";"368093.2"
"51180142000";"2183700";"3297";"368101.2"
"51181222000";"2183700";"3297";"368109.1"
"51182565000";"2183700";"3297";"368117.4"
"51183651000";"2126700";"3297";"368125.4"
"51184731000";"2126700";"3297";"368133.7"
"51185810000";"2126700";"3297";"368141.7"
"51186890000";"2126700";"3297";"368149.6"
"51188233000";"2126700";"3297";"368157.9"
"51189312000";"2126700";"3297";"368165.9"
"51190392000";"2126700";"3297";"368174.2"
"51191471000";"2200800";"3297";"368182.2"
"51192551000";"2200800";"3297";"368190.1"
"51193899000";"2200800";"3297";"368200.0"
"51194979000";"2200800";"3296";"368207.9"
"51196059000";"2200800";"3296";"368215.9"
"51197139000";"2200800";"3296";"368224.2"
"51198220000";"2244500";"3296";"368232.2"
"51199561000";"2244500";"3296";"368241.6"
"51200641000";"2244500";"3297";"368249.6"
"51201720000";"2244500";"3297";"368257.9"
"51202800000";"2244500";"3297";"368265.9"
"51203886000";"2244500";"3297";"368273.8"
"51205233000";"2159100";"3297";"368282.1"
"51206313000";"2159100";"3297";"368290.1"
"51207393000";"2159100";"3297";"368298.1"
"51208474000";"2159100";"3297";"368306.4"
"51209554000";"2159100";"3297";"368314.3"
"51210896000";"2159100";"3297";"368324.2"
"51211976000";"2246600";"3297";"368332.1"
"51213062000";"2246600";"3297";"368340.5"
"51214142000";"2246600";"3297";"368348.4"
"51215221000";"2246600";"3297";"368356.4"
"51216564000";"2246600";"3297";"368364.7"
"51217644000";"2246600";"3297";"368372.6"
"51218725000";"2246600";"3297";"368380.6"
"51219804000";"2183700";"3297";"368388.5"
"51220884000";"2183700";"3297";"368396.5"
"51222227000";"2183700";"3297";"368404.8"
"51223313000";"2183700";"3297";"368413.2"
"51224393000";"2183700";"3297";"368421.1"
"51225473000";"2183700";"3297";"368429.1"
"51226553000";"2183700";"3297";"368437.0"
"51227895000";"2183800";"3297";"368446.9"
"51228976000";"2183800";"3297";"368454.8"
"51230056000";"2183800";"3297";"368463.1"
"51231136000";"2183800";"3297";"368471.1"
"51232215000";"2183800";"3297";"368479.0"
"51233563000";"2183800";"3297";"368487.4"
"51234643000";"2183800";"3297";"368495.3"
"51235724000";"2198500";"3297";"368503.7"
"51236803000";"2198500";"3296";"368511.6"
"51237883000";"2198500";"3296";"368519.6"
"51239225000";"2198500";"3296";"368527.9"
"51240305000";"2198500";"3296";"368535.8"
"51241385000";"2198500";"3296";"368543.8"
"51242465000";"2198500";"3296";"368551.7"
"51243550000";"2184300";"3296";"368560.1"
"51244892000";"2184300";"3296";"368568.0"
"51245973000";"2184300";"3296";"368576.3"
"51247058000";"2184300";"3297";"368584.3"
"51248138000";"2184300";"3296";"368592.2"
"51249217000";"2184300";"3297";"368600.6"
"51250561000";"2184300";"3297";"368608.9"
"51251642000";"2126500";"3297";"368616.8"
"51252721000";"2126500";"3297";"368624.8"
"51253807000";"2126500";"3297";"368633.1"
"51254887000";"2126500";"3297";"368641.1"
"51256229000";"2126500";"3297";"368649.4"
"51257310000";"2126500";"3297";"368657.4"
"51258389000";"2126500";"3297";"368665.3"
"51259468000";"2184300";"3297";"368673.3"
"51260549000";"2184300";"3297";"368681.2"
"51261892000";"2184300";"3297";"368691.1"
"51262977000";"2184300";"3297";"368699.0"
"51264058000";"2184300";"3296";"368707.3"
"51265138000";"2184300";"3296";"368715.3"
"51266218000";"2244100";"3296";"368723.3"
"51267561000";"2244100";"3296";"368731.6"
"51268641000";"2244100";"3296";"368739.5"
"51269721000";"2244100";"3296";"368747.9"
"51270801000";"2244100";"3296";"368755.8"
"51271881000";"2244100";"3296";"368763.8"
"51273229000";"2244100";"3296";"368772.1"
"51274309000";"2126900";"3296";"368780.0"
"51275389000";"2126900";"3296";"368788.4"
"51276469000";"2126900";"3297";"368796.3"
"51277549000";"2126900";"3297";"368804.3"
"51278892000";"2126900";"3297";"368812.6"
"51279971000";"2126900";"3297";"368820.5"
"51281050000";"2126900";"3297";"368828.5"
"51282129000";"2186100";"3296";"368836.4"
"51283214000";"2186100";"3297";"368844.8"
"51284558000";"2186100";"3297";"368852.7"
"51285638000";"2186100";"3297";"368861.1"
"51286718000";"2186100";"3297";"368869.0"
"51287799000";"2186100";"3297";"368877.0"
"51288883000";"2186100";"3297";"368884.9"
"51290225000";"2182200";"3297";"368894.8"
"51291305000";"2182200";"3297";"368903.1"
"51292385000";"2182200";"3297";"368911.0"
"51293472000";"2182200";"3297";"368919.0"
"51294552000";"2182200";"3297";"368926.9"
"51295895000";"2182200";"3297";"368936.8"
"51296974000";"2244500";"3297";"368944.7"
"51298055000";"2244500";"3297";"368952.7"
"51299135000";"2244500";"3297";"368960.6"
"51300215000";"2244500";"3297";"368969.0"
"51301557000";"2244500";"3297";"368977.3"
"51302638000";"2244500";"3297";"368985.3"
"51303724000";"2244500";"3297";"368993.2"
"51304803000";"2183500";"3297";"369001.2"
"51305883000";"2183500";"3297";"369009.1"
"51307227000";"2183500";"3297";"369017.4"
"51308307000";"2183500";"3297";"369025.8"
"51309386000";"2183500";"3297";"369033.7"
"51310466000";"2183500";"3297";"369041.7"
"51311546000";"2183500";"3297";"369049.6"
"51312895000";"2140800";"3297";"369058.3"
"51313975000";"2140800";"3297";"369066.3"
"51315056000";"2140800";"3297";"369074.2"
"51316136000";"2140800";"3297";"369082.2"
"51317216000";"2140800";"3297";"369090.1"
"51318558000";"2140800";"3297";"369098.5"
"51319639000";"2140800";"3297";"369106.4"
"51320719000";"2185000";"3297";"369114.7"
"51321799000";"2185000";"3297";"369122.7"
"51322885000";"2185000";"3297";"369130.6"
"51324227000";"2185000";"3297";"369140.5"
"51325306000";"2185000";"3297";"369148.4"
"51326387000";"2185000";"3297";"369156.4"
"51327467000";"2227600";"3297";"369164.3"
"51328547000";"2227600";"3297";"369172.7"
"51329890000";"2227600";"3297";"369182.1"
"51330975000";"2227600";"3297";"369190.5"
"51332054000";"2227600";"3297";"369198.4"
"51333139000";"2227600";"3297";"369206.4"
"51334220000";"2260300";"3297";"369214.7"
"51335562000";"2260300";"3297";"369222.6"
"51336641000";"2260300";"3297";"369231.0"
"51337722000";"2260300";"3297";"369238.9"
"51338802000";"2260300";"3297";"369246.9"
"51339882000";"2260300";"3297";"369254.8"
"51341225000";"2161700";"3297";"369264.7"
"51342305000";"2161700";"3297";"369272.6"
"51343390000";"2161700";"3297";"369280.6"
"51344471000";"2161700";"3297";"369288.5"
"51345551000";"2161700";"3297";"369296.5"
"51346894000";"2161700";"3297";"369306.3"
"51347974000";"2227400";"3297";"369314.3"
"51349054000";"2227400";"3297";"369322.6"
"51350135000";"2227400";"3297";"369330.6"
"51351214000";"2227400";"3297";"369338.5"
"51352557000";"2227400";"3297";"369346.8"
"51353642000";"2227400";"3297";"369355.2"
"51354722000";"2227400";"3297";"369363.1"
"51355802000";"2198500";"3297";"369371.1"
"51356881000";"2198500";"3296";"369379.0"
"51358225000";"2198500";"3296";"369387.4"
"51359305000";"2198500";"3296";"369395.3"
"51360385000";"2198500";"3296";"369403.3"
"51361465000";"2198500";"3296";"369411.6"
"51362544000";"2198500";"3296";"369419.5"
"51363893000";"2126900";"3296";"369427.9"
"51364972000";"2126900";"3296";"369435.8"
"51366052000";"2126900";"3296";"369443.8"
"51367132000";"2126900";"3296";"369451.7"
"51368212000";"2126900";"3296";"369460.1"
"51369554000";"2126900";"3296";"369469.5"
"51370634000";"2247100";"3296";"369477.9"
"51371713000";"2247100";"3296";"369485.8"
"51372798000";"2247100";"3296";"369493.8"
"51373883000";"2247100";"3296";"369502.1"
"51375226000";"2247100";"3296";"369510.4"
"51376306000";"2247100";"3296";"369518.4"
"51377385000";"2247100";"3296";"369526.3"
"51378465000";"2182800";"3296";"369534.3"
"51379545000";"2182800";"3296";"369542.2"
"51380887000";"2182800";"3296";"369550.5"
"51381968000";"2182800";"3296";"369558.5"
"51383054000";"2182800";"3296";"369566.4"
"51384134000";"2182800";"3296";"369574.8"
"51385213000";"2182800";"3296";"369582.7"
"51386556000";"2126700";"3296";"369591.1"
"51387635000";"2126700";"3296";"369599.0"
"51388715000";"2126700";"3296";"369607.0"
"51389795000";"2126700";"3296";"369615.3"
"51390874000";"2126700";"3296";"369623.2"
"51392217000";"2126700";"3296";"369631.6"
"51393303000";"2126700";"3296";"369639.5"
"51394382000";"2199200";"3296";"369647.8"
"51395462000";"2199200";"3296";"369655.8"
"51396542000";"2199200";"3296";"369663.8"
"51397884000";"2199200";"3296";"369672.1"
"51398964000";"2199200";"3296";"369680.0"
"51400044000";"2199200";"3296";"369688.0"
"51401124000";"2199200";"3296";"369695.9"
"51402204000";"2170900";"3296";"369703.9"
"51403552000";"2170900";"3296";"369712.2"
"51404633000";"2170900";"3296";"369720.5"
"51405712000";"2170900";"3296";"369728.5"
"51406793000";"2170900";"3296";"369736.4"
"51407872000";"2170900";"3296";"369744.4"
"51409215000";"2170900";"3296";"369752.7"
"51410295000";"2140800";"3296";"369761.0"
"51411376000";"2140800";"3296";"369769.0"
"51412456000";"2140800";"3296";"369776.9"
"51413542000";"2140800";"3296";"369785.3"
"51414890000";"2140800";"3296";"369793.2"
"51415969000";"2140800";"3296";"369801.6"
"51417049000";"2140800";"3296";"369809.5"
"51418128000";"2182600";"3296";"369817.5"
"51419207000";"2182600";"3296";"369825.4"
"51420551000";"2182600";"3296";"369833.7"
"51421630000";"2182600";"3296";"369841.7"
"51422711000";"2182600";"3296";"369849.6"
"51423795000";"2182600";"3296";"369858.0"
"51424875000";"2182600";"3296";"369865.9"
"51426218000";"2169700";"3296";"369875.4"
"51427298000";"2169700";"3296";"369883.7"
"51428378000";"2169700";"3296";"369891.7"
"51429457000";"2169700";"3296";"369899.6"
"51430538000";"2169700";"3296";"369907.6"
"51431881000";"2169700";"3296";"369916.3"
"51432967000";"2169700";"3296";"369924.2"
"51434046000";"2198500";"3296";"369932.2"
"51435127000";"2198500";"3296";"369940.5"
"51436207000";"2198500";"3297";"369948.5"
"51437549000";"2198500";"3297";"369957.9"
"51438629000";"2198500";"3297";"369966.3"
"51439710000";"2198500";"3297";"369974.2"
"51440790000";"2246200";"3297";"369982.2"
"51441870000";"2246200";"3297";"369990.1"
"51443217000";"2246200";"3297";"369998.4"
"51444298000";"2246200";"3297";"370006.4"
"51445377000";"2246200";"3297";"370014.3"
"51446458000";"2246200";"3297";"370022.7"
"51447537000";"2246200";"3297";"370030.6"
"51448880000";"2127000";"3297";"370039.0"
"51449960000";"2127000";"3297";"370046.9"
"51451040000";"2127000";"3297";"370054.9"
"51452119000";"2127000";"3297";"370063.2"
"51453204000";"2127000";"3297";"370071.1"
"51454547000";"2127000";"3297";"370081.0"
"51455627000";"2244900";"3297";"370088.9"
"51456711000";"2244900";"3297";"370096.9"
"51457792000";"2244900";"3297";"370104.8"
"51458872000";"2244900";"3297";"370112.8"
"51460215000";"2244900";"3297";"370121.1"
"51461294000";"2244900";"3297";"370129.1"
"51462374000";"2244900";"3297";"370137.4"
"51463459000";"2182800";"3297";"370145.4"
"51464538000";"2182800";"3297";"370153.3"
"51465881000";"2182800";"3297";"370161.6"
"51466961000";"2182800";"3297";"370169.6"
"51468041000";"2182800";"3297";"370177.5"
"51469121000";"2182800";"3297";"370185.9"
"51470201000";"2182800";"3297";"370193.8"
"51471543000";"2185500";"3296";"370203.7"
"51472623000";"2185500";"3296";"370211.6"
"51473708000";"2185500";"3296";"370219.6"
"51474788000";"2185500";"3296";"370227.5"
"51475868000";"2185500";"3296";"370235.9"
"51477210000";"2185500";"3297";"370244.2"
"51478291000";"2185500";"3297";"370252.1"
"51479371000";"2183900";"3297";"370260.1"
"51480451000";"2183900";"3297";"370268.0"
"51481530000";"2183900";"3297";"370276.0"
"51482880000";"2183900";"3297";"370284.3"
"51483959000";"2183900";"3297";"370292.3"
"51485039000";"2183900";"3297";"370300.2"
"51486118000";"2183900";"3297";"370308.5"
"51487198000";"2184100";"3297";"370316.5"
"51488542000";"2184100";"3297";"370324.8"
"51489622000";"2184100";"3297";"370332.8"
"51490702000";"2184100";"3296";"370341.1"
"51491782000";"2184100";"3296";"370349.0"
"51492867000";"2184100";"3296";"370357.0"
"51494211000";"2176000";"3296";"370366.8"
"51495290000";"2176000";"3296";"370374.8"
"51496370000";"2176000";"3296";"370382.7"
"51497450000";"2176000";"3296";"370390.7"
"51498535000";"2176000";"3296";"370399.0"
"51499878000";"2176000";"3296";"370407.0"
"51500958000";"2176000";"3296";"370415.3"
"51502039000";"2183900";"3297";"370423.3"
"51503124000";"2183900";"3296";"370431.2"
"51504204000";"2183900";"3296";"370439.2"
"51505547000";"2183900";"3296";"370449.0"
"51506627000";"2183900";"3296";"370457.0"
"51507706000";"2183900";"3296";"370464.9"
"51508787000";"2244700";"3296";"370473.2"
"51509866000";"2244700";"3297";"370481.2"
"51511209000";"2244700";"3296";"370489.5"
"51512288000";"2244700";"3296";"370497.5"
"51513373000";"2244700";"3297";"370505.8"
"51514452000";"2244700";"3297";"370513.8"
"51515532000";"2244700";"3297";"370521.7"
"51516875000";"2127400";"3297";"370530.0"
"51517954000";"2127400";"3297";"370538.0"
"51519034000";"2127400";"3297";"370545.9"
"51520114000";"2127400";"3297";"370553.9"
"51521194000";"2127400";"3297";"370562.2"
"51522537000";"2127400";"3297";"370570.2"
"51523623000";"2127400";"3297";"370578.5"
"51524702000";"2184100";"3297";"370586.4"
"51525783000";"2184100";"3297";"370594.4"
"51526862000";"2184100";"3297";"370602.3"
"51528205000";"2184100";"3297";"370610.7"
"51529285000";"2184100";"3297";"370619.0"
"51530364000";"2184100";"3297";"370627.0"
"51531444000";"2184100";"3297";"370634.9"
"51532524000";"2185700";"3297";"370642.9"
"51533872000";"2185700";"3297";"370651.2"
"51534953000";"2185700";"3297";"370659.5"
"51536032000";"2185700";"3297";"370667.5"
"51537113000";"2185700";"3297";"370675.4"
"51538193000";"2185700";"3297";"370683.4"
"51539536000";"2185700";"3297";"370691.7"
"51540620000";"2125200";"3297";"370699.6"
"51541700000";"2125200";"3297";"370707.6"
"51542780000";"2125200";"3297";"370715.9"
"51543865000";"2125200";"3297";"370723.9"
"51545208000";"2125200";"3297";"370732.2"
"51546288000";"2125200";"3297";"370740.2"
"51547368000";"2125200";"3297";"370748.1"
"51548448000";"2183900";"3297";"370756.1"
"51549529000";"2183900";"3297";"370764.4"
"51550871000";"2183900";"3297";"370774.2"
"51551951000";"2183900";"3297";"370782.2"
"51553036000";"2183900";"3297";"370790.1"
"51554116000";"2183900";"3297";"370798.5"
"51555196000";"2261800";"3297";"370806.4"
"51556539000";"2261800";"3297";"370814.7"
"51557618000";"2261800";"3297";"370822.7"
"51558698000";"2261800";"3297";"370830.6"
"51559777000";"2261800";"3297";"370838.6"
"51560858000";"2261800";"3297";"370846.9"
"51562201000";"2261800";"3297";"370854.9"
"51563286000";"2127000";"3297";"370863.2"
"51564365000";"2127000";"3297";"370871.2"
"51565445000";"2127000";"3297";"370879.1"
"51566525000";"2127000";"3297";"370887.1"
"51567868000";"2127000";"3297";"370895.4"
"51568947000";"2127000";"3297";"370903.3"
"51570027000";"2127000";"3297";"370911.7"
"51571107000";"2185900";"3296";"370919.6"
"51572186000";"2185900";"3297";"370927.6"
"51573536000";"2185900";"3297";"370936.3"
"51574615000";"2185900";"3297";"370944.2"
"51575696000";"2185900";"3297";"370952.2"
"51576776000";"2185900";"3297";"370960.1"
"51577856000";"2185900";"3297";"370968.1"
"51579200000";"2126200";"3297";"370976.4"
"51580281000";"2126200";"3297";"370984.4"
"51581360000";"2126200";"3297";"370992.7"
"51582444000";"2126200";"3297";"371000.6"
"51583530000";"2126200";"3297";"371008.6"
"51584873000";"2126200";"3297";"371016.9"
"51585952000";"2126200";"3297";"371024.9"
"51587032000";"2182600";"3297";"371032.8"
"51588112000";"2182600";"3297";"371041.2"
"51589193000";"2182600";"3297";"371049.1"
"51590535000";"2182600";"3297";"371057.4"
"51591615000";"2182600";"3296";"371065.4"
"51592695000";"2182600";"3296";"371073.7"
"51593781000";"2182600";"3296";"371081.7"
"51594861000";"2198300";"3297";"371089.6"
"51596204000";"2198300";"3297";"371097.9"
"51597283000";"2198300";"3297";"371105.9"
"51598363000";"2198300";"3297";"371113.8"
"51599443000";"2198300";"3297";"371121.8"
"51600524000";"2198300";"3297";"371129.7"
"51601866000";"2161900";"3297";"371139.6"
"51602952000";"2161900";"3296";"371147.5"
"51604032000";"2161900";"3296";"371155.5"
"51605112000";"2161900";"3296";"371163.4"
"51606192000";"2161900";"3296";"371171.8"
"51607534000";"2161900";"3296";"371180.1"
"51608615000";"2161900";"3296";"371188.0"
"51609695000";"2183500";"3296";"371196.0"
"51610775000";"2183500";"3296";"371204.0"
"51611855000";"2183500";"3296";"371212.3"
"51613203000";"2183500";"3296";"371221.8"
"51614283000";"2183500";"3296";"371230.1"
"51615363000";"2183500";"3296";"371238.0"
"51616442000";"2245100";"3297";"371246.0"
"51617521000";"2245100";"3296";"371253.9"
"51618864000";"2245100";"3297";"371262.3"
"51619943000";"2245100";"3296";"371270.2"
"51621023000";"2245100";"3296";"371278.2"
"51622103000";"2245100";"3296";"371286.1"
"51623189000";"2245100";"3296";"371294.5"
"51624535000";"2168800";"3296";"371303.9"
"51625616000";"2168800";"3296";"371311.9"
"51626695000";"2168800";"3296";"371319.8"
"51627776000";"2168800";"3297";"371328.2"
"51628856000";"2168800";"3296";"371336.1"
"51630198000";"2168800";"3296";"371344.4"
"51631277000";"2168800";"3296";"371352.4"
"51632357000";"2200300";"3296";"371360.7"
"51633443000";"2200300";"3296";"371368.7"
"51634522000";"2200300";"3296";"371376.6"
"51635866000";"2200300";"3296";"371384.9"
"51636946000";"2200300";"3296";"371392.9"
"51638026000";"2200300";"3296";"371400.8"
"51639106000";"2200300";"3296";"371408.8"
"51640186000";"2183700";"3296";"371417.1"
"51641529000";"2183700";"3296";"371425.1"
"51642609000";"2183700";"3296";"371433.4"
"51643695000";"2183700";"3296";"371441.3"
"51644775000";"2183700";"3296";"371449.3"
"51645856000";"2183700";"3296";"371457.3"
"51647199000";"2183700";"3296";"371465.6"
"51648279000";"2126000";"3296";"371473.9"
"51649359000";"2126000";"3296";"371481.9"
"51650439000";"2126000";"3296";"371489.8"
"51651518000";"2126000";"3296";"371497.8"
"51652866000";"2126000";"3296";"371506.1"
"51653945000";"2126000";"3296";"371514.4"
"51655025000";"2126000";"3296";"371522.4"
"51656105000";"2184400";"3296";"371530.3"
"51657184000";"2184400";"3296";"371538.3"
"51658527000";"2184400";"3296";"371546.6"
"51659607000";"2184400";"3296";"371554.5"
"51660686000";"2184400";"3296";"371562.5"
"51661767000";"2184400";"3296";"371570.5"
"51662853000";"2184400";"3296";"371578.8"
"51664196000";"2112400";"3296";"371586.7"
"51665275000";"2112400";"3296";"371595.1"
"51666360000";"2112400";"3296";"371603.0"
"51667440000";"2112400";"3296";"371611.0"
"51668519000";"2112400";"3296";"371618.9"
"51669862000";"2112400";"3296";"371627.2"
"51670943000";"2112400";"3296";"371635.6"
"51672022000";"2199200";"3296";"371643.5"
"51673108000";"2199200";"3296";"371651.5"
"51674188000";"2199200";"3296";"371659.8"
"51675530000";"2199200";"3296";"371668.1"
"51676611000";"2199200";"3296";"371676.1"
"51677691000";"2199200";"3296";"371684.0"
"51678771000";"2199200";"3296";"371692.0"
"51679851000";"2183500";"3296";"371699.9"
"51681195000";"2183500";"3296";"371709.8"
"51682274000";"2183500";"3296";"371717.7"
"51683359000";"2183500";"3296";"371725.7"
"51684439000";"2183500";"3296";"371733.6"
"51685520000";"2183500";"3296";"371741.6"
"51686862000";"2159900";"3296";"371749.9"
"51687943000";"2159900";"3296";"371757.9"
"51689022000";"2159900";"3296";"371766.2"
"51690103000";"2159900";"3296";"371774.1"
"51691183000";"2159900";"3296";"371782.1"
"51692525000";"2159900";"3296";"371790.4"
"51693611000";"2159900";"3296";"371798.4"
"51694691000";"2198300";"3296";"371806.7"
"51695771000";"2198300";"3296";"371814.7"
"51696850000";"2198300";"3296";"371822.6"
"51698193000";"2198300";"3296";"371830.9"
"51699273000";"2198300";"3296";"371838.9"
"51700353000";"2198300";"3296";"371846.8"
"51701433000";"2198300";"3296";"371854.8"
"51702513000";"2170800";"3296";"371862.7"
"51703861000";"2170800";"3296";"371872.6"
"51704942000";"2170800";"3296";"371880.5"
"51706021000";"2170800";"3296";"371888.5"
"51707102000";"2170800";"3296";"371896.4"
"51708187000";"2170800";"3296";"371904.4"
"51709530000";"2158300";"3296";"371912.7"
"51710609000";"2158300";"3296";"371921.0"
"51711689000";"2158300";"3296";"371929.0"
"51712769000";"2158300";"3296";"371936.9"
"51713855000";"2158300";"3296";"371944.9"
"51715198000";"2158300";"3296";"371953.2"
"51716279000";"2158300";"3296";"371961.6"
"51717358000";"2198500";"3297";"371969.5"
"51718438000";"2198500";"3297";"371977.5"
"51719518000";"2198500";"3297";"371985.4"
"51720860000";"2198500";"3297";"371993.7"
"51721939000";"2198500";"3297";"372001.7"
"51723024000";"2198500";"3297";"372009.6"
"51724104000";"2198500";"3297";"372017.6"
"51725184000";"2184400";"3297";"372025.9"
"51726528000";"2184400";"3297";"372034.2"
"51727607000";"2184400";"3297";"372042.2"
"51728687000";"2184400";"3297";"372050.1"
"51729767000";"2184400";"3297";"372058.1"
"51730847000";"2184400";"3297";"372066.4"
"51732190000";"2161700";"3297";"372075.9"
"51733274000";"2161700";"3297";"372084.2"
"51734355000";"2161700";"3297";"372092.2"
"51735434000";"2161700";"3297";"372100.1"
"51736513000";"2161700";"3297";"372108.1"
"51737857000";"2161700";"3297";"372116.4"
"51738937000";"2161700";"3297";"372124.4"
"51740016000";"2184300";"3297";"372132.3"
"51741096000";"2184300";"3297";"372140.3"
"51742177000";"2184300";"3297";"372148.2"
"51743525000";"2184300";"3297";"372156.5"
"51744606000";"2184300";"3297";"372164.5"
"51745686000";"2184300";"3297";"372172.4"
"51746766000";"2184300";"3297";"372180.8"
"51747846000";"2183400";"3297";"372188.7"
"51749189000";"2183400";"3297";"372198.2"
"51750273000";"2183400";"3297";"372206.5"
"51751354000";"2183400";"3297";"372214.5"
"51752433000";"2183400";"3297";"372222.4"
"51753518000";"2183400";"3297";"372230.8"
"51754861000";"2224600";"3297";"372240.2"
"51755941000";"2224600";"3297";"372248.2"
"51757022000";"2224600";"3297";"372256.5"
"51758102000";"2224600";"3297";"372264.5"
"51759181000";"2224600";"3297";"372272.4"
"51760524000";"2224600";"3297";"372281.9"
"51761604000";"2246400";"3297";"372290.2"
"51762684000";"2246400";"3297";"372298.2"
"51763770000";"2246400";"3298";"372306.1"
"51764849000";"2246400";"3298";"372314.1"
"51766192000";"2246400";"3298";"372323.5"
"51767273000";"2246400";"3298";"372331.9"
"51768352000";"2227600";"3298";"372339.8"
"51769433000";"2227600";"3298";"372347.8"
"51770513000";"2227600";"3298";"372355.7"
"51771856000";"2227600";"3297";"372365.6"
"51772941000";"2227600";"3297";"372373.5"
"51774021000";"2227600";"3297";"372381.9"
"51775100000";"2244700";"3297";"372389.8"
"51776181000";"2244700";"3297";"372397.8"
"51777523000";"2244700";"3297";"372406.1"
"51778603000";"2244700";"3297";"372414.0"
"51779683000";"2244700";"3297";"372422.0"
"51780763000";"2244700";"3297";"372429.9"
"51781844000";"2244700";"3297";"372437.9"
"51783193000";"2111900";"3297";"372446.2"
"51784273000";"2111900";"3297";"372454.2"
"51785353000";"2111900";"3297";"372462.1"
"51786433000";"2111900";"3297";"372470.1"
"51787513000";"2111900";"3297";"372478.4"
"51788855000";"2111900";"3297";"372486.7"
"51789936000";"2111900";"3297";"372494.7"
"51791016000";"2185300";"3297";"372502.6"
"51792101000";"2185300";"3297";"372510.6"
"51793186000";"2185300";"3297";"372518.9"
"51794528000";"2185300";"3297";"372527.2"
"51795609000";"2185300";"3297";"372535.2"
"51796689000";"2185300";"3297";"372543.1"
"51797769000";"2185300";"3297";"372551.1"
"51798848000";"2182600";"3297";"372559.0"
"51800191000";"2182600";"3297";"372567.4"
"51801272000";"2182600";"3297";"372575.3"
"51802352000";"2182600";"3297";"372583.3"
"51803438000";"2182600";"3297";"372591.2"
"51804519000";"2182600";"3297";"372599.5"
"51805862000";"2159100";"3297";"372609.0"
"51806942000";"2159100";"3297";"372617.0"
"51808023000";"2159100";"3297";"372625.3"
"51809102000";"2159100";"3297";"372633.2"
"51810181000";"2159100";"3297";"372641.2"
"51811524000";"2159100";"3297";"372649.5"
"51812603000";"2159100";"3297";"372657.5"
"51813689000";"2199000";"3297";"372665.8"
"51814768000";"2199000";"3297";"372673.8"
"51815849000";"2199000";"3296";"372681.7"
"51817192000";"2199000";"3297";"372691.6"
"51818272000";"2199000";"3297";"372699.5"
"51819351000";"2199000";"3296";"372707.5"
"51820432000";"2229100";"3296";"372715.4"
"51821512000";"2229100";"3296";"372723.4"
"51822860000";"2229100";"3296";"372733.2"
"51823939000";"2229100";"3296";"372741.2"
"51825019000";"2229100";"3296";"372749.1"
"51826099000";"2229100";"3296";"372757.1"
"51827178000";"2245300";"3296";"372765.4"
"51828521000";"2245300";"3296";"372773.7"
"51829601000";"2245300";"3296";"372781.7"
"51830681000";"2245300";"3296";"372789.6"
"51831761000";"2245300";"3296";"372797.6"
"51832840000";"2245300";"3296";"372805.9"
"51834193000";"2245300";"3296";"372814.2"
"51835273000";"2125800";"3296";"372822.2"
"51836353000";"2125800";"3296";"372830.1"
"51837433000";"2125800";"3296";"372838.1"
"51838512000";"2125800";"3296";"372846.0"
"51839856000";"2125800";"3296";"372854.4"
"51840936000";"2125800";"3297";"372862.3"
"51842017000";"2125800";"3297";"372870.6"
"51843102000";"2183400";"3297";"372878.6"
"51844182000";"2183400";"3297";"372886.5"
"51845525000";"2183400";"3297";"372894.9"
"51846604000";"2183400";"3297";"372902.8"
"51847684000";"2183400";"3297";"372910.8"
"51848764000";"2183400";"3297";"372919.1"
"51849843000";"2183400";"3297";"372927.1"
"51851187000";"2128200";"3297";"372935.4"
"51852266000";"2128200";"3296";"372943.3"
"51853353000";"2128200";"3296";"372951.7"
"51854433000";"2128200";"3297";"372959.6"
"51855513000";"2128200";"3297";"372967.6"
"51856855000";"2128200";"3297";"372977.4"
"51857936000";"2244700";"3297";"372985.4"
"51859016000";"2244700";"3297";"372993.3"
"51860096000";"2244700";"3297";"373001.3"
"51861175000";"2244700";"3297";"373009.2"
"51862519000";"2244700";"3297";"373017.5"
"51863603000";"2244700";"3297";"373025.5"
"51864683000";"2244700";"3297";"373033.4"
"51865763000";"2169100";"3297";"373041.4"
"51866844000";"2169100";"3297";"373049.7"
"51868186000";"2169100";"3297";"373058.0"
"51869267000";"2169100";"3297";"373066.0"
"51870346000";"2169100";"3297";"373074.0"
"51871427000";"2169100";"3297";"373081.9"
"51872508000";"2169100";"3297";"373090.2"
"51873856000";"2197700";"3297";"373100.1"
"51874936000";"2197700";"3297";"373108.0"
"51876021000";"2197700";"3297";"373116.0"
"51877100000";"2197700";"3297";"373123.9"
"51878181000";"2197700";"3297";"373131.9"
"51879523000";"2197700";"3297";"373140.2"
"51880604000";"2197700";"3297";"373148.2"
"51881684000";"2169000";"3297";"373156.1"
"51882764000";"2169000";"3297";"373164.1"
"51883849000";"2169000";"3297";"373172.4"
"51885193000";"2169000";"3297";"373180.3"
"51886273000";"2169000";"3297";"373188.3"
"51887353000";"2169000";"3297";"373196.6"
"51888432000";"2169000";"3297";"373204.6"
"51889513000";"2183700";"3297";"373212.5"
"51890855000";"2183700";"3297";"373222.4"
"51891934000";"2183700";"3297";"373230.3"
"51893020000";"2183700";"3297";"373238.7"
"51894099000";"2183700";"3297";"373246.6"
"51895179000";"2183700";"3297";"373254.6"
"51896522000";"2177000";"3297";"373262.9"
"51897602000";"2177000";"3297";"373270.8"
"51898682000";"2177000";"3297";"373278.8"
"51899761000";"2177000";"3297";"373286.7"
"51900841000";"2177000";"3297";"373294.7"
"51902183000";"2177000";"3297";"373303.0"
"51903269000";"2177000";"3297";"373311.0"
"51904349000";"2169300";"3297";"373318.9"
"51905429000";"2169300";"3297";"373327.3"
"51906509000";"2169300";"3297";"373335.2"
"51907852000";"2169300";"3297";"373343.5"
"51908931000";"2169300";"3297";"373351.5"
"51910010000";"2169300";"3297";"373359.4"
"51911090000";"2169300";"3297";"373367.4"
"51912170000";"2200500";"3297";"373375.7"
"51913518000";"2200500";"3296";"373385.2"
"51914599000";"2200500";"3296";"373393.5"
"51915680000";"2200500";"3297";"373401.5"
"51916759000";"2200500";"3297";"373409.4"
"51917845000";"2200500";"3297";"373417.4"
"51919188000";"2157900";"3297";"373425.7"
"51920268000";"2157900";"3297";"373433.6"
"51921348000";"2157900";"3297";"373441.6"
"51922428000";"2157900";"3296";"373449.5"
"51923514000";"2157900";"3296";"373457.9"
"51924857000";"2157900";"3296";"373467.3"
"51925936000";"2227600";"3296";"373475.3"
"51927017000";"2227600";"3296";"373483.2"
"51928096000";"2227600";"3296";"373491.2"
"51929177000";"2227600";"3297";"373499.5"
"51930521000";"2227600";"3297";"373507.9"
"51931601000";"2227600";"3297";"373515.8"
"51932681000";"2227600";"3297";"373523.8"
"51933766000";"2183400";"3296";"373531.7"
"51934846000";"2183400";"3297";"373540.0"
"51936189000";"2183400";"3297";"373548.0"
"51937269000";"2183400";"3297";"373556.3"
"51938350000";"2183400";"3297";"373564.3"
"51939430000";"2183400";"3297";"373572.2"
"51940510000";"2183400";"3297";"373580.2"
"51941852000";"2127900";"3297";"373588.5"
"51942937000";"2127900";"3297";"373596.4"
"51944017000";"2127900";"3297";"373604.8"
"51945098000";"2127900";"3297";"373612.7"
"51946177000";"2127900";"3297";"373620.7"
"51947520000";"2127900";"3297";"373629.0"
"51948600000";"2127900";"3297";"373637.0"
"51949679000";"2184300";"3297";"373644.9"
"51950759000";"2184300";"3297";"373652.9"
"51951840000";"2184300";"3297";"373661.2"
"51953188000";"2184300";"3297";"373669.5"
"51954268000";"2184300";"3297";"373677.5"
"51955347000";"2184300";"3297";"373685.4"
"51956427000";"2184300";"3297";"373693.4"
"51957507000";"2183700";"3297";"373701.3"
"51958849000";"2183700";"3297";"373711.2"
"51959934000";"2183700";"3297";"373719.1"
"51961014000";"2183700";"3297";"373727.1"
"51962094000";"2183700";"3297";"373735.0"
"51963180000";"2183700";"3297";"373743.0"
"51964522000";"2158700";"3297";"373751.3"
"51965603000";"2158700";"3297";"373759.2"
"51966682000";"2158700";"3297";"373767.2"
"51967763000";"2158700";"3297";"373775.2"
"51968843000";"2158700";"3297";"373783.5"
"51970185000";"2158700";"3297";"373792.9"
"51971266000";"2246200";"3297";"373801.3"
"51972345000";"2246200";"3296";"373809.2"
"51973431000";"2246200";"3296";"373817.2"
"51974510000";"2246200";"3296";"373825.1"
"51975853000";"2246200";"3296";"373833.5"
"51976933000";"2246200";"3296";"373841.4"
"51978014000";"2246200";"3296";"373849.7"
"51979093000";"2184300";"3297";"373857.7"
"51980173000";"2184300";"3297";"373865.6"
"51981516000";"2184300";"3297";"373874.0"
"51982595000";"2184300";"3297";"373881.9"
"51983681000";"2184300";"3297";"373889.9"
"51984761000";"2184300";"3297";"373897.8"
"51985841000";"2184300";"3296";"373906.2"
"51987184000";"2112200";"3296";"373914.1"
"51988265000";"2112200";"3296";"373922.4"
"51989345000";"2112200";"3296";"373930.4"
"51990425000";"2112200";"3296";"373938.3"
"51991504000";"2112200";"3296";"373946.3"
"51992852000";"2112200";"3296";"373954.6"
"51993932000";"2112200";"3296";"373962.9"
"51995012000";"2198700";"3296";"373970.9"
"51996092000";"2198700";"3296";"373978.8"
"51997172000";"2198700";"3296";"373986.8"
"51998515000";"2198700";"3296";"373996.6"
"51999596000";"2198700";"3296";"374004.6"
"52000675000";"2198700";"3296";"374012.5"
"52001761000";"2227400";"3296";"374020.5"
"52002840000";"2227400";"3296";"374028.5"
"52004188000";"2227400";"3296";"374036.8"
"52005268000";"2227400";"3296";"374044.7"
"52006348000";"2227400";"3296";"374052.7"
"52007428000";"2227400";"3297";"374060.6"
"52008507000";"2227400";"3296";"374068.6"
"52009851000";"2169700";"3296";"374078.4"
"52010930000";"2169700";"3296";"374086.4"
"52012010000";"2169700";"3296";"374094.7"
"52013096000";"2169700";"3296";"374102.7"
"52014176000";"2169700";"3296";"374110.6"
"52015520000";"2169700";"3296";"374120.5"
"52016600000";"2244500";"3296";"374128.4"
"52017680000";"2244500";"3296";"374136.7"
"52018759000";"2244500";"3296";"374144.7"
"52019838000";"2244500";"3297";"374152.7"
"52021182000";"2244500";"3297";"374161.0"
"52022262000";"2244500";"3297";"374168.9"
"52023348000";"2244500";"3297";"374176.9"
"52024427000";"2184100";"3297";"374184.8"
"52025507000";"2184100";"3297";"374192.8"
"52026849000";"2184100";"3297";"374202.6"
"52027930000";"2184100";"3297";"374210.6"
"52029010000";"2184100";"3297";"374218.5"
"52030090000";"2184100";"3297";"374226.5"
"52031169000";"2229500";"3297";"374234.4"
"52032513000";"2229500";"3297";"374242.8"
"52033598000";"2229500";"3297";"374251.1"
"52034677000";"2229500";"3297";"374259.0"
"52035757000";"2229500";"3297";"374267.0"
"52036837000";"2229500";"3297";"374274.9"
"52038181000";"2229500";"3297";"374283.3"
"52039261000";"2126500";"3297";"374291.2"
"52040341000";"2126500";"3297";"374299.2"
"52041422000";"2126500";"3297";"374307.1"
"52042501000";"2126500";"3297";"374315.1"
"52043855000";"2126500";"3297";"374323.4"
"52044935000";"2126500";"3297";"374331.3"
"52046014000";"2126500";"3297";"374339.3"
"52047095000";"2182300";"3297";"374347.6"
"52048174000";"2182300";"3297";"374355.6"
"52049517000";"2182300";"3297";"374363.9"
"52050597000";"2182300";"3297";"374371.9"
"52051678000";"2182300";"3297";"374379.8"
"52052757000";"2182300";"3297";"374387.8"
"52053842000";"2182300";"3297";"374396.1"
"52055185000";"2126900";"3297";"374404.4"
"52056265000";"2126900";"3297";"374412.4"
"52057345000";"2126900";"3297";"374420.3"
"52058425000";"2126900";"3297";"374428.3"
"52059505000";"2126900";"3297";"374436.2"
"52060848000";"2126900";"3296";"374446.1"
"52061927000";"2229500";"3296";"374454.0"
"52063012000";"2229500";"3296";"374462.0"
"52064092000";"2229500";"3296";"374469.9"
"52065172000";"2229500";"3297";"374478.3"
"52066515000";"2229500";"3297";"374486.2"
"52067596000";"2229500";"3297";"374494.5"
"52068676000";"2229500";"3297";"374502.5"
"52069756000";"2183500";"3297";"374510.4"
"52070836000";"2183500";"3297";"374518.4"
"52072178000";"2183500";"3297";"374526.7"
"52073264000";"2183500";"3297";"374535.0"
"52074344000";"2183500";"3297";"374543.0"
"52075424000";"2183500";"3297";"374550.9"
"52076503000";"2183500";"3297";"374558.9"
"52077846000";"2127000";"3297";"374567.2"
"52078926000";"2127000";"3297";"374575.2"
"52080005000";"2127000";"3297";"374583.1"
"52081086000";"2127000";"3297";"374591.1"
"52082166000";"2127000";"3297";"374599.0"
"52083514000";"2127000";"3296";"374607.3"
"52084594000";"2127000";"3296";"374615.3"
"52085679000";"2182500";"3296";"374623.6"
"52086759000";"2182500";"3296";"374631.6"
"52087838000";"2182500";"3296";"374639.5"
"52089180000";"2182500";"3296";"374647.9"
"52090259000";"2182500";"3296";"374655.8"
"52091339000";"2182500";"3296";"374663.8"
"52092419000";"2182500";"3296";"374672.1"
"52093504000";"2184800";"3297";"374680.0"
"52094846000";"2184800";"3297";"374688.4"
"52095926000";"2184800";"3297";"374696.3"
"52097006000";"2184800";"3297";"374704.3"
"52098086000";"2184800";"3297";"374712.2"
"52099166000";"2184800";"3297";"374720.2"
"52100510000";"2184800";"3297";"374728.5"
"52101589000";"2113800";"3297";"374736.4"
"52102670000";"2113800";"3297";"374744.4"
"52103756000";"2113800";"3297";"374752.7"
"52104836000";"2113800";"3297";"374760.7"
"52106177000";"2113800";"3297";"374769.0"
"52107258000";"2113800";"3297";"374777.0"
"52108337000";"2113800";"3297";"374784.9"
"52109417000";"2184100";"3297";"374792.9"
"52110496000";"2184100";"3297";"374800.8"
"52111838000";"2184100";"3297";"374809.1"
"52112924000";"2184100";"3297";"374817.5"
"52114004000";"2184100";"3297";"374825.4"
"52115084000";"2184100";"3297";"374833.4"
"52116163000";"2184100";"3297";"374841.3"
"52117506000";"2127000";"3297";"374849.6"
"52118586000";"2127000";"3297";"374857.6"
"52119666000";"2127000";"3297";"374865.5"
"52120746000";"2127000";"3297";"374873.5"
"52121827000";"2127000";"3297";"374881.8"
"52123176000";"2127000";"3297";"374889.8"
"52124256000";"2127000";"3297";"374897.7"
"52125342000";"2181800";"3297";"374906.1"
"52126421000";"2181800";"3297";"374914.0"
"52127507000";"2181800";"3297";"374922.0"
"52128848000";"2181800";"3297";"374931.8"
"52129928000";"2181800";"3297";"374939.8"
"52131008000";"2181800";"3297";"374947.7"
"52132087000";"2245600";"3297";"374956.0"
"52133173000";"2245600";"3297";"374964.0"
"52134516000";"2245600";"3297";"374972.3"
"52135596000";"2245600";"3296";"374980.3"
"52136675000";"2245600";"3296";"374988.2"
"52137756000";"2245600";"3296";"374996.2"
"52138836000";"2245600";"3296";"375004.1"
"52140178000";"2169500";"3296";"375014.0"
"52141258000";"2169500";"3296";"375021.9"
"52142338000";"2169500";"3296";"375029.9"
"52143424000";"2169500";"3296";"375037.8"
"52144503000";"2169500";"3296";"375045.8"
"52145847000";"2169500";"3296";"375055.6"
"52146927000";"2227400";"3296";"375063.6"
"52148007000";"2227400";"3296";"375071.5"
"52149086000";"2227400";"3296";"375079.5"
"52150167000";"2227400";"3296";"375087.8"
"52151509000";"2227400";"3296";"375097.3"
"52152590000";"2227400";"3296";"375105.6"
"52153674000";"2244900";"3296";"375113.6"
"52154755000";"2244900";"3296";"375121.5"
"52155835000";"2244900";"3296";"375129.9"
"52157178000";"2244900";"3296";"375139.3"
"52158259000";"2244900";"3296";"375147.6"
"52159340000";"2244900";"3296";"375155.6"
"52160420000";"2245600";"3296";"375163.6"
"52161500000";"2245600";"3296";"375171.5"
"52162842000";"2245600";"3296";"375181.0"
"52163929000";"2245600";"3296";"375189.3"
"52165009000";"2245600";"3296";"375197.3"
"52166089000";"2245600";"3296";"375205.2"
"52167169000";"2227200";"3296";"375213.2"
"52168512000";"2227200";"3296";"375221.5"
"52169597000";"2227200";"3296";"375229.4"
"52170677000";"2227200";"3296";"375237.4"
"52171756000";"2227200";"3296";"375245.3"
"52172837000";"2227200";"3296";"375253.7"
"52174185000";"2227200";"3297";"375262.0"
"52175264000";"2125800";"3297";"375269.9"
"52176343000";"2125800";"3297";"375277.9"
"52177422000";"2125800";"3296";"375285.8"
"52178503000";"2125800";"3296";"375293.8"
"52179847000";"2125800";"3296";"375302.1"
"52180926000";"2125800";"3296";"375310.1"
"52182006000";"2125800";"3296";"375318.0"
"52183091000";"2183900";"3296";"375326.4"
"52184171000";"2183900";"3296";"375334.3"
"52185514000";"2183900";"3296";"375342.6"
"52186594000";"2183900";"3296";"375350.6"
"52187673000";"2183900";"3296";"375358.5"
"52188753000";"2183900";"3296";"375366.5"
"52189833000";"2183900";"3296";"375374.4"
"52191177000";"2113900";"3296";"375382.8"
"52192256000";"2113900";"3296";"375391.1"
"52193341000";"2113900";"3296";"375399.0"
"52194421000";"2113900";"3296";"375407.0"
"52195502000";"2113900";"3296";"375415.3"
"52196844000";"2113900";"3296";"375424.8"
"52197924000";"2244900";"3296";"375432.7"
"52199004000";"2244900";"3296";"375441.1"
"52200084000";"2244900";"3296";"375449.0"
"52201164000";"2244900";"3297";"375457.0"
"52202506000";"2244900";"3297";"375465.3"
"52203593000";"2244900";"3297";"375473.3"
"52204672000";"2244900";"3297";"375481.2"
"52205753000";"2183700";"3297";"375489.2"
"52206832000";"2183700";"3297";"375497.1"
"52208174000";"2183700";"3297";"375507.0"
"52209254000";"2183700";"3297";"375514.9"
"52210333000";"2183700";"3297";"375522.9"
"52211418000";"2183700";"3297";"375531.2"
"52212497000";"2246000";"3296";"375539.1"
"52213846000";"2246000";"3297";"375549.0"
"52214926000";"2246000";"3296";"375556.9"
"52216005000";"2246000";"3296";"375564.9"
"52217086000";"2246000";"3296";"375572.8"
"52218166000";"2246000";"3296";"375581.2"
"52219509000";"2159700";"3296";"375589.1"
"52220588000";"2159700";"3297";"375597.5"
"52221669000";"2159700";"3297";"375605.4"
"52222749000";"2159700";"3297";"375613.4"
"52223835000";"2159700";"3296";"375621.3"
"52225177000";"2159700";"3297";"375631.2"
"52226257000";"2244700";"3297";"375639.1"
"52227337000";"2244700";"3297";"375647.1"
"52228417000";"2244700";"3297";"375655.0"
"52229497000";"2244700";"3297";"375663.0"
"52230839000";"2244700";"3296";"375671.3"
"52231919000";"2244700";"3296";"375679.6"
"52233004000";"2244700";"3296";"375687.6"
"52234085000";"2198700";"3296";"375695.9"
"52235165000";"2198700";"3297";"375703.9"
"52236508000";"2198700";"3297";"375712.2"
"52237589000";"2198700";"3297";"375720.1"
"52238669000";"2198700";"3297";"375728.1"
"52239748000";"2198700";"3297";"375736.0"
"52240828000";"2198700";"3297";"375744.0"
"52242170000";"2113800";"3296";"375752.3"
"52243257000";"2113800";"3296";"375760.3"
"52244337000";"2113800";"3297";"375768.2"
"52245417000";"2113800";"3297";"375776.5"
"52246497000";"2113800";"3297";"375784.5"
"52247840000";"2113800";"3297";"375794.0"
"52248921000";"2244100";"3297";"375802.3"
"52250001000";"2244100";"3297";"375810.2"
"52251080000";"2244100";"3297";"375818.2"
"52252160000";"2244100";"3297";"375826.1"
"52253512000";"2244100";"3297";"375834.8"
"52254592000";"2244100";"3297";"375842.8"
"52255671000";"2244100";"3297";"375850.8"
"52256751000";"2183200";"3297";"375858.7"
"52257831000";"2183200";"3297";"375866.7"
"52259174000";"2183200";"3297";"375876.5"
"52260253000";"2183200";"3296";"375884.5"
"52261334000";"2183200";"3296";"375892.4"
"52262414000";"2183200";"3296";"375900.4"
"52263500000";"2244500";"3296";"375908.7"
"52264842000";"2244500";"3296";"375916.6"
"52265922000";"2244500";"3296";"375925.0"
"52267001000";"2244500";"3296";"375932.9"
"52268081000";"2244500";"3296";"375940.9"
"52269161000";"2244500";"3296";"375948.8"
"52270505000";"2244500";"3296";"375957.1"
"52271585000";"2113900";"3296";"375965.1"
"52272665000";"2113900";"3296";"375973.4"
"52273749000";"2113900";"3296";"375981.4"
"52274828000";"2113900";"3296";"375989.3"
"52276171000";"2113900";"3296";"375997.7"
"52277251000";"2113900";"3296";"376005.6"
"52278331000";"2113900";"3296";"376013.9"
"52279411000";"2199000";"3296";"376021.9"
"52280491000";"2199000";"3296";"376029.8"
"52281834000";"2199000";"3296";"376038.2"
"52282919000";"2199000";"3296";"376046.1"
"52283999000";"2199000";"3296";"376054.1"
"52285078000";"2199000";"3296";"376062.0"
"52286158000";"2199000";"3296";"376070.0"
"52287501000";"2112800";"3296";"376078.3"
"52288581000";"2112800";"3296";"376086.6"
"52289661000";"2112800";"3296";"376094.6"
"52290741000";"2112800";"3296";"376102.5"
"52291820000";"2112800";"3296";"376110.5"
"52293169000";"2112800";"3296";"376118.8"
"52294249000";"2112800";"3296";"376127.1"
"52295333000";"2197600";"3296";"376135.1"
"52296413000";"2197600";"3296";"376143.4"
"52297493000";"2197600";"3296";"376151.4"
"52298836000";"2197600";"3296";"376159.7"
"52299916000";"2197600";"3296";"376167.6"
"52300997000";"2197600";"3296";"376175.6"
"52302076000";"2197600";"3296";"376183.5"
"52303161000";"2183700";"3296";"376191.5"
"52304504000";"2183700";"3296";"376199.8"
"52305584000";"2183700";"3295";"376207.8"
"52306663000";"2183700";"3295";"376216.1"
"52307744000";"2183700";"3295";"376224.1"
"52308823000";"2183700";"3296";"376232.0"
"52310165000";"2178600";"3296";"376241.9"
"52311245000";"2178600";"3296";"376249.8"
"52312324000";"2178600";"3295";"376257.8"
"52313410000";"2178600";"3296";"376266.1"
"52314490000";"2178600";"3296";"376274.0"
"52315833000";"2178600";"3296";"376282.4"
"52316912000";"2178600";"3296";"376290.3"
"52317993000";"2184100";"3296";"376298.3"
"52319073000";"2184100";"3296";"376306.2"
"52320153000";"2184100";"3296";"376314.6"
"52321496000";"2184100";"3296";"376322.9"
"52322576000";"2184100";"3296";"376330.8"
"52323662000";"2184100";"3296";"376338.8"
"52324741000";"2184100";"3296";"376346.7"
"52325820000";"2183900";"3296";"376354.7"
"52327164000";"2183900";"3296";"376363.0"
"52328244000";"2183900";"3296";"376371.0"
"52329325000";"2183900";"3296";"376379.3"
"52330404000";"2183900";"3296";"376387.2"
"52331484000";"2183900";"3296";"376395.2"
"52332826000";"2183900";"3296";"376403.5"
"52333912000";"2126500";"3297";"376411.5"
"52334992000";"2126500";"3297";"376419.8"
"52336073000";"2126500";"3297";"376427.8"
"52337157000";"2126500";"3297";"376435.7"
"52338499000";"2126500";"3296";"376444.0"
"52339580000";"2126500";"3296";"376452.0"
"52340660000";"2126500";"3296";"376459.9"
"52341740000";"2198700";"3296";"376468.3"
"52342820000";"2198700";"3297";"376476.2"
"52344169000";"2198700";"3297";"376484.5"
"52345248000";"2198700";"3297";"376492.5"
"52346329000";"2198700";"3297";"376500.4"
"52347408000";"2198700";"3297";"376508.4"
"52348489000";"2198700";"3297";"376516.3"
"52349833000";"2111900";"3297";"376524.7"
"52350912000";"2111900";"3297";"376533.0"
"52351993000";"2111900";"3297";"376540.9"
"52353077000";"2111900";"3297";"376548.9"
"52354157000";"2111900";"3297";"376557.2"
"52355500000";"2111900";"3297";"376565.6"
"52356579000";"2111900";"3297";"376573.5"
"52357658000";"2199200";"3297";"376581.5"
"52358739000";"2199200";"3297";"376589.4"
"52359819000";"2199200";"3297";"376597.4"
"52361162000";"2199200";"3297";"376605.7"
"52362243000";"2199200";"3297";"376614.0"
"52363328000";"2199200";"3297";"376622.0"
"52364407000";"2199200";"3297";"376629.9"
"52365487000";"2183700";"3297";"376637.9"
"52366830000";"2183700";"3297";"376646.2"
"52367909000";"2183700";"3297";"376654.1"
"52368990000";"2183700";"3297";"376662.1"
"52370069000";"2183700";"3297";"376670.4"
"52371149000";"2183700";"3297";"376678.4"
"52372492000";"2183700";"3297";"376686.7"
"52373577000";"2126900";"3297";"376694.7"
"52374657000";"2126900";"3297";"376703.0"
"52375737000";"2126900";"3297";"376710.9"
"52376816000";"2126900";"3297";"376718.9"
"52378159000";"2126900";"3296";"376727.2"
"52379244000";"2126900";"3296";"376735.2"
"52380324000";"2126900";"3296";"376743.1"
"52381404000";"2184300";"3296";"376751.1"
"52382485000";"2184300";"3297";"376759.4"
"52383834000";"2184300";"3297";"376767.7"
"52384913000";"2184300";"3297";"376775.7"
"52385994000";"2184300";"3297";"376783.6"
"52387073000";"2184300";"3297";"376791.6"
"52388153000";"2184300";"3297";"376799.5"
"52389496000";"2126400";"3297";"376807.9"
"52390576000";"2126400";"3297";"376815.8"
"52391656000";"2126400";"3297";"376824.1"
"52392736000";"2126400";"3297";"376832.1"
"52393820000";"2126400";"3297";"376840.0"
"52395163000";"2126400";"3297";"376848.4"
"52396243000";"2126400";"3297";"376856.7"
"52397323000";"2198800";"3297";"376864.6"
"52398403000";"2198800";"3297";"376872.6"
"52399483000";"2198800";"3297";"376880.6"
"52400826000";"2198800";"3297";"376888.9"
"52401905000";"2198800";"3296";"376896.8"
"52402992000";"2198800";"3296";"376905.2"
"52404071000";"2198800";"3296";"376913.1"
"52405151000";"2183900";"3297";"376921.1"
"52406493000";"2183900";"3297";"376929.4"
"52407573000";"2183900";"3297";"376937.3"
"52408653000";"2183900";"3297";"376945.3"
"52409733000";"2183900";"3297";"376953.6"
"52410812000";"2183900";"3297";"376961.6"
"52412154000";"2183900";"3297";"376969.9"
"52413239000";"2127500";"3296";"376977.8"
"52414320000";"2127500";"3297";"376986.2"
"52415400000";"2127500";"3297";"376994.1"
"52416480000";"2127500";"3297";"377002.1"
"52417824000";"2127500";"3297";"377010.4"
"52418903000";"2127500";"3296";"377018.4"
"52419983000";"2127500";"3296";"377026.3"
"52421068000";"2198100";"3296";"377034.6"
"52422148000";"2198100";"3296";"377042.6"
"52423495000";"2198100";"3296";"377050.9"
"52424575000";"2198100";"3296";"377058.9"
"52425655000";"2198100";"3296";"377066.8"
"52426736000";"2198100";"3296";"377074.8"
"52427816000";"2198100";"3296";"377083.1"
"52429159000";"2126900";"3296";"377091.4"
"52430238000";"2126900";"3296";"377099.4"
"52431319000";"2126900";"3296";"377107.3"
"52432398000";"2126900";"3296";"377115.3"
"52433484000";"2126900";"3296";"377123.6"
"52434826000";"2126900";"3296";"377133.5"
"52435906000";"2244900";"3296";"377141.4"
"52436986000";"2244900";"3297";"377149.4"
"52438066000";"2244900";"3296";"377157.3"
"52439146000";"2244900";"3296";"377165.3"
"52440489000";"2244900";"3296";"377173.6"
"52441569000";"2244900";"3296";"377181.5"
"52442649000";"2244900";"3296";"377189.9"
"52443735000";"2183700";"3296";"377197.8"
"52444814000";"2183700";"3296";"377205.8"
"52446157000";"2183700";"3296";"377214.1"
"52447237000";"2183700";"3296";"377222.1"
"52448316000";"2183700";"3296";"377230.0"
"52449396000";"2183700";"3296";"377238.0"
"52450476000";"2183700";"3296";"377246.3"
"52451818000";"2171400";"3296";"377255.8"
"52452904000";"2171400";"3296";"377264.1"
"52453984000";"2171400";"3296";"377272.0"
"52455065000";"2171400";"3296";"377280.0"
"52456144000";"2171400";"3296";"377288.3"
"52457486000";"2171400";"3296";"377296.6"
"52458567000";"2171400";"3296";"377304.6"
"52459647000";"2198500";"3296";"377312.5"
"52460726000";"2198500";"3296";"377320.5"
"52461807000";"2198500";"3296";"377328.5"
"52463159000";"2198500";"3296";"377338.3"
"52464239000";"2198500";"3296";"377346.2"
"52465319000";"2198500";"3296";"377354.2"
"52466400000";"2226100";"3296";"377362.2"
"52467480000";"2226100";"3296";"377370.5"
"52468822000";"2226100";"3296";"377378.4"
"52469902000";"2226100";"3296";"377386.8"
"52470981000";"2226100";"3296";"377394.7"
"52472060000";"2226100";"3296";"377402.7"
"52473145000";"2226100";"3296";"377411.0"
"52474489000";"2141300";"3296";"377419.3"
"52475568000";"2141300";"3296";"377427.3"
"52476647000";"2141300";"3296";"377435.2"
"52477728000";"2141300";"3296";"377443.2"
"52478808000";"2141300";"3296";"377451.5"
"52480151000";"2141300";"3296";"377459.8"
"52481230000";"2141300";"3297";"377467.8"
"52482310000";"2185900";"3297";"377475.7"
"52483395000";"2185900";"3297";"377483.7"
"52484474000";"2185900";"3297";"377491.6"
"52485818000";"2185900";"3296";"377500.0"
"52486899000";"2185900";"3296";"377507.9"
"52487979000";"2185900";"3296";"377515.9"
"52489059000";"2185900";"3296";"377524.2"
"52490138000";"2183700";"3296";"377532.1"
"52491481000";"2183700";"3296";"377540.5"
"52492560000";"2183700";"3296";"377548.4"
"52493646000";"2183700";"3296";"377556.8"
"52494726000";"2183700";"3296";"377564.7"
"52495806000";"2183700";"3296";"377572.7"
"52497149000";"2183700";"3296";"377581.0"
"52498229000";"2126700";"3296";"377588.9"
"52499309000";"2126700";"3296";"377597.3"
"52500389000";"2126700";"3296";"377605.2"
"52501469000";"2126700";"3296";"377613.2"
"52502811000";"2126700";"3296";"377621.5"
"52503897000";"2126700";"3296";"377629.4"
"52504981000";"2126700";"3296";"377637.4"
"52506061000";"2197600";"3297";"377645.7"
"52507141000";"2197600";"3297";"377653.7"
"52508483000";"2197600";"3297";"377662.0"
"52509562000";"2197600";"3296";"377669.9"
"52510642000";"2197600";"3296";"377677.9"
"52511722000";"2197600";"3296";"377685.9"
"52512801000";"2197600";"3296";"377694.2"
"52514149000";"2127400";"3296";"377702.5"
"52515228000";"2127400";"3296";"377710.5"
"52516309000";"2127400";"3296";"377718.4"
"52517389000";"2127400";"3296";"377726.7"
"52518469000";"2127400";"3296";"377734.7"
"52519813000";"2127400";"3296";"377743.0"
"52520893000";"2127400";"3297";"377751.0"
"52521973000";"2185000";"3297";"377758.9"
"52523058000";"2185000";"3297";"377766.9"
"52524138000";"2185000";"3296";"377774.8"
"52525481000";"2185000";"3296";"377783.1"
"52526560000";"2185000";"3296";"377791.1"
"52527641000";"2185000";"3296";"377799.4"
"52528721000";"2185000";"3296";"377807.4"
"52529801000";"2183900";"3296";"377815.3"
"52531143000";"2183900";"3296";"377823.7"
"52532224000";"2183900";"3296";"377831.6"
"52533308000";"2183900";"3296";"377839.9"
"52534389000";"2183900";"3296";"377847.9"
"52535469000";"2183900";"3296";"377855.8"
"52536811000";"2183900";"3296";"377864.2"
"52537891000";"2126900";"3296";"377872.1"
"52538972000";"2126900";"3296";"377880.5"
"52540052000";"2126900";"3296";"377888.4"
"52541132000";"2126900";"3296";"377896.4"
"52542476000";"2126900";"3296";"377904.7"
"52543561000";"2126900";"3296";"377912.6"
"52544641000";"2126900";"3296";"377920.6"
"52545721000";"2183400";"3296";"377928.5"
"52546813000";"2183400";"3296";"377936.9"
"52548155000";"2183400";"3296";"377946.3"
"52549234000";"2183400";"3296";"377954.3"
"52550314000";"2183400";"3296";"377962.6"
"52551393000";"2183400";"3296";"377970.6"
"52552473000";"2243400";"3296";"377978.5"
"52553822000";"2243400";"3296";"377986.8"
"52554901000";"2243400";"3296";"377995.2"
"52555982000";"2243400";"3296";"378003.1"
"52557061000";"2243400";"3296";"378011.1"
"52558142000";"2243400";"3296";"378019.0"
"52559484000";"2243400";"3296";"378027.4"
"52560565000";"2126500";"3296";"378035.3"
"52561645000";"2126500";"3296";"378043.3"
"52562726000";"2126500";"3296";"378051.6"
"52563811000";"2126500";"3296";"378059.5"
"52565153000";"2126500";"3296";"378067.9"
"52566233000";"2126500";"3296";"378075.8"
"52567313000";"2126500";"3296";"378083.8"
"52568393000";"2183900";"3296";"378091.7"
"52569473000";"2183900";"3296";"378099.7"
"52570816000";"2183900";"3296";"378108.0"
"52571896000";"2183900";"3296";"378116.3"
"52572982000";"2183900";"3296";"378124.3"
"52574062000";"2183900";"3296";"378132.6"
"52575142000";"2183900";"3296";"378140.6"
"52576485000";"2140500";"3296";"378148.9"
"52577565000";"2140500";"3296";"378156.8"
"52578645000";"2140500";"3296";"378164.8"
"52579725000";"2140500";"3296";"378173.1"
"52580805000";"2140500";"3296";"378181.1"
"52582148000";"2140500";"3296";"378189.4"
"52583233000";"2140500";"3296";"378197.3"
"52584313000";"2184100";"3296";"378205.3"
"52585392000";"2184100";"3296";"378213.2"
"52586472000";"2184100";"3296";"378221.2"
"52587815000";"2184100";"3296";"378229.5"
"52588900000";"2184100";"3296";"378237.9"
"52589980000";"2184100";"3296";"378245.8"
"52591061000";"2184100";"3296";"378253.8"
"52592141000";"2183700";"3296";"378261.7"
"52593489000";"2183700";"3296";"378271.6"
"52594569000";"2183700";"3296";"378279.9"
"52595649000";"2183700";"3296";"378287.8"
"52596730000";"2183700";"3296";"378295.8"
"52597810000";"2183700";"3296";"378303.7"
"52599153000";"2176200";"3296";"378312.1"
"52600233000";"2176200";"3296";"378320.0"
"52601313000";"2176200";"3296";"378328.4"
"52602393000";"2176200";"3296";"378336.3"
"52603478000";"2176200";"3296";"378344.3"
"52604819000";"2176200";"3296";"378352.6"
"52605900000";"2176200";"3296";"378360.5"
"52606980000";"2184100";"3296";"378368.5"
"52608060000";"2184100";"3296";"378376.4"
"52609141000";"2184100";"3296";"378384.8"
"52610485000";"2184100";"3296";"378393.1"
"52611564000";"2184100";"3296";"378401.0"
"52612644000";"2184100";"3296";"378409.0"
"52613729000";"2184100";"3296";"378416.9"
"52614810000";"2198100";"3297";"378425.3"
"52616152000";"2198100";"3297";"378433.6"
"52617232000";"2198100";"3297";"378441.5"
"52618311000";"2198100";"3297";"378449.5"
"52619391000";"2198100";"3296";"378457.5"
"52620471000";"2198100";"3296";"378465.8"
"52621815000";"2198100";"3296";"378473.7"
"52622900000";"2126900";"3296";"378482.1"
"52623980000";"2126900";"3296";"378490.0"
"52625060000";"2126900";"3297";"378498.0"
"52626140000";"2126900";"3297";"378505.9"
"52627482000";"2126900";"3297";"378515.8"
"52628563000";"2126900";"3297";"378523.7"
"52629642000";"2229500";"3297";"378531.7"
"52630727000";"2229500";"3297";"378539.6"
"52631807000";"2229500";"3297";"378547.9"
"52633155000";"2229500";"3297";"378556.3"
"52634235000";"2229500";"3297";"378564.2"
"52635314000";"2229500";"3297";"378572.2"
"52636394000";"2229500";"3297";"378580.5"
"52637473000";"2197800";"3297";"378588.5"
"52638816000";"2197800";"3297";"378596.8"
"52639896000";"2197800";"3297";"378604.7"
"52640976000";"2197800";"3297";"378612.7"
"52642055000";"2197800";"3297";"378620.6"
"52643141000";"2197800";"3297";"378628.6"
"52644485000";"2197800";"3297";"378636.9"
"52645566000";"2112100";"3297";"378644.9"
"52646645000";"2112100";"3297";"378653.2"
"52647725000";"2112100";"3297";"378661.1"
"52648805000";"2112100";"3297";"378669.1"
"52650147000";"2112100";"3297";"378678.9"
"52651227000";"2112100";"3297";"378686.9"
"52652307000";"2246800";"3297";"378694.8"
"52653392000";"2246800";"3297";"378703.2"
"52654473000";"2246800";"3297";"378711.1"
"52655817000";"2246800";"3297";"378721.0"
"52656897000";"2246800";"3297";"378728.9"
"52657977000";"2246800";"3297";"378736.9"
"52659056000";"2244500";"3297";"378744.8"
"52660137000";"2244500";"3297";"378752.8"
"52661480000";"2244500";"3297";"378762.6"
"52662559000";"2244500";"3297";"378770.6"
"52663645000";"2244500";"3297";"378778.5"
"52664725000";"2244500";"3297";"378786.5"
"52665806000";"2244300";"3297";"378794.8"
"52667149000";"2244300";"3297";"378803.1"
"52668229000";"2244300";"3297";"378811.1"
"52669309000";"2244300";"3297";"378819.0"
"52670389000";"2244300";"3297";"378827.0"
"52671470000";"2244300";"3297";"378835.0"
"52672817000";"2244300";"3297";"378843.7"
"52673902000";"2125200";"3297";"378851.6"
"52674983000";"2125200";"3297";"378859.6"
"52676062000";"2125200";"3297";"378867.9"
"52677142000";"2125200";"3297";"378875.8"
"52678485000";"2125200";"3297";"378884.2"
"52679564000";"2125200";"3297";"378892.1"
"52680644000";"2125200";"3297";"378900.1"
"52681724000";"2185700";"3297";"378908.0"
"52682804000";"2185700";"3297";"378916.4"
"52684151000";"2185700";"3297";"378925.8"
"52685232000";"2185700";"3297";"378933.8"
"52686311000";"2185700";"3296";"378941.7"
"52687392000";"2185700";"3297";"378950.1"
"52688472000";"2244700";"3297";"378958.0"
"52689814000";"2244700";"3297";"378966.3"
"52690894000";"2244700";"3297";"378974.3"
"52691973000";"2244700";"3297";"378982.2"
"52693059000";"2244700";"3297";"378990.6"
"52694138000";"2244700";"3296";"378998.5"
"52695481000";"2244700";"3296";"379006.8"
"52696561000";"2127200";"3296";"379014.8"
"52697641000";"2127200";"3296";"379023.1"
"52698721000";"2127200";"3296";"379031.1"
"52699802000";"2127200";"3297";"379039.0"
"52701145000";"2127200";"3297";"379047.3"
"52702224000";"2127200";"3297";"379055.3"
"52703310000";"2127200";"3297";"379063.3"
"52704390000";"2183500";"3297";"379071.2"
"52705470000";"2183500";"3297";"379079.2"
"52706813000";"2183500";"3296";"379087.5"
"52707893000";"2183500";"3296";"379095.4"
"52708972000";"2183500";"3296";"379103.8"
"52710053000";"2183500";"3296";"379111.7"
"52711132000";"2183500";"3296";"379119.7"
"52712476000";"2128100";"3296";"379128.0"
"52713561000";"2128100";"3296";"379136.3"
"52714646000";"2128100";"3296";"379144.3"
"52715726000";"2128100";"3296";"379152.2"
"52716805000";"2128100";"3296";"379160.2"
"52718148000";"2128100";"3296";"379170.0"
"52719229000";"2243000";"3296";"379178.0"
"52720309000";"2243000";"3296";"379185.9"
"52721388000";"2243000";"3296";"379193.9"
"52722468000";"2243000";"3296";"379202.2"
"52723816000";"2243000";"3296";"379210.5"
"52724896000";"2243000";"3296";"379218.5"
"52725976000";"2243000";"3296";"379226.4"
"52727056000";"2184300";"3296";"379234.4"
"52728135000";"2184300";"3296";"379242.3"
"52729478000";"2184300";"3296";"379250.7"
"52730557000";"2184300";"3296";"379258.6"
"52731637000";"2184300";"3296";"379266.9"
"52732718000";"2184300";"3296";"379274.9"
"52733803000";"2184300";"3296";"379282.8"
"52735146000";"2126900";"3296";"379291.2"
"52736226000";"2126900";"3296";"379299.5"
"52737306000";"2126900";"3296";"379307.5"
"52738385000";"2126900";"3296";"379315.4"
"52739465000";"2126900";"3296";"379323.4"
"52740807000";"2126900";"3296";"379331.7"
"52741887000";"2126900";"3296";"379339.6"
"52742973000";"2198800";"3296";"379348.0"
"52744053000";"2198800";"3296";"379355.9"
"52745132000";"2198800";"3296";"379363.9"
"52746474000";"2198800";"3296";"379372.2"
"52747555000";"2198800";"3296";"379380.1"
"52748635000";"2198800";"3296";"379388.1"
"52749715000";"2198800";"3296";"379396.4"
"52750794000";"2185900";"3296";"379404.4"
"52752137000";"2185900";"3296";"379412.7"
"52753223000";"2185900";"3296";"379420.7"
"52754303000";"2185900";"3296";"379428.6"
"52755383000";"2185900";"3296";"379436.9"
"52756529000";"2185900";"3296";"379444.9"
"52757872000";"2155800";"3296";"379454.7"
"52758952000";"2155800";"3296";"379462.7"
"52760031000";"2155800";"3296";"379470.6"
"52761111000";"2155800";"3296";"379478.6"
"52762191000";"2155800";"3296";"379486.9"
"52763538000";"2155800";"3296";"379495.2"
"52764618000";"2155800";"3296";"379503.2"
"52765698000";"2184300";"3296";"379511.1"
"52766778000";"2184300";"3296";"379519.1"
"52767857000";"2184300";"3296";"379527.1"
"52769200000";"2184300";"3296";"379535.4"
"52770281000";"2184300";"3296";"379543.3"
"52771361000";"2184300";"3296";"379551.7"
"52772441000";"2184300";"3296";"379559.6"
"52773526000";"2183900";"3296";"379567.6"
"52774869000";"2183900";"3296";"379575.9"
"52775950000";"2183900";"3296";"379584.2"
"52777029000";"2183900";"3297";"379592.2"
"52778110000";"2183900";"3297";"379600.1"
"52779190000";"2183900";"3296";"379608.1"
"52780533000";"2183900";"3296";"379616.4"
"52781612000";"2127900";"3296";"379624.3"
"52782692000";"2127900";"3296";"379632.3"
"52783777000";"2127900";"3296";"379640.6"
"52784858000";"2127900";"3296";"379648.6"
"52786201000";"2127900";"3296";"379656.9"
"52787281000";"2127900";"3296";"379664.9"
"52788360000";"2127900";"3296";"379672.8"
"52789439000";"2184300";"3296";"379680.8"
"52790519000";"2184300";"3296";"379688.7"
"52791861000";"2184300";"3296";"379697.0"
"52792946000";"2184300";"3296";"379705.4"
"52794026000";"2184300";"3296";"379713.3"
"52795105000";"2184300";"3296";"379721.7"
"52796185000";"2184300";"3296";"379729.6"
"52797527000";"2198800";"3296";"379739.4"
"52798611000";"2198800";"3296";"379747.4"
"52799692000";"2198800";"3296";"379755.4"
"52800771000";"2198800";"3296";"379763.3"
"52801852000";"2198800";"3296";"379771.6"
"52803201000";"2198800";"3297";"379780.0"
"52804280000";"2198800";"3297";"379787.9"
"52805360000";"2182500";"3297";"379795.9"
"52806440000";"2182500";"3297";"379803.8"
"52807520000";"2182500";"3297";"379811.8"
"52808862000";"2182500";"3297";"379821.6"
"52809943000";"2182500";"3297";"379829.6"
"52811022000";"2182500";"3296";"379837.5"
"52812102000";"2246800";"3296";"379845.8"
"52813187000";"2246800";"3296";"379853.8"
"52814530000";"2246800";"3296";"379863.6"
"52815610000";"2246800";"3296";"379871.6"
"52816689000";"2246800";"3297";"379879.6"
"52817770000";"2246800";"3297";"379887.5"
"52818850000";"2244700";"3297";"379895.8"
"52820192000";"2244700";"3296";"379904.2"
"52821271000";"2244700";"3296";"379912.1"
"52822350000";"2244700";"3296";"379920.1"
"52823436000";"2244700";"3297";"379928.0"
"52824516000";"2244700";"3297";"379936.0"
"52825858000";"2244700";"3297";"379944.3"
"52826938000";"2113300";"3297";"379952.2"
"52828018000";"2113300";"3296";"379960.2"
"52829098000";"2113300";"3297";"379968.5"
"52830179000";"2113300";"3297";"379976.5"
"52831521000";"2113300";"3297";"379985.9"
"52832602000";"2113300";"3297";"379994.3"
"52833688000";"2244100";"3297";"380002.2"
"52834768000";"2244100";"3297";"380010.6"
"52835848000";"2244100";"3297";"380018.5"
"52837192000";"2244100";"3297";"380026.8"
"52838272000";"2244100";"3297";"380034.8"
"52839353000";"2244100";"3297";"380042.7"
"52840437000";"2244100";"3297";"380051.1"
"52841517000";"2198300";"3297";"380059.0"
"52842865000";"2198300";"3297";"380067.3"
"52843945000";"2198300";"3297";"380075.3"
"52845025000";"2198300";"3297";"380083.2"
"52846105000";"2198300";"3297";"380091.2"
"52847185000";"2198300";"3297";"380099.1"
"52848528000";"2198300";"3297";"380107.5"
"52849608000";"2112400";"3297";"380115.4"
"52850688000";"2112400";"3297";"380123.8"
"52851767000";"2112400";"3297";"380131.7"
"52852853000";"2112400";"3297";"380139.7"
"52854196000";"2112400";"3297";"380148.0"
"52855276000";"2112400";"3297";"380156.3"
"52856357000";"2112400";"3297";"380164.3"
"52857437000";"2198300";"3297";"380172.2"
"52858517000";"2198300";"3297";"380180.2"
"52859859000";"2198300";"3296";"380190.0"
"52860940000";"2198300";"3296";"380198.0"
"52862020000";"2198300";"3296";"380205.9"
"52863106000";"2198300";"3296";"380214.3"
"52864186000";"2244300";"3296";"380222.2"
"52865529000";"2244300";"3296";"380230.5"
"52866608000";"2244300";"3296";"380238.5"
"52867689000";"2244300";"3296";"380246.4"
"52868768000";"2244300";"3296";"380254.4"
"52869848000";"2244300";"3296";"380262.7"
"52871190000";"2244300";"3296";"380271.0"
"52872270000";"2128700";"3296";"380279.0"
"52873356000";"2128700";"3296";"380286.9"
"52874435000";"2128700";"3297";"380294.9"
"52875516000";"2128700";"3297";"380303.2"
"52876858000";"2128700";"3297";"380311.5"
"52877938000";"2128700";"3297";"380319.5"
"52879017000";"2128700";"3297";"380327.4"
"52880096000";"2184300";"3297";"380335.4"
"52881177000";"2184300";"3297";"380343.7"
"52882525000";"2184300";"3297";"380352.1"
"52883610000";"2184300";"3297";"380360.0"
"52884690000";"2184300";"3297";"380368.0"
"52885770000";"2184300";"3297";"380375.9"
"52886850000";"2184300";"3297";"380383.9"
"52888193000";"2125200";"3297";"380392.2"
"52889273000";"2125200";"3296";"380400.1"
"52890353000";"2125200";"3297";"380408.5"
"52891433000";"2125200";"3297";"380416.4"
"52892513000";"2125200";"3297";"380424.4"
"52893861000";"2125200";"3297";"380432.7"
"52894941000";"2125200";"3297";"380441.0"
"52896021000";"2198500";"3297";"380449.0"
"52897101000";"2198500";"3297";"380456.9"
"52898181000";"2198500";"3297";"380464.9"
"52899524000";"2198500";"3297";"380473.2"
"52900605000";"2198500";"3296";"380481.2"
"52901685000";"2198500";"3297";"380489.1"
"52902766000";"2198500";"3297";"380497.4"
"52903852000";"2183200";"3297";"380505.4"
"52905195000";"2183200";"3297";"380514.9"
"52906275000";"2183200";"3297";"380523.2"
"52907354000";"2183200";"3297";"380531.1"
"52908433000";"2183200";"3297";"380539.1"
"52909513000";"2183200";"3297";"380547.0"
"52910855000";"2162300";"3297";"380555.4"
"52911936000";"2162300";"3297";"380563.3"
"52913021000";"2162300";"3297";"380571.7"
"52914100000";"2162300";"3297";"380579.6"
"52915180000";"2162300";"3297";"380587.9"
"52916523000";"2162300";"3297";"380597.4"
"52917603000";"2261800";"3297";"380605.7"
"52918684000";"2261800";"3297";"380613.7"
"52919763000";"2261800";"3297";"380621.6"
"52920842000";"2261800";"3297";"380629.6"
"52922186000";"2261800";"3297";"380637.9"
"52923271000";"2261800";"3297";"380645.9"
"52924357000";"2261800";"3297";"380653.8"
"52925436000";"2182600";"3297";"380662.2"
"52926516000";"2182600";"3297";"380670.1"
"52927858000";"2182600";"3297";"380678.4"
"52928938000";"2182600";"3297";"380686.4"
"52930018000";"2182600";"3297";"380694.3"
"52931097000";"2182600";"3296";"380702.3"
"52932177000";"2182600";"3296";"380710.6"
"52933525000";"2169900";"3296";"380720.1"
"52934605000";"2169900";"3296";"380728.4"
"52935685000";"2169900";"3296";"380736.4"
"52936765000";"2169900";"3296";"380744.3"
"52937845000";"2169900";"3296";"380752.6"
"52939189000";"2169900";"3296";"380760.6"
"52940268000";"2169900";"3296";"380768.9"
"52941349000";"2199900";"3296";"380776.9"
"52942428000";"2199900";"3296";"380784.8"
"52943513000";"2199900";"3296";"380792.8"
"52944857000";"2199900";"3296";"380801.1"
"52945937000";"2199900";"3296";"380809.0"
"52947017000";"2199900";"3296";"380817.0"
"52948097000";"2199900";"3296";"380825.0"
"52949177000";"2183700";"3296";"380833.3"
"52950521000";"2183700";"3296";"380841.6"
"52951601000";"2183700";"3296";"380849.6"
"52952681000";"2183700";"3296";"380857.5"
"52953767000";"2183700";"3296";"380865.5"
"52954847000";"2183700";"3297";"380873.8"
"52956190000";"2183700";"3297";"380882.1"
"52957269000";"2126400";"3297";"380890.1"
"52958350000";"2126400";"3296";"380898.0"
"52959431000";"2126400";"3296";"380906.4"
"52960510000";"2126400";"3296";"380914.3"
"52961853000";"2126400";"3296";"380922.2"
"52962939000";"2126400";"3296";"380930.6"
"52964018000";"2126400";"3296";"380938.5"
"52965097000";"2183900";"3296";"380946.5"
"52966243000";"2183900";"3296";"380954.4"
"52967587000";"2183900";"3296";"380962.8"
"52968667000";"2183900";"3297";"380971.1"
"52969746000";"2183900";"3297";"380979.0"
"52970826000";"2183900";"3297";"380987.0"
"52971907000";"2183900";"3297";"380994.9"
"52973255000";"2109200";"3297";"381003.3"
"52974334000";"2109200";"3297";"381011.2"
"52975415000";"2109200";"3297";"381019.5"
"52976494000";"2109200";"3297";"381027.5"
"52977574000";"2109200";"3297";"381035.5"
"52978916000";"2109200";"3297";"381043.8"
"52979996000";"2109200";"3297";"381051.7"
"52981077000";"2185500";"3297";"381059.7"
"52982157000";"2185500";"3297";"381068.0"
"52983243000";"2185500";"3297";"381076.0"
"52984586000";"2185500";"3297";"381084.3"
"52985667000";"2185500";"3297";"381092.2"
"52986746000";"2185500";"3297";"381100.2"
"52987825000";"2185500";"3297";"381108.1"
"52988906000";"2183500";"3297";"381116.1"
"52990248000";"2183500";"3297";"381124.4"
"52991328000";"2183500";"3297";"381132.4"
"52992407000";"2183500";"3297";"381140.3"
"52993492000";"2183500";"3297";"381148.7"
"52994572000";"2183500";"3297";"381156.6"
"52995915000";"2183500";"3297";"381164.9"
"52996995000";"2127000";"3297";"381172.9"
"52998074000";"2127000";"3297";"381180.8"
"52999155000";"2127000";"3297";"381189.2"
"53000235000";"2127000";"3297";"381197.1"
"53001577000";"2127000";"3298";"381205.1"
"53002657000";"2127000";"3298";"381213.4"
"53003743000";"2127000";"3298";"381221.3"
"53004823000";"2184100";"3298";"381229.3"
"53005902000";"2184100";"3298";"381237.2"
"53007245000";"2184100";"3298";"381245.6"
"53008329000";"2184100";"3297";"381253.5"
"53009410000";"2184100";"3297";"381261.5"
"53010490000";"2184100";"3297";"381269.8"
"53011569000";"2184100";"3297";"381277.8"
"53012917000";"2125800";"3297";"381286.1"
"53013997000";"2125800";"3297";"381294.0"
"53015076000";"2125800";"3297";"381302.0"
"53016156000";"2125800";"3297";"381310.3"
"53017236000";"2125800";"3297";"381318.3"
"53018579000";"2125800";"3297";"381326.6"
"53019658000";"2125800";"3297";"381334.5"
"53020739000";"2185500";"3297";"381342.5"
"53021818000";"2185500";"3297";"381350.4"
"53022903000";"2185500";"3297";"381358.4"
"53024247000";"2185500";"3297";"381366.7"
"53025326000";"2185500";"3297";"381374.7"
"53026407000";"2185500";"3297";"381382.6"
"53027486000";"2185500";"3297";"381390.6"
"53028567000";"2183900";"3297";"381398.9"
"53029909000";"2183900";"3297";"381406.8"
"53030990000";"2183900";"3297";"381415.2"
"53032071000";"2183900";"3297";"381423.1"
"53033156000";"2183900";"3297";"381431.1"
"53034236000";"2183900";"3297";"381439.4"
"53035578000";"2159900";"3297";"381448.9"
"53036658000";"2159900";"3297";"381457.2"
"53037737000";"2159900";"3297";"381465.2"
"53038816000";"2159900";"3297";"381473.1"
"53039897000";"2159900";"3297";"381481.1"
"53041239000";"2159900";"3297";"381489.4"
"53042318000";"2159900";"3297";"381497.3"
"53043403000";"2184600";"3297";"381505.3"
"53044483000";"2184600";"3297";"381513.2"
"53045562000";"2184600";"3297";"381521.2"
"53046906000";"2184600";"3297";"381529.5"
"53047985000";"2184600";"3297";"381537.5"
"53049065000";"2184600";"3297";"381545.4"
"53050150000";"2184600";"3297";"381553.8"
"53051229000";"2184400";"3297";"381561.7"
"53052572000";"2184400";"3297";"381570.0"
"53053658000";"2184400";"3297";"381578.0"
"53054738000";"2184400";"3297";"381585.9"
"53055819000";"2184400";"3297";"381594.3"
"53056899000";"2184400";"3297";"381602.2"
"53058241000";"2184400";"3297";"381610.5"
"53059321000";"2126400";"3297";"381618.5"
"53060401000";"2126400";"3297";"381626.4"
"53061482000";"2126400";"3297";"381634.4"
"53062561000";"2126400";"3297";"381642.3"
"53063910000";"2126400";"3297";"381650.7"
"53064990000";"2126400";"3297";"381658.6"
"53066069000";"2126400";"3297";"381666.6"
"53067148000";"2169300";"3297";"381674.5"
"53068228000";"2169300";"3297";"381682.5"
"53069571000";"2169300";"3297";"381692.3"
"53070651000";"2169300";"3297";"381700.3"
"53071731000";"2169300";"3297";"381708.2"
"53072812000";"2169300";"3297";"381716.2"
"53073898000";"2244300";"3297";"381724.5"
"53075241000";"2244300";"3297";"381732.8"
"53076320000";"2244300";"3297";"381740.8"
"53077399000";"2244300";"3297";"381748.7"
"53078480000";"2244300";"3297";"381756.7"
"53079559000";"2244300";"3297";"381764.6"
"53080903000";"2244300";"3297";"381773.0"
"53081982000";"2114100";"3298";"381780.9"
"53083068000";"2114100";"3298";"381789.2"
"53084148000";"2114100";"3298";"381797.2"
"53085228000";"2114100";"3298";"381805.1"
"53086571000";"2114100";"3297";"381814.6"
"53087651000";"2114100";"3297";"381822.6"
"53088730000";"2244700";"3297";"381830.9"
"53089811000";"2244700";"3297";"381838.8"
"53090890000";"2244700";"3297";"381846.8"
"53092238000";"2244700";"3297";"381855.1"
"53093323000";"2244700";"3297";"381863.1"
"53094403000";"2244700";"3297";"381871.4"
"53095482000";"2244700";"3297";"381879.4"
"53096561000";"2183000";"3297";"381887.3"
"53097904000";"2183000";"3297";"381895.6"
"53098985000";"2183000";"3297";"381903.6"
"53100065000";"2183000";"3297";"381911.5"
"53101145000";"2183000";"3297";"381919.5"
"53102224000";"2183000";"3298";"381927.8"
"53103573000";"2183000";"3298";"381935.8"
"53104653000";"2112200";"3297";"381943.7"
"53105733000";"2112200";"3298";"381952.0"
"53106812000";"2112200";"3298";"381960.0"
"53107892000";"2112200";"3298";"381967.9"
"53109235000";"2112200";"3297";"381976.3"
"53110315000";"2112200";"3297";"381984.2"
"53111395000";"2112200";"3298";"381992.2"
"53112476000";"2185300";"3297";"382000.1"
"53113561000";"2185300";"3297";"382008.5"
"53114903000";"2185300";"3297";"382017.9"
"53115983000";"2185300";"3297";"382026.3"
"53117063000";"2185300";"3297";"382034.2"
"53118144000";"2185300";"3297";"382042.2"
"53119223000";"2244900";"3297";"382050.1"
"53120566000";"2244900";"3297";"382058.4"
"53121645000";"2244900";"3297";"382066.4"
"53122725000";"2244900";"3297";"382074.3"
"53123811000";"2244900";"3297";"382082.3"
"53124891000";"2244900";"3297";"382090.2"
"53126234000";"2244900";"3297";"382098.6"
"53127315000";"2112200";"3297";"382106.5"
"53128395000";"2112200";"3297";"382114.8"
"53129474000";"2112200";"3297";"382122.8"
"53130554000";"2112200";"3297";"382130.8"
"53131897000";"2112200";"3297";"382139.1"
"53132982000";"2112200";"3297";"382147.0"
"53134067000";"2112200";"3297";"382155.4"
"53135147000";"2197400";"3297";"382163.3"
"53136227000";"2197400";"3297";"382171.3"
"53137569000";"2197400";"3297";"382179.6"
"53138649000";"2197400";"3297";"382187.5"
"53139729000";"2197400";"3297";"382195.9"
"53140810000";"2197400";"3297";"382203.8"
"53141889000";"2197400";"3297";"382211.8"
"53143237000";"2184200";"3297";"382221.6"
"53144317000";"2184200";"3297";"382229.6"
"53145397000";"2184200";"3297";"382237.5"
"53146477000";"2184200";"3297";"382245.5"
"53147557000";"2184200";"3297";"382253.4"
"53148899000";"2184200";"3297";"382261.7"
"53149978000";"2184200";"3297";"382269.7"
"53151058000";"2170900";"3297";"382277.7"
"53152138000";"2170900";"3297";"382285.6"
"53153224000";"2170900";"3297";"382293.9"
"53154566000";"2170900";"3297";"382302.3"
"53155646000";"2170900";"3297";"382310.2"
"53156726000";"2170900";"3297";"382318.2"
"53157806000";"2170900";"3297";"382326.5"
"53158886000";"2198700";"3297";"382334.4"
"53160229000";"2198700";"3297";"382342.8"
"53161308000";"2198700";"3297";"382350.7"
"53162387000";"2198700";"3297";"382358.7"
"53163473000";"2198700";"3297";"382366.6"
"53164553000";"2198700";"3297";"382374.6"
"53165896000";"2198700";"3297";"382382.9"
"53166976000";"2112600";"3297";"382390.8"
"53168056000";"2112600";"3297";"382398.8"
"53169136000";"2112600";"3297";"382406.8"
"53170216000";"2112600";"3297";"382414.7"
"53171559000";"2112600";"3297";"382423.0"
"53172639000";"2112600";"3297";"382431.0"
"53173724000";"2112600";"3297";"382439.3"
"53174805000";"2183700";"3297";"382447.3"
"53175885000";"2183700";"3297";"382455.2"
"53177232000";"2183700";"3297";"382463.5"
"53178313000";"2183700";"3297";"382471.5"
"53179392000";"2183700";"3297";"382479.8"
"53180473000";"2183700";"3297";"382487.8"
"53181552000";"2183700";"3297";"382495.7"
"53182901000";"2168100";"3297";"382505.2"
"53183980000";"2168100";"3297";"382513.1"
"53185061000";"2168100";"3297";"382521.5"
"53186141000";"2168100";"3297";"382529.4"
"53187221000";"2168100";"3297";"382537.4"
"53188563000";"2168100";"3297";"382545.7"
"53189642000";"2168100";"3297";"382553.7"
"53190722000";"2185700";"3297";"382561.6"
"53191801000";"2185700";"3297";"382569.6"
"53192886000";"2185700";"3297";"382577.5"
"53194229000";"2185700";"3297";"382587.4"
"53195308000";"2185700";"3297";"382595.3"
"53196388000";"2185700";"3297";"382603.3"
"53197468000";"2245300";"3297";"382611.6"
"53198549000";"2245300";"3297";"382619.5"
"53199892000";"2245300";"3297";"382627.9"
"53200971000";"2245300";"3297";"382635.8"
"53202051000";"2245300";"3297";"382643.8"
"53203137000";"2245300";"3297";"382651.7"
"53204217000";"2245300";"3297";"382659.7"
"53205559000";"2112400";"3297";"382668.0"
"53206639000";"2112400";"3297";"382675.9"
"53207719000";"2112400";"3297";"382683.9"
"53208800000";"2112400";"3297";"382692.2"
"53209880000";"2112400";"3297";"382700.2"
"53211223000";"2112400";"3297";"382708.5"
"53212304000";"2112400";"3297";"382716.5"
"53213389000";"2183400";"3297";"382724.4"
"53214469000";"2183400";"3297";"382732.4"
"53215549000";"2183400";"3297";"382740.7"
"53216892000";"2183400";"3297";"382750.2"
"53217977000";"2183400";"3297";"382758.5"
"53219056000";"2183400";"3297";"382766.4"
"53220135000";"2245300";"3297";"382774.4"
"53221216000";"2245300";"3297";"382782.3"
"53222558000";"2245300";"3297";"382790.7"
"53223643000";"2245300";"3297";"382798.6"
"53224723000";"2245300";"3297";"382806.6"
"53225804000";"2245300";"3297";"382814.5"
"53226883000";"2245300";"3297";"382822.5"
"53228225000";"2169700";"3297";"382832.3"
"53229305000";"2169700";"3297";"382840.3"
"53230384000";"2169700";"3297";"382848.2"
"53231465000";"2169700";"3297";"382856.2"
"53232544000";"2169700";"3297";"382864.1"
"53233892000";"2169700";"3297";"382872.4"
"53234972000";"2169700";"3297";"382880.8"
"53236053000";"2184100";"3297";"382888.7"
"53237132000";"2184100";"3297";"382896.7"
"53238213000";"2184100";"3297";"382904.6"
"53239555000";"2184100";"3297";"382913.0"
"53240635000";"2184100";"3297";"382920.9"
"53241715000";"2184100";"3297";"382929.2"
"53242796000";"2184100";"3297";"382937.2"
"53243881000";"2183900";"3297";"382945.1"
"53245224000";"2183900";"3297";"382953.5"
"53246303000";"2183900";"3297";"382961.4"
"53247382000";"2183900";"3297";"382969.4"
"53248462000";"2183900";"3297";"382977.3"
"53249541000";"2183900";"3297";"382985.3"
"53250883000";"2183900";"3297";"382993.6"
"53251964000";"2114400";"3297";"383001.5"
"53253049000";"2114400";"3297";"383009.5"
"53254129000";"2114400";"3297";"383017.5"
"53255210000";"2114400";"3297";"383025.8"
"53256553000";"2114400";"3297";"383034.1"
"53257632000";"2114400";"3297";"383042.1"
"53258712000";"2114400";"3297";"383050.0"
"53259845000";"2168900";"3297";"383058.0"
"53260926000";"2168900";"3297";"383066.3"
"53262268000";"2168900";"3297";"383074.2"
"53263354000";"2168900";"3297";"383082.2"
"53264434000";"2168900";"3297";"383090.1"
"53265514000";"2168900";"3297";"383098.5"
"53266595000";"2168900";"3297";"383106.4"
"53267937000";"2112100";"3297";"383114.4"
"53269018000";"2112100";"3297";"383122.7"
"53270097000";"2112100";"3297";"383130.6"
"53271177000";"2112100";"3297";"383138.6"
"53272257000";"2112100";"3297";"383146.6"
"53273605000";"2112100";"3297";"383154.9"
"53274685000";"2112100";"3297";"383162.8"
"53275766000";"2198500";"3297";"383171.2"
"53276845000";"2198500";"3297";"383179.1"
"53277925000";"2198500";"3297";"383187.1"
"53279268000";"2198500";"3297";"383195.4"
"53280348000";"2198500";"3297";"383203.3"
"53281428000";"2198500";"3297";"383211.3"
"53282508000";"2198500";"3297";"383219.6"
"53283593000";"2184100";"3297";"383227.6"
"53284936000";"2184100";"3297";"383237.0"
"53286016000";"2184100";"3297";"383245.0"
"53287095000";"2184100";"3297";"383252.9"
"53288176000";"2184100";"3297";"383260.9"
"53289256000";"2184100";"3297";"383269.2"
"53290598000";"2145400";"3297";"383277.2"
"53291678000";"2145400";"3297";"383285.5"
"53292758000";"2145400";"3297";"383293.5"
"53293843000";"2145400";"3297";"383301.4"
"53294922000";"2145400";"3297";"383309.4"
"53296266000";"2145400";"3297";"383319.2"
"53297345000";"2245100";"3297";"383327.2"
"53298425000";"2245100";"3297";"383335.1"
"53299505000";"2245100";"3297";"383343.4"
"53300585000";"2245100";"3297";"383351.4"
"53301932000";"2245100";"3297";"383361.2"
"53303017000";"2245100";"3297";"383369.2"
"53304097000";"2243400";"3297";"383377.1"
"53305177000";"2243400";"3297";"383385.1"
"53306257000";"2243400";"3297";"383393.0"
"53307600000";"2243400";"3297";"383401.4"
"53308681000";"2243400";"3297";"383409.3"
"53309761000";"2243400";"3297";"383417.7"
"53310841000";"2243400";"3297";"383425.6"
"53311921000";"2185000";"3297";"383433.6"
"53313269000";"2185000";"3297";"383441.9"
"53314349000";"2185000";"3297";"383449.8"
"53315429000";"2185000";"3297";"383458.2"
"53316508000";"2185000";"3297";"383466.1"
"53317587000";"2185000";"3297";"383474.1"
"53318929000";"2185000";"3297";"383482.4"
"53320009000";"2127500";"3297";"383490.3"
"53321089000";"2127500";"3297";"383498.3"
"53322169000";"2127500";"3297";"383506.2"
"53323255000";"2127500";"3297";"383514.2"
"53324598000";"2127500";"3296";"383522.5"
"53325679000";"2127500";"3296";"383530.5"
"53326759000";"2127500";"3296";"383538.4"
"53327840000";"2183000";"3296";"383546.8"
"53328920000";"2183000";"3296";"383554.7"
"53330262000";"2183000";"3297";"383562.6"
"53331342000";"2183000";"3297";"383571.0"
"53332422000";"2183000";"3297";"383578.9"
"53333507000";"2183000";"3296";"383586.9"
"53334587000";"2183000";"3297";"383595.2"
"53335929000";"2127000";"3297";"383603.5"
"53337009000";"2127000";"3297";"383611.5"
"53338088000";"2127000";"3297";"383619.4"
"53339168000";"2127000";"3297";"383627.4"
"53340248000";"2127000";"3297";"383635.3"
"53341590000";"2127000";"3296";"383643.7"
"53342670000";"2127000";"3296";"383651.6"
"53343760000";"2183200";"3296";"383659.9"
"53344839000";"2183200";"3296";"383667.9"
"53345919000";"2183200";"3296";"383675.9"
"53347262000";"2183200";"3296";"383684.2"
"53348342000";"2183200";"3296";"383692.1"
"53349422000";"2183200";"3296";"383700.1"
"53350502000";"2183200";"3296";"383708.0"
"53351583000";"2170400";"3296";"383716.0"
"53352931000";"2170400";"3296";"383724.3"
"53354011000";"2170400";"3296";"383732.6"
"53355091000";"2170400";"3297";"383740.6"
"53356172000";"2170400";"3296";"383748.5"
"53357251000";"2170400";"3296";"383756.5"
"53358595000";"2170400";"3296";"383764.8"
"53359676000";"2126200";"3296";"383772.8"
"53360756000";"2126200";"3296";"383781.1"
"53361836000";"2126200";"3296";"383789.0"
"53362922000";"2126200";"3296";"383797.0"
"53364264000";"2126200";"3296";"383805.3"
"53365343000";"2126200";"3296";"383813.3"
"53366423000";"2126200";"3296";"383821.2"
"53367502000";"2184400";"3296";"383829.2"
"53368582000";"2184400";"3296";"383837.1"
"53369925000";"2184400";"3296";"383845.5"
"53371005000";"2184400";"3296";"383853.4"
"53372085000";"2184400";"3296";"383861.4"
"53373171000";"2184400";"3296";"383869.7"
"53374252000";"2184400";"3296";"383877.6"
"53375594000";"2126200";"3296";"383886.0"
"53376673000";"2126200";"3296";"383893.9"
"53377753000";"2126200";"3296";"383902.2"
"53378833000";"2126200";"3296";"383910.2"
"53379913000";"2126200";"3296";"383918.2"
"53381256000";"2126200";"3296";"383926.5"
"53382336000";"2126200";"3296";"383934.4"
"53383421000";"2184300";"3296";"383942.4"
"53384501000";"2184300";"3296";"383950.3"
"53385580000";"2184300";"3296";"383958.3"
"53386928000";"2184300";"3296";"383966.6"
"53388009000";"2184300";"3296";"383974.6"
"53389089000";"2184300";"3296";"383982.9"
"53390169000";"2184300";"3296";"383990.8"
"53391249000";"2183900";"3296";"383998.8"
"53392593000";"2183900";"3296";"384007.1"
"53393678000";"2183900";"3296";"384015.4"
"53394758000";"2183900";"3296";"384023.4"
"53395838000";"2183900";"3296";"384031.3"
"53396917000";"2183900";"3296";"384039.3"
"53398259000";"2183900";"3296";"384047.6"
"53399339000";"2141100";"3296";"384056.0"
"53400419000";"2141100";"3296";"384063.9"
"53401500000";"2141100";"3296";"384071.9"
"53402579000";"2141100";"3296";"384079.8"
"53403928000";"2141100";"3296";"384088.1"
"53405008000";"2141100";"3296";"384096.1"
"53406087000";"2141100";"3296";"384104.0"
"53407166000";"2169300";"3296";"384112.0"
"53408247000";"2169300";"3296";"384119.9"
"53409589000";"2169300";"3296";"384128.3"
"53410669000";"2169300";"3296";"384136.2"
"53411748000";"2169300";"3296";"384144.5"
"53412827000";"2169300";"3296";"384152.5"
"53413913000";"2169300";"3296";"384160.4"
"53415256000";"2184200";"3296";"384170.3"
"53416336000";"2184200";"3296";"384178.2"
"53417415000";"2184200";"3296";"384186.6"
"53418496000";"2184200";"3296";"384194.5"
"53419575000";"2184200";"3296";"384202.5"
"53420917000";"2184200";"3296";"384210.8"
"53421996000";"2184200";"3296";"384218.8"
"53423082000";"2184400";"3296";"384226.7"
"53424161000";"2184400";"3296";"384234.7"
"53425241000";"2184400";"3296";"384242.6"
"53426584000";"2184400";"3296";"384250.9"
"53427668000";"2184400";"3296";"384258.9"
"53428748000";"2184400";"3296";"384267.2"
"53429828000";"2184400";"3296";"384275.2"
"53430907000";"2184600";"3296";"384283.1"
"53432250000";"2184600";"3296";"384291.4"
"53433336000";"2184600";"3296";"384299.4"
"53434416000";"2184600";"3296";"384307.3"
"53435496000";"2184600";"3296";"384315.7"
"53436575000";"2184600";"3296";"384323.6"
"53437918000";"2184600";"3296";"384332.0"
"53438997000";"2127000";"3296";"384339.9"
"53440078000";"2127000";"3296";"384347.9"
"53441157000";"2127000";"3296";"384356.2"
"53442238000";"2127000";"3296";"384364.1"
"53443585000";"2127000";"3296";"384373.6"
"53444665000";"2127000";"3296";"384381.6"
"53445745000";"2244700";"3296";"384389.9"
"53446825000";"2244700";"3296";"384397.8"
"53447905000";"2244700";"3296";"384405.8"
"53449248000";"2244700";"3296";"384415.3"
"53450327000";"2244700";"3296";"384423.6"
"53451407000";"2244700";"3296";"384431.5"
"53452487000";"2229500";"3296";"384439.5"
"53453572000";"2229500";"3296";"384447.5"
"53454915000";"2229500";"3296";"384455.8"
"53455994000";"2229500";"3296";"384464.1"
"53457075000";"2229500";"3296";"384472.1"
"53458154000";"2229500";"3296";"384480.0"
"53459235000";"2229500";"3296";"384488.0"
"53460578000";"2126700";"3296";"384496.3"
"53461658000";"2126700";"3296";"384504.2"
"53462737000";"2126700";"3296";"384512.6"
"53463822000";"2126700";"3296";"384520.5"
"53464903000";"2126700";"3297";"384528.5"
"53466245000";"2126700";"3297";"384536.8"
"53467326000";"2126700";"3297";"384544.7"
"53468406000";"2183900";"3297";"384552.7"
"53469486000";"2183900";"3296";"384560.6"
"53470570000";"2183900";"3296";"384568.6"
"53471914000";"2183900";"3296";"384578.4"
"53472999000";"2183900";"3297";"384586.8"
"53474079000";"2183900";"3297";"384594.7"
"53475158000";"2243400";"3296";"384602.7"
"53476238000";"2243400";"3296";"384610.6"
"53477581000";"2243400";"3296";"384619.0"
"53478661000";"2243400";"3296";"384627.3"
"53479740000";"2243400";"3296";"384635.2"
"53480820000";"2243400";"3296";"384643.2"
"53481900000";"2243400";"3296";"384651.1"
"53483249000";"2183600";"3297";"384661.0"
"53484330000";"2183600";"3297";"384668.9"
"53485410000";"2183600";"3297";"384676.9"
"53486489000";"2183600";"3297";"384684.8"
"53487569000";"2183600";"3296";"384692.8"
"53488912000";"2183600";"3296";"384701.1"
"53489992000";"2183600";"3296";"384709.1"
"53491072000";"2185500";"3296";"384717.4"
"53492152000";"2185500";"3296";"384725.4"
"53493237000";"2185500";"3296";"384733.3"
"53494579000";"2185500";"3296";"384741.6"
"53495658000";"2185500";"3296";"384749.6"
"53496739000";"2185500";"3296";"384757.9"
"53497820000";"2185500";"3296";"384765.9"
"53498899000";"2183900";"3296";"384773.8"
"53500242000";"2183900";"3296";"384782.1"
"53501322000";"2183900";"3296";"384790.1"
"53502401000";"2183900";"3296";"384798.0"
"53503487000";"2183900";"3296";"384806.4"
"53504567000";"2183900";"3296";"384814.3"
"53505911000";"2183900";"3296";"384822.7"
"53506991000";"2126500";"3296";"384830.6"
"53508071000";"2126500";"3296";"384838.6"
"53509152000";"2126500";"3296";"384846.5"
"53510231000";"2126500";"3296";"384854.5"
"53511578000";"2126500";"3296";"384862.8"
"53512659000";"2126500";"3296";"384870.7"
"53513745000";"2126500";"3296";"384879.1"
"53514824000";"2182500";"3296";"384887.0"
"53515904000";"2182500";"3296";"384895.0"
"53517248000";"2182500";"3296";"384903.3"
"53518327000";"2182500";"3296";"384911.2"
"53519408000";"2182500";"3296";"384919.2"
"53520488000";"2182500";"3296";"384927.5"
"53521568000";"2182500";"3296";"384935.5"
"53522917000";"2126200";"3296";"384943.8"
"53523997000";"2126200";"3297";"384951.8"
"53525077000";"2126200";"3297";"384959.7"
"53526156000";"2126200";"3297";"384967.7"
"53527235000";"2126200";"3297";"384975.6"
"53528579000";"2126200";"3297";"384983.9"
"53529658000";"2126200";"3296";"384991.9"
"53530739000";"2170600";"3296";"384999.8"
"53531819000";"2170600";"3296";"385008.2"
"53532904000";"2170600";"3296";"385016.1"
"53534247000";"2170600";"3297";"385024.4"
"53535326000";"2170600";"3297";"385032.4"
"53536407000";"2170600";"3296";"385040.3"
"53537487000";"2170600";"3297";"385048.7"
"53538567000";"2198800";"3297";"385056.6"
"53539909000";"2198800";"3297";"385064.9"
"53540989000";"2198800";"3297";"385072.9"
"53542069000";"2198800";"3297";"385080.9"
"53543154000";"2198800";"3297";"385088.8"
"53544235000";"2198800";"3297";"385096.8"
"53545577000";"2198800";"3297";"385105.1"
"53546657000";"2112400";"3297";"385113.0"
"53547738000";"2112400";"3297";"385121.4"
"53548817000";"2112400";"3297";"385129.3"
"53549898000";"2112400";"3297";"385137.3"
"53551241000";"2112400";"3297";"385145.6"
"53552320000";"2112400";"3297";"385153.5"
"53553447000";"2112400";"3297";"385161.5"
"53554527000";"2187000";"3297";"385169.8"
"53555607000";"2187000";"3297";"385177.8"
"53556949000";"2187000";"3297";"385186.1"
"53558028000";"2187000";"3297";"385194.0"
"53559108000";"2187000";"3297";"385202.0"
"53560189000";"2187000";"3297";"385210.3"
"53561269000";"2187000";"3297";"385218.3"
"53562611000";"2128400";"3297";"385226.6"
"53563696000";"2128400";"3297";"385234.6"
"53564777000";"2128400";"3297";"385242.5"
"53565856000";"2128400";"3297";"385250.5"
"53566936000";"2128400";"3297";"385258.8"
"53568278000";"2128400";"3297";"385266.7"
"53569358000";"2128400";"3297";"385275.1"
"53570438000";"2184300";"3297";"385283.0"
"53571518000";"2184300";"3297";"385291.0"
"53572598000";"2184300";"3297";"385298.9"
"53573946000";"2184300";"3297";"385307.2"
"53575027000";"2184300";"3297";"385315.2"
"53576108000";"2184300";"3297";"385323.5"
"53577188000";"2184300";"3297";"385331.5"
"53578268000";"2183400";"3296";"385339.4"
"53579610000";"2183400";"3296";"385347.8"
"53580690000";"2183400";"3296";"385355.7"
"53581770000";"2183400";"3296";"385364.0"
"53582855000";"2183400";"3296";"385372.0"
"53583936000";"2183400";"3296";"385379.9"
"53585278000";"2160100";"3296";"385389.4"
"53586359000";"2160100";"3296";"385397.7"
"53587438000";"2160100";"3296";"385405.7"
"53588518000";"2160100";"3296";"385413.6"
"53589598000";"2160100";"3296";"385421.6"
"53590940000";"2160100";"3296";"385429.9"
"53592020000";"2160100";"3296";"385437.9"
"53593106000";"2198700";"3297";"385446.2"
"53594186000";"2198700";"3297";"385454.2"
"53595265000";"2198700";"3296";"385462.1"
"53596614000";"2198700";"3296";"385470.4"
"53597694000";"2198700";"3296";"385478.8"
"53598775000";"2198700";"3296";"385486.7"
"53599854000";"2198700";"3297";"385494.7"
"53600933000";"2184100";"3297";"385502.6"
"53602276000";"2184100";"3297";"385510.9"
"53603362000";"2184100";"3296";"385518.9"
"53604442000";"2184100";"3297";"385526.8"
"53605523000";"2184100";"3297";"385535.2"
"53606603000";"2184100";"3297";"385543.1"
"53607946000";"2184100";"3297";"385551.4"
"53609025000";"2126400";"3297";"385559.4"
"53610105000";"2126400";"3297";"385567.4"
"53611184000";"2126400";"3297";"385575.3"
"53612264000";"2126400";"3297";"385583.3"
"53613613000";"2126400";"3297";"385592.0"
"53614692000";"2126400";"3297";"385599.9"
"53615772000";"2126400";"3297";"385607.9"
"53616852000";"2184300";"3297";"385615.8"
"53617932000";"2184300";"3297";"385624.1"
"53619275000";"2184300";"3297";"385632.5"
"53620355000";"2184300";"3297";"385640.4"
"53621435000";"2184300";"3297";"385648.4"
"53622515000";"2184300";"3297";"385656.3"
"53623601000";"2184300";"3297";"385664.3"
"53624944000";"2126400";"3297";"385672.6"
"53626025000";"2126400";"3297";"385680.9"
"53627104000";"2126400";"3297";"385688.9"
"53628185000";"2126400";"3297";"385696.8"
"53629265000";"2126400";"3297";"385704.8"
"53630608000";"2126400";"3297";"385713.1"
"53631687000";"2126400";"3297";"385721.1"
"53632768000";"2185200";"3297";"385729.0"
"53633854000";"2185200";"3297";"385737.3"
"53634934000";"2185200";"3297";"385745.3"
"53636277000";"2185200";"3297";"385755.1"
"53637361000";"2185200";"3297";"385763.1"
"53638441000";"2185200";"3297";"385771.0"
"53639521000";"2260100";"3297";"385779.4"
"53640601000";"2260100";"3297";"385787.3"
"53641943000";"2260100";"3297";"385795.7"
"53643029000";"2260100";"3297";"385803.6"
"53644108000";"2260100";"3297";"385811.6"
"53645189000";"2260100";"3297";"385819.5"
"53646269000";"2260100";"3297";"385827.8"
"53647612000";"2126500";"3297";"385836.2"
"53648693000";"2126500";"3297";"385844.1"
"53649772000";"2126500";"3297";"385852.1"
"53650851000";"2126500";"3297";"385860.0"
"53651932000";"2126500";"3297";"385868.0"
"53653280000";"2126500";"3297";"385876.3"
"53654361000";"2126500";"3297";"385884.6"
"53655440000";"2183900";"3297";"385892.6"
"53656521000";"2183900";"3297";"385900.5"
"53657600000";"2183900";"3297";"385908.5"
"53658944000";"2183900";"3297";"385917.2"
"53660023000";"2183900";"3298";"385925.1"
"53661103000";"2183900";"3297";"385933.1"
"53662183000";"2183900";"3297";"385941.0"
"53663269000";"2183700";"3297";"385949.0"
"53664612000";"2183700";"3297";"385957.3"
"53665692000";"2183700";"3297";"385965.3"
"53666772000";"2183700";"3297";"385973.2"
"53667852000";"2183700";"3297";"385981.6"
"53668932000";"2183700";"3297";"385989.5"
"53670275000";"2183700";"3297";"385997.8"
"53671354000";"2128100";"3297";"386005.8"
"53672435000";"2128100";"3297";"386013.7"
"53673520000";"2128100";"3297";"386021.7"
"53674599000";"2128100";"3297";"386030.0"
"53675943000";"2128100";"3297";"386038.3"
"53677022000";"2128100";"3297";"386046.3"
"53678102000";"2128100";"3297";"386054.2"
"53679182000";"2198700";"3297";"386062.6"
"53680267000";"2198700";"3297";"386070.5"
"53681609000";"2198700";"3297";"386078.8"
"53682689000";"2198700";"3297";"386086.8"
"53683774000";"2198700";"3297";"386094.7"
"53684855000";"2198700";"3297";"386102.7"
"53685935000";"2198700";"3297";"386110.7"
"53687279000";"2110900";"3297";"386119.0"
"53688359000";"2110900";"3296";"386126.9"
"53689439000";"2110900";"3297";"386135.3"
"53690519000";"2110900";"3297";"386143.2"
"53691600000";"2110900";"3297";"386151.2"
"53692949000";"2110900";"3297";"386159.5"
"53694028000";"2110900";"3297";"386167.4"
"53695109000";"2198100";"3297";"386175.8"
"53696189000";"2198100";"3297";"386183.7"
"53697268000";"2198100";"3297";"386191.7"
"53698611000";"2198100";"3297";"386200.0"
"53699691000";"2198100";"3297";"386207.9"
"53700771000";"2198100";"3297";"386216.3"
"53701851000";"2198100";"3297";"386224.2"
"53702936000";"2184100";"3296";"386232.2"
"53704279000";"2184100";"3296";"386240.5"
"53705358000";"2184100";"3296";"386248.5"
"53706439000";"2184100";"3296";"386256.4"
"53707519000";"2184100";"3296";"386264.7"
"53708598000";"2184100";"3296";"386272.7"
"53709941000";"2184100";"3296";"386281.0"
"53711020000";"2128400";"3296";"386289.0"
"53712100000";"2128400";"3296";"386296.9"
"53713185000";"2128400";"3296";"386304.9"
"53714266000";"2128400";"3296";"386313.2"
"53715607000";"2128400";"3296";"386321.5"
"53716687000";"2128400";"3296";"386329.5"
"53717767000";"2128400";"3296";"386337.4"
"53718846000";"2184400";"3296";"386345.4"
"53719927000";"2184400";"3296";"386353.7"
"53721275000";"2184400";"3297";"386362.0"
"53722355000";"2184400";"3297";"386370.0"
"53723441000";"2184400";"3297";"386377.9"
"53724521000";"2184400";"3297";"386385.9"
"53725601000";"2184400";"3297";"386393.8"
"53726943000";"2125200";"3297";"386402.2"
"53728023000";"2125200";"3297";"386410.1"
"53729103000";"2125200";"3297";"386418.1"
"53730183000";"2125200";"3297";"386426.4"
"53731262000";"2125200";"3297";"386434.4"
"53732606000";"2125200";"3297";"386442.7"
"53733692000";"2125200";"3297";"386450.6"
"53734771000";"2183900";"3297";"386458.6"
"53735850000";"2183900";"3297";"386466.9"
"53736930000";"2183900";"3297";"386474.9"
"53738272000";"2183900";"3297";"386483.2"
"53739351000";"2183900";"3297";"386491.1"
"53740432000";"2183900";"3297";"386499.5"
"53741511000";"2183900";"3297";"386507.4"
"53742592000";"2200700";"3297";"386515.4"
"53743940000";"2200700";"3297";"386523.7"
"53745020000";"2200700";"3297";"386531.6"
"53746100000";"2200700";"3297";"386539.6"
"53747180000";"2200700";"3297";"386547.5"
"53748260000";"2200700";"3297";"386555.5"
"53749603000";"2159900";"3297";"386565.3"
"53750682000";"2159900";"3297";"386573.3"
"53751763000";"2159900";"3297";"386581.3"
"53752843000";"2159900";"3297";"386589.6"
"53753929000";"2159900";"3297";"386597.5"
"53755272000";"2159900";"3297";"386605.9"
"53756352000";"2159900";"3297";"386613.8"
"53757431000";"2198500";"3297";"386622.1"
"53758511000";"2198500";"3297";"386630.1"
"53759591000";"2198500";"3297";"386638.0"
"53760933000";"2198500";"3297";"386647.9"
"53762014000";"2198500";"3297";"386655.8"
"53763163000";"2198500";"3297";"386664.2"
"53764243000";"2223700";"3297";"386672.1"
"53765322000";"2223700";"3297";"386680.1"
"53766666000";"2223700";"3296";"386689.9"
"53767745000";"2223700";"3296";"386697.9"
"53768825000";"2223700";"3296";"386705.8"
"53769905000";"2223700";"3296";"386713.8"
"53770985000";"2229500";"3296";"386721.7"
"53772328000";"2229500";"3296";"386730.1"
"53773413000";"2229500";"3296";"386738.4"
"53774493000";"2229500";"3296";"386746.3"
"53775573000";"2229500";"3296";"386754.3"
"53776653000";"2229500";"3296";"386762.6"
"53777995000";"2176800";"3296";"386772.1"
"53779075000";"2176800";"3296";"386780.4"
"53780155000";"2176800";"3296";"386788.4"
"53781235000";"2176800";"3296";"386796.3"
"53782314000";"2176800";"3296";"386804.3"
"53783662000";"2176800";"3296";"386812.6"
"53784743000";"2176800";"3296";"386820.5"
"53785822000";"2184100";"3296";"386828.5"
"53786903000";"2184100";"3296";"386836.8"
"53787983000";"2184100";"3296";"386844.8"
"53789326000";"2184100";"3296";"386853.1"
"53790405000";"2184100";"3296";"386861.1"
"53791485000";"2184100";"3296";"386869.0"
"53792565000";"2184100";"3296";"386877.0"
"53793651000";"2198300";"3296";"386885.3"
"53794994000";"2198300";"3296";"386893.6"
"53796073000";"2198300";"3296";"386901.6"
"53797153000";"2198300";"3296";"386909.9"
"53798234000";"2198300";"3296";"386917.9"
"53799314000";"2198300";"3296";"386925.8"
"53800656000";"2198300";"3296";"386934.1"
"53801735000";"2128600";"3296";"386942.1"
"53802816000";"2128600";"3296";"386950.0"
"53803900000";"2128600";"3296";"386958.4"
"53804981000";"2128600";"3296";"386966.3"
"53806328000";"2128600";"3296";"386974.6"
"53807408000";"2128600";"3296";"386982.6"
"53808487000";"2128600";"3296";"386990.5"
"53809567000";"2182800";"3296";"386998.5"
"53810647000";"2182800";"3296";"387006.4"
"53811990000";"2182800";"3296";"387016.3"
"53813075000";"2182800";"3296";"387024.6"
"53814154000";"2182800";"3296";"387032.6"
"53815233000";"2182800";"3296";"387040.5"
"53816314000";"2245100";"3296";"387048.5"
"53817657000";"2245100";"3296";"387058.3"
"53818736000";"2245100";"3296";"387066.7"
"53819817000";"2245100";"3296";"387074.6"
"53820897000";"2245100";"3296";"387082.6"
"53821977000";"2245100";"3296";"387090.5"
"53823324000";"2176800";"3296";"387098.8"
"53824405000";"2176800";"3296";"387106.8"
"53825485000";"2176800";"3296";"387114.7"
"53826565000";"2176800";"3296";"387123.1"
"53827645000";"2176800";"3296";"387131.0"
"53828988000";"2176800";"3297";"387140.5"
"53830069000";"2245800";"3297";"387148.8"
"53831148000";"2245800";"3297";"387156.8"
"53832228000";"2245800";"3297";"387164.7"
"53833314000";"2245800";"3297";"387172.7"
"53834657000";"2245800";"3297";"387181.0"
"53835738000";"2245800";"3297";"387189.3"
"53836817000";"2245800";"3297";"387197.3"
"53837897000";"2183900";"3297";"387205.2"
"53838977000";"2183900";"3297";"387213.2"
"53840320000";"2183900";"3297";"387221.5"
"53841399000";"2183900";"3297";"387229.8"
"53842478000";"2183900";"3297";"387237.8"
"53843563000";"2183900";"3297";"387245.7"
"53844642000";"2183900";"3297";"387253.7"
"53845984000";"2127500";"3297";"387262.0"
"53847068000";"2127500";"3297";"387270.0"
"53848149000";"2127500";"3297";"387277.9"
"53849228000";"2127500";"3297";"387286.3"
"53850309000";"2127500";"3297";"387294.2"
"53851651000";"2127500";"3297";"387302.5"
"53852732000";"2127500";"3297";"387310.5"
"53853818000";"2182300";"3297";"387318.4"
"53854897000";"2182300";"3297";"387326.4"
"53855978000";"2182300";"3297";"387334.7"
"53857321000";"2182300";"3297";"387343.0"
"53858400000";"2182300";"3297";"387351.0"
"53859480000";"2182300";"3297";"387358.9"
"53860560000";"2182300";"3297";"387367.3"
"53861641000";"2200100";"3297";"387375.2"
"53862988000";"2200100";"3297";"387383.6"
"53864067000";"2200100";"3297";"387391.5"
"53865147000";"2200100";"3297";"387399.5"
"53866227000";"2200100";"3297";"387407.4"
"53867306000";"2200100";"3297";"387415.4"
"53868650000";"2160300";"3297";"387425.2"
"53869730000";"2160300";"3297";"387433.2"
"53870810000";"2160300";"3297";"387441.5"
"53871889000";"2160300";"3297";"387449.4"
"53872975000";"2160300";"3297";"387457.4"
"53874317000";"2160300";"3297";"387467.2"
"53875396000";"2245600";"3297";"387475.2"
"53876476000";"2245600";"3297";"387483.5"
"53877557000";"2245600";"3297";"387491.5"
"53878637000";"2245600";"3297";"387499.4"
"53879979000";"2245600";"3297";"387507.8"
"53881060000";"2245600";"3297";"387515.7"
"53882140000";"2245600";"3297";"387524.0"
"53883225000";"2198300";"3297";"387532.0"
"53884305000";"2198300";"3297";"387539.9"
"53885649000";"2198300";"3297";"387548.3"
"53886729000";"2198300";"3297";"387556.2"
"53887809000";"2198300";"3297";"387564.2"
"53888889000";"2198300";"3297";"387572.1"
"53889973000";"2198300";"3297";"387580.1"
"53891317000";"2169400";"3297";"387589.9"
"53892396000";"2169400";"3297";"387597.9"
"53893482000";"2169400";"3297";"387606.2"
"53894563000";"2169400";"3297";"387614.2"
"53895642000";"2169400";"3297";"387622.1"
"53896985000";"2169400";"3297";"387631.9"
"53898065000";"2244500";"3297";"387639.9"
"53899146000";"2244500";"3297";"387648.2"
"53900227000";"2244500";"3297";"387656.2"
"53901306000";"2244500";"3297";"387664.1"
"53902650000";"2244500";"3297";"387672.5"
"53903735000";"2244500";"3297";"387680.4"
"53904816000";"2244500";"3297";"387688.4"
"53905895000";"2183400";"3296";"387696.3"
"53906976000";"2183400";"3296";"387704.6"
"53908317000";"2183400";"3296";"387714.1"
"53909398000";"2183400";"3296";"387722.1"
"53910478000";"2183400";"3296";"387730.4"
"53911557000";"2183400";"3296";"387738.4"
"53912638000";"2246600";"3296";"387746.3"
"53913986000";"2246600";"3296";"387756.1"
"53915066000";"2246600";"3296";"387764.1"
"53916146000";"2246600";"3296";"387772.1"
"53917226000";"2246600";"3296";"387780.4"
"53918305000";"2246600";"3296";"387788.3"
"53919648000";"2176800";"3296";"387796.7"
"53920727000";"2176800";"3296";"387804.6"
"53921808000";"2176800";"3296";"387812.6"
"53922894000";"2176800";"3296";"387820.9"
"53923973000";"2176800";"3296";"387828.8"
"53925317000";"2176800";"3296";"387838.3"
"53926397000";"2244300";"3296";"387846.6"
"53927477000";"2244300";"3296";"387854.6"
"53928556000";"2244300";"3296";"387862.6"
"53929636000";"2244300";"3296";"387870.5"
"53930984000";"2244300";"3296";"387880.3"
"53932064000";"2244300";"3297";"387888.3"
"53933150000";"2226100";"3296";"387896.3"
"53934229000";"2226100";"3296";"387904.2"
"53935310000";"2226100";"3296";"387912.5"
"53936652000";"2226100";"3297";"387920.9"
"53937733000";"2226100";"3297";"387928.8"
"53938812000";"2226100";"3296";"387936.8"
"53939893000";"2226100";"3296";"387945.1"
"53940973000";"2199900";"3296";"387953.0"
"53942316000";"2199900";"3297";"387961.4"
"53943401000";"2199900";"3296";"387969.3"
"53944480000";"2199900";"3296";"387977.3"
"53945560000";"2199900";"3296";"387985.2"
"53946641000";"2199900";"3296";"387993.2"
"53947984000";"2199900";"3296";"388001.5"
"53949064000";"2112400";"3296";"388009.4"
"53950144000";"2112400";"3296";"388017.8"
"53951225000";"2112400";"3296";"388025.7"
"53952305000";"2112400";"3296";"388033.7"
"53953652000";"2112400";"3296";"388042.0"
"53954732000";"2112400";"3296";"388050.0"
"53955812000";"2112400";"3296";"388058.3"
"53956892000";"2198500";"3296";"388066.2"
"53957973000";"2198500";"3296";"388074.2"
"53959316000";"2198500";"3296";"388082.5"
"53960396000";"2198500";"3297";"388090.5"
"53961476000";"2198500";"3297";"388098.8"
"53962556000";"2198500";"3297";"388106.8"
"53963642000";"2198500";"3297";"388114.7"
"53964984000";"2126500";"3297";"388123.0"
"53966063000";"2126500";"3297";"388131.0"
"53967142000";"2126500";"3297";"388138.9"
"53968222000";"2126500";"3297";"388146.9"
"53969302000";"2126500";"3297";"388155.2"
"53970645000";"2126500";"3297";"388163.2"
"53971725000";"2126500";"3297";"388171.5"
"53972805000";"2185700";"3297";"388179.4"
"53973895000";"2185700";"3297";"388187.4"
"53974974000";"2185700";"3297";"388195.3"
"53976318000";"2185700";"3298";"388204.0"
"53977397000";"2185700";"3298";"388212.0"
"53978477000";"2185700";"3298";"388220.0"
"53979557000";"2185700";"3297";"388227.9"
"53980638000";"2197400";"3297";"388236.2"
"53981980000";"2197400";"3298";"388244.6"
"53983065000";"2197400";"3298";"388252.5"
"53984145000";"2197400";"3298";"388260.5"
"53985225000";"2197400";"3298";"388268.4"
"53986305000";"2197400";"3298";"388276.4"
"53987647000";"2197400";"3297";"388284.7"
"53988727000";"2112900";"3297";"388292.6"
"53989806000";"2112900";"3297";"388300.6"
"53990886000";"2112900";"3297";"388308.9"
"53991966000";"2112900";"3297";"388316.9"
"53993313000";"2112900";"3297";"388325.2"
"53994393000";"2112900";"3297";"388333.1"
"53995473000";"2112900";"3297";"388341.1"
"53996553000";"2199000";"3297";"388349.4"
"53997632000";"2199000";"3297";"388357.4"
"53998975000";"2199000";"3297";"388365.7"
"54000055000";"2199000";"3297";"388373.7"
"54001134000";"2199000";"3297";"388382.0"
"54002215000";"2199000";"3297";"388389.9"
"54003301000";"2199000";"3297";"388397.9"
"54004643000";"2184000";"3297";"388407.7"
"54005723000";"2184000";"3297";"388415.7"
"54006803000";"2184000";"3297";"388423.6"
"54007884000";"2184000";"3297";"388431.6"
"54008963000";"2184000";"3297";"388439.6"
"54010305000";"2184000";"3297";"388449.4"
"54011385000";"2229900";"3297";"388457.3"
"54012464000";"2229900";"3297";"388465.3"
"54013550000";"2229900";"3297";"388473.3"
"54014631000";"2229900";"3297";"388481.6"
"54015977000";"2229900";"3297";"388491.4"
"54017057000";"2229900";"3297";"388499.4"
"54018136000";"2243600";"3297";"388507.3"
"54019216000";"2243600";"3297";"388515.3"
"54020296000";"2243600";"3297";"388523.6"
"54021639000";"2243600";"3297";"388531.9"
"54022719000";"2243600";"3297";"388539.9"
"54023804000";"2243600";"3297";"388547.8"
"54024883000";"2243600";"3297";"388555.8"
"54025964000";"2183900";"3297";"388563.7"
"54027307000";"2183900";"3297";"388572.1"
"54028387000";"2183900";"3297";"388580.0"
"54029467000";"2183900";"3297";"388588.4"
"54030547000";"2183900";"3297";"388596.3"
"54031628000";"2183900";"3297";"388604.3"
"54032976000";"2183900";"3296";"388612.6"
"54034056000";"2140600";"3296";"388620.9"
"54035135000";"2140600";"3297";"388628.9"
"54036215000";"2140600";"3297";"388636.8"
"54037295000";"2140600";"3297";"388644.8"
"54038638000";"2140600";"3297";"388653.5"
"54039717000";"2140600";"3297";"388661.4"
"54040798000";"2140600";"3297";"388669.4"
"54041877000";"2185700";"3297";"388677.3"
"54042963000";"2185700";"3297";"388685.7"
"54044306000";"2185700";"3297";"388694.0"
"54045386000";"2185700";"3297";"388701.9"
"54046467000";"2185700";"3297";"388709.9"
"54047546000";"2185700";"3297";"388717.8"
"54048627000";"2185700";"3297";"388725.8"
"54049969000";"2183500";"3297";"388735.6"
"54051049000";"2183500";"3297";"388743.6"
"54052128000";"2183500";"3297";"388751.5"
"54053214000";"2183500";"3297";"388759.9"
"54054295000";"2183500";"3297";"388767.8"
"54055636000";"2183500";"3297";"388776.1"
"54056762000";"2183500";"3297";"388784.1"
"54057842000";"2186100";"3297";"388792.4"
"54058922000";"2186100";"3297";"388800.4"
"54060001000";"2186100";"3297";"388808.3"
"54061344000";"2186100";"3297";"388816.7"
"54062424000";"2186100";"3297";"388824.6"
"54063511000";"2186100";"3297";"388832.6"
"54064591000";"2186100";"3297";"388840.9"
"54065671000";"2183500";"3297";"388848.8"
"54067014000";"2183500";"3297";"388857.2"
"54068093000";"2183500";"3297";"388865.1"
"54069173000";"2183500";"3297";"388873.1"
"54070253000";"2183500";"3297";"388881.0"
"54071333000";"2183500";"3297";"388889.0"
"54072676000";"2161900";"3297";"388898.8"
"54073762000";"2161900";"3297";"388906.8"
"54074843000";"2161900";"3297";"388915.1"
"54075923000";"2161900";"3297";"388923.1"
"54077003000";"2161900";"3297";"388931.0"
"54078346000";"2161900";"3297";"388939.3"
"54079425000";"2161900";"3297";"388947.7"
"54080506000";"2198100";"3297";"388955.6"
"54081586000";"2198100";"3297";"388963.6"
"54082666000";"2198100";"3297";"388971.5"
"54084016000";"2198100";"3297";"388981.4"
"54085096000";"2198100";"3297";"388989.3"
"54086176000";"2198100";"3297";"388997.3"
"54087256000";"2226900";"3297";"389005.2"
"54088336000";"2226900";"3297";"389013.2"
"54089679000";"2226900";"3297";"389021.5"
"54090759000";"2226900";"3297";"389029.4"
"54091839000";"2226900";"3297";"389037.8"
"54092924000";"2226900";"3297";"389045.7"
"54094003000";"2226900";"3297";"389053.7"
"54095346000";"2126900";"3296";"389062.0"
"54096426000";"2126900";"3296";"389070.0"
"54097507000";"2126900";"3296";"389078.3"
"54098586000";"2126900";"3296";"389086.2"
"54099671000";"2126900";"3296";"389094.2"
"54101014000";"2126900";"3296";"389102.5"
"54102094000";"2126900";"3296";"389110.5"
"54103179000";"2197200";"3296";"389118.8"
"54104259000";"2197200";"3296";"389126.7"
"54105339000";"2197200";"3296";"389134.7"
"54106682000";"2197200";"3296";"389143.0"
"54107761000";"2197200";"3296";"389151.0"
"54108841000";"2197200";"3296";"389158.9"
"54109921000";"2197200";"3296";"389166.9"
"54111001000";"2185500";"3296";"389175.2"
"54112344000";"2185500";"3296";"389183.2"
"54113430000";"2185500";"3296";"389191.5"
"54114510000";"2185500";"3296";"389199.4"
"54115591000";"2185500";"3296";"389207.4"
"54116671000";"2185500";"3296";"389215.7"
"54118014000";"2159300";"3296";"389225.2"
"54119094000";"2159300";"3296";"389233.5"
"54120174000";"2159300";"3296";"389241.5"
"54121253000";"2159300";"3296";"389249.4"
"54122332000";"2159300";"3296";"389257.4"
"54123681000";"2159300";"3296";"389265.7"
"54124762000";"2159300";"3296";"389273.6"
"54125841000";"2198800";"3296";"389282.0"
"54126922000";"2198800";"3296";"389289.9"
"54128001000";"2198800";"3296";"389297.9"
"54129343000";"2198800";"3296";"389306.2"
"54130423000";"2198800";"3296";"389314.2"
"54131503000";"2198800";"3296";"389322.1"
"54132583000";"2198800";"3296";"389330.1"
"54133669000";"2183900";"3296";"389338.4"
"54135013000";"2183900";"3296";"389346.7"
"54136092000";"2183900";"3296";"389354.7"
"54137171000";"2183900";"3296";"389363.0"
"54138252000";"2183900";"3296";"389371.0"
"54139331000";"2183900";"3296";"389378.9"
"54140679000";"2183900";"3296";"389387.2"
"54141759000";"2127000";"3296";"389395.2"
"54142839000";"2127000";"3296";"389403.5"
"54143924000";"2127000";"3296";"389411.5"
"54145004000";"2127000";"3296";"389419.4"
"54146347000";"2127000";"3296";"389427.7"
"54147426000";"2127000";"3296";"389435.7"
"54148506000";"2127000";"3296";"389443.6"
"54149585000";"2184300";"3296";"389451.6"
"54150666000";"2184300";"3296";"389459.5"
"54152010000";"2184300";"3296";"389467.9"
"54153095000";"2184300";"3296";"389476.2"
"54154174000";"2184300";"3296";"389484.2"
"54155255000";"2184300";"3296";"389492.1"
"54156335000";"2184300";"3296";"389500.4"
"54157677000";"2183600";"3296";"389509.9"
"54158757000";"2183600";"3296";"389518.2"
"54159837000";"2183600";"3296";"389526.2"
"54160917000";"2183600";"3296";"389534.1"
"54161998000";"2183600";"3296";"389542.1"
"54163347000";"2183600";"3296";"389551.9"
"54164427000";"2244100";"3296";"389559.9"
"54165507000";"2244100";"3296";"389567.8"
"54166588000";"2244100";"3296";"389576.2"
"54167667000";"2244100";"3296";"389584.1"
"54169009000";"2244100";"3296";"389592.4"
"54170090000";"2244100";"3296";"389600.4"
"54171169000";"2244100";"3296";"389608.3"
"54172249000";"2185500";"3296";"389616.3"
"54173335000";"2185500";"3296";"389624.3"
"54174677000";"2185500";"3296";"389632.6"
"54175757000";"2185500";"3296";"389640.9"
"54176837000";"2185500";"3296";"389648.9"
"54177916000";"2185500";"3296";"389656.8"
"54178996000";"2185500";"3296";"389665.1"
"54180338000";"2141500";"3296";"389673.5"
"54181418000";"2141500";"3296";"389681.4"
"54182499000";"2141500";"3296";"389689.4"
"54183589000";"2141500";"3296";"389697.3"
"54184670000";"2141500";"3296";"389705.3"
"54186013000";"2141500";"3296";"389713.6"
"54187093000";"2141500";"3295";"389721.5"
"54188172000";"2167400";"3296";"389729.5"
"54189253000";"2167400";"3296";"389737.8"
"54190333000";"2167400";"3296";"389745.8"
"54191676000";"2167400";"3296";"389755.6"
"54192756000";"2167400";"3296";"389763.6"
"54193842000";"2167400";"3296";"389771.5"
"54194922000";"2244100";"3296";"389779.5"
"54196003000";"2244100";"3296";"389787.8"
"54197347000";"2244100";"3296";"389796.1"
"54198426000";"2244100";"3296";"389804.1"
"54199505000";"2244100";"3296";"389812.0"
"54200585000";"2244100";"3296";"389820.4"
"54201665000";"2244100";"3296";"389828.3"
"54203013000";"2141000";"3296";"389836.6"
"54204092000";"2141000";"3296";"389844.6"
"54205173000";"2141000";"3296";"389852.6"
"54206252000";"2141000";"3296";"389860.5"
"54207332000";"2141000";"3296";"389868.8"
"54208675000";"2141000";"3296";"389877.2"
"54209755000";"2141000";"3296";"389885.1"
"54210835000";"2185500";"3296";"389893.1"
"54211915000";"2185500";"3297";"389901.0"
"54213001000";"2185500";"3297";"389909.3"
"54214343000";"2185500";"3296";"389918.8"
"54215423000";"2185500";"3296";"389927.1"
"54216503000";"2185500";"3297";"389935.1"
"54217582000";"2245100";"3297";"389943.1"
"54218663000";"2245100";"3297";"389951.0"
"54220006000";"2245100";"3297";"389959.7"
"54221086000";"2245100";"3297";"389967.7"
"54222167000";"2245100";"3297";"389975.6"
"54223252000";"2245100";"3297";"389983.6"
"54224332000";"2245100";"3297";"389991.5"
"54225680000";"2125000";"3297";"389999.8"
"54226759000";"2125000";"3297";"390007.8"
"54227840000";"2125000";"3297";"390016.1"
"54228919000";"2125000";"3297";"390024.1"
"54230000000";"2125000";"3297";"390032.0"
"54231343000";"2125000";"3297";"390041.5"
"54232423000";"2246200";"3297";"390049.8"
"54233508000";"2246200";"3297";"390057.8"
"54234587000";"2246200";"3297";"390065.7"
"54235667000";"2246200";"3297";"390073.7"
"54237009000";"2246200";"3297";"390082.4"
"54238089000";"2246200";"3297";"390090.3"
"54239169000";"2246200";"3297";"390098.3"
"54240249000";"2184600";"3298";"390106.2"
"54241329000";"2184600";"3298";"390114.6"
"54242671000";"2184600";"3298";"390122.9"
"54243757000";"2184600";"3298";"390130.8"
"54244837000";"2184600";"3298";"390138.8"
"54245916000";"2184600";"3298";"390146.7"
"54246996000";"2184600";"3297";"390154.7"
"54248338000";"2127000";"3297";"390163.0"
"54249418000";"2127000";"3297";"390171.0"
"54250498000";"2127000";"3297";"390178.9"
"54251578000";"2127000";"3297";"390187.3"
"54252658000";"2127000";"3297";"390195.2"
"54254007000";"2127000";"3297";"390203.5"
"54255087000";"2127000";"3297";"390211.5"
"54256167000";"2183500";"3297";"390219.4"
"54257247000";"2183500";"3297";"390227.8"
"54258327000";"2183500";"3297";"390235.7"
"54259669000";"2183500";"3297";"390244.4"
"54260750000";"2183500";"3297";"390252.4"
"54261830000";"2183500";"3297";"390260.3"
"54262915000";"2183500";"3297";"390268.3"
"54263994000";"2198800";"3297";"390276.2"
"54265337000";"2198800";"3297";"390284.5"
"54266478000";"2198800";"3297";"390292.9"
"54267557000";"2198800";"3297";"390300.8"
"54268638000";"2198800";"3297";"390308.8"
"54269717000";"2198800";"3297";"390316.7"
"54271060000";"2198800";"3297";"390325.1"
"54272140000";"2112400";"3297";"390333.0"
"54273225000";"2112400";"3297";"390341.0"
"54274304000";"2112400";"3297";"390349.3"
"54275385000";"2112400";"3297";"390357.2"
"54276728000";"2112400";"3297";"390365.6"
"54277808000";"2112400";"3297";"390373.5"
"54278887000";"2112400";"3297";"390381.9"
"54279966000";"2199000";"3297";"390389.8"
"54281046000";"2199000";"3297";"390397.8"
"54282388000";"2199000";"3297";"390406.1"
"54283473000";"2199000";"3297";"390414.0"
"54284554000";"2199000";"3297";"390422.0"
"54285635000";"2199000";"3297";"390429.9"
"54286715000";"2199000";"3297";"390438.3"
"54288057000";"2169500";"3297";"390447.7"
"54289137000";"2169500";"3297";"390455.7"
"54290218000";"2169500";"3297";"390464.0"
"54291297000";"2169500";"3297";"390472.0"
"54292378000";"2169500";"3297";"390479.9"
"54293726000";"2169500";"3297";"390488.2"
"54294805000";"2169500";"3296";"390496.2"
"54295885000";"2183900";"3297";"390504.1"
"54296964000";"2183900";"3296";"390512.5"
"54298044000";"2183900";"3296";"390520.4"
"54299387000";"2183900";"3296";"390528.7"
"54300467000";"2183900";"3296";"390536.7"
"54301547000";"2183900";"3296";"390545.0"
"54302627000";"2183900";"3296";"390553.0"
"54303713000";"2198700";"3296";"390560.9"
"54305056000";"2198700";"3297";"390569.3"
"54306136000";"2198700";"3297";"390577.2"
"54307216000";"2198700";"3297";"390585.2"
"54308296000";"2198700";"3297";"390593.1"
"54309380000";"2198700";"3297";"390601.1"
"54310723000";"2198700";"3297";"390609.4"
"54311804000";"2126700";"3297";"390617.7"
"54312889000";"2126700";"3297";"390625.7"
"54313968000";"2126700";"3297";"390633.6"
"54315049000";"2126700";"3297";"390641.6"
"54316391000";"2126700";"3297";"390651.4"
"54317472000";"2126700";"3296";"390659.4"
"54318552000";"2244700";"3296";"390667.7"
"54319632000";"2244700";"3296";"390675.7"
"54320711000";"2244700";"3296";"390683.6"
"54322053000";"2244700";"3296";"390691.9"
"54323139000";"2244700";"3296";"390699.9"
"54324219000";"2244700";"3296";"390708.2"
"54325299000";"2244700";"3296";"390716.2"
"54326378000";"2184300";"3296";"390724.1"
"54327721000";"2184300";"3296";"390732.4"
"54328800000";"2184300";"3296";"390740.4"
"54329881000";"2184300";"3297";"390748.3"
"54330960000";"2184300";"3296";"390756.3"
"54332041000";"2184300";"3296";"390764.3"
"54333390000";"2184300";"3296";"390772.6"
"54334470000";"2112200";"3296";"390780.5"
"54335550000";"2112200";"3296";"390788.9"
"54336629000";"2112200";"3296";"390796.8"
"54337708000";"2112200";"3296";"390804.8"
"54339050000";"2112200";"3296";"390814.6"
"54340129000";"2112200";"3296";"390822.6"
"54341209000";"2247700";"3296";"390830.5"
"54342289000";"2247700";"3296";"390838.5"
"54343375000";"2247700";"3296";"390846.8"
"54344718000";"2247700";"3296";"390854.7"
"54345799000";"2247700";"3296";"390863.1"
"54346878000";"2247700";"3297";"390871.0"
"54347959000";"2247700";"3297";"390879.0"
"54349038000";"2183700";"3297";"390886.9"
"54350385000";"2183700";"3297";"390895.2"
"54351465000";"2183700";"3297";"390903.2"
"54352544000";"2183700";"3296";"390911.2"
"54353630000";"2183700";"3296";"390919.1"
"54354710000";"2183700";"3296";"390927.4"
"54356053000";"2158700";"3296";"390936.9"
"54357133000";"2158700";"3297";"390945.2"
"54358212000";"2158700";"3297";"390953.2"
"54359292000";"2158700";"3296";"390961.1"
"54360371000";"2158700";"3296";"390969.1"
"54361714000";"2158700";"3296";"390977.4"
"54362794000";"2158700";"3296";"390985.4"
"54363881000";"2183900";"3296";"390993.3"
"54364961000";"2183900";"3296";"391001.6"
"54366041000";"2183900";"3296";"391009.6"
"54367383000";"2183900";"3297";"391017.9"
"54368463000";"2183900";"3297";"391025.9"
"54369543000";"2183900";"3297";"391033.8"
"54370624000";"2183900";"3297";"391041.8"
"54371704000";"2185200";"3297";"391049.7"
"54373052000";"2185200";"3297";"391059.6"
"54374131000";"2185200";"3297";"391067.5"
"54375211000";"2185200";"3297";"391075.5"
"54376291000";"2185200";"3297";"391083.4"
"54377371000";"2185200";"3297";"391091.8"
"54378714000";"2176600";"3297";"391100.1"
"54379795000";"2176600";"3297";"391108.0"
"54380874000";"2176600";"3297";"391116.0"
"54381954000";"2176600";"3297";"391123.9"
"54383040000";"2176600";"3297";"391131.9"
"54384382000";"2176600";"3297";"391141.7"
"54385463000";"2227600";"3297";"391149.7"
"54386542000";"2227600";"3297";"391157.6"
"54387622000";"2227600";"3297";"391165.6"
"54388702000";"2227600";"3297";"391173.5"
"54390044000";"2227600";"3297";"391181.9"
"54391125000";"2227600";"3297";"391189.8"
"54392205000";"2227600";"3297";"391197.8"
"54393296000";"2182500";"3297";"391206.1"
"54394376000";"2182500";"3297";"391214.1"
"54395719000";"2182500";"3297";"391223.5"
"54396799000";"2182500";"3297";"391231.9"
"54397879000";"2182500";"3297";"391239.8"
"54398958000";"2182500";"3297";"391247.8"
"54400037000";"2229700";"3297";"391255.7"
"54401381000";"2229700";"3297";"391264.0"
"54402462000";"2229700";"3296";"391272.0"
"54403547000";"2229700";"3296";"391280.3"
"54404627000";"2229700";"3296";"391288.3"
"54405708000";"2229700";"3296";"391296.2"
"54407051000";"2229700";"3296";"391304.5"
"54408130000";"2126200";"3297";"391312.5"
"54409210000";"2126200";"3297";"391320.4"
"54410291000";"2126200";"3297";"391328.4"
"54411370000";"2126200";"3297";"391336.4"
"54412713000";"2126200";"3297";"391346.2"
"54413799000";"2126200";"3297";"391354.1"
"54414879000";"2227400";"3297";"391362.1"
"54415958000";"2227400";"3297";"391370.1"
"54417038000";"2227400";"3297";"391378.4"
"54418382000";"2227400";"3297";"391387.8"
"54419462000";"2227400";"3297";"391395.8"
"54420542000";"2227400";"3297";"391404.1"
"54421623000";"2246200";"3297";"391412.1"
"54422702000";"2246200";"3297";"391420.0"
"54424051000";"2246200";"3297";"391428.4"
"54425131000";"2246200";"3297";"391436.3"
"54426211000";"2246200";"3297";"391444.3"
"54427290000";"2246200";"3297";"391452.2"
"54428369000";"2246200";"3297";"391460.2"
"54429712000";"2112900";"3296";"391468.5"
"54430791000";"2112900";"3296";"391476.4"
"54431871000";"2112900";"3296";"391484.4"
"54432956000";"2112900";"3296";"391492.7"
"54434036000";"2112900";"3296";"391500.7"
"54435384000";"2112900";"3296";"391509.0"
"54436464000";"2112900";"3296";"391517.0"
"54437544000";"2182600";"3296";"391524.9"
"54438624000";"2182600";"3296";"391532.9"
"54439703000";"2182600";"3297";"391541.2"
"54441045000";"2182600";"3297";"391549.5"
"54442124000";"2182600";"3297";"391557.5"
"54443209000";"2182600";"3297";"391565.4"
"54444289000";"2182600";"3297";"391573.4"
"54445368000";"2185000";"3297";"391581.3"
"54446712000";"2185000";"3297";"391591.2"
"54447792000";"2185000";"3297";"391599.1"
"54448873000";"2185000";"3297";"391607.1"
"54449952000";"2185000";"3297";"391615.0"
"54451032000";"2185000";"3297";"391623.0"
"54452375000";"2227300";"3297";"391632.8"
"54453461000";"2227300";"3297";"391640.8"
"54454541000";"2227300";"3297";"391648.7"
"54455621000";"2227300";"3297";"391657.1"
"54456701000";"2227300";"3297";"391665.0"
"54458044000";"2227300";"3297";"391674.9"
"54459123000";"2244700";"3297";"391682.8"
"54460202000";"2244700";"3297";"391690.8"
"54461282000";"2244700";"3297";"391698.7"
"54462362000";"2244700";"3297";"391707.0"
"54463710000";"2244700";"3297";"391715.4"
"54464791000";"2244700";"3297";"391723.3"
"54465870000";"2244700";"3297";"391731.3"
"54466950000";"2184100";"3297";"391739.2"
"54468030000";"2184100";"3297";"391747.2"
"54469373000";"2184100";"3297";"391755.5"
"54470453000";"2184100";"3297";"391763.4"
"54471533000";"2184100";"3297";"391771.4"
"54472613000";"2184100";"3297";"391779.3"
"54473699000";"2184100";"3297";"391787.7"
"54475041000";"2126700";"3297";"391796.0"
"54476121000";"2126700";"3297";"391804.0"
"54477205000";"2126700";"3296";"391811.9"
"54478286000";"2126700";"3296";"391820.2"
"54479365000";"2126700";"3296";"391828.2"
"54480708000";"2126700";"3297";"391836.5"
"54481787000";"2126700";"3297";"391844.5"
"54482872000";"2183000";"3296";"391852.4"
"54483953000";"2183000";"3296";"391860.4"
"54485033000";"2183000";"3296";"391868.3"
"54486375000";"2183000";"3296";"391876.6"
"54487456000";"2183000";"3296";"391884.6"
"54488537000";"2183000";"3297";"391892.5"
"54489616000";"2183000";"3297";"391900.9"
"54490697000";"2184800";"3297";"391908.8"
"54492040000";"2184800";"3297";"391917.1"
"54493126000";"2184800";"3297";"391925.1"
"54494206000";"2184800";"3297";"391933.1"
"54495286000";"2184800";"3297";"391941.0"
"54496365000";"2184800";"3297";"391949.0"
"54497708000";"2184800";"3297";"391957.3"
"54498789000";"2126400";"3297";"391965.6"
"54499869000";"2126400";"3297";"391973.6"
"54500949000";"2126400";"3297";"391981.5"
"54502028000";"2126400";"3297";"391989.5"
"54503377000";"2126400";"3297";"391999.3"
"54504457000";"2126400";"3297";"392007.3"
"54505537000";"2227600";"3296";"392015.2"
"54506617000";"2227600";"3296";"392023.2"
"54507697000";"2227600";"3296";"392031.1"
"54509039000";"2227600";"3296";"392039.4"
"54510119000";"2227600";"3296";"392047.4"
"54511200000";"2227600";"3297";"392055.3"
"54512280000";"2227600";"3297";"392063.7"
"54513365000";"2183900";"3297";"392071.6"
"54514707000";"2183900";"3297";"392080.0"
"54515788000";"2183900";"3297";"392087.9"
"54516867000";"2183900";"3297";"392095.9"
"54517948000";"2183900";"3297";"392104.2"
"54519033000";"2183900";"3297";"392112.1"
"54520375000";"2183900";"3297";"392120.5"
"54521455000";"2126900";"3297";"392128.4"
"54522534000";"2126900";"3296";"392136.4"
"54523619000";"2126900";"3296";"392144.3"
"54524699000";"2126900";"3296";"392152.7"
"54526042000";"2126900";"3296";"392160.6"
"54527123000";"2126900";"3296";"392168.9"
"54528203000";"2126900";"3297";"392176.9"
"54529283000";"2183700";"3297";"392184.8"
"54530364000";"2183700";"3297";"392192.8"
"54531706000";"2183700";"3297";"392201.1"
"54532787000";"2183700";"3297";"392209.1"
"54533872000";"2183700";"3297";"392217.0"
"54534952000";"2183700";"3297";"392225.0"
"54536032000";"2183700";"3297";"392233.3"
"54537376000";"2126400";"3297";"392241.6"
"54538456000";"2126400";"3297";"392249.6"
"54539536000";"2126400";"3297";"392257.5"
"54540615000";"2126400";"3297";"392265.5"
"54541696000";"2126400";"3297";"392273.8"
"54543043000";"2126400";"3297";"392281.7"
"54544123000";"2126400";"3297";"392290.1"
"54545203000";"2183900";"3297";"392298.0"
"54546282000";"2183900";"3297";"392306.0"
"54547361000";"2183900";"3297";"392313.9"
"54548704000";"2183900";"3297";"392322.3"
"54549784000";"2183900";"3297";"392330.2"
"54550864000";"2183900";"3297";"392338.2"
"54551944000";"2183900";"3297";"392346.1"
"54553029000";"2184400";"3297";"392354.4"
"54554371000";"2184400";"3297";"392362.8"
"54555450000";"2184400";"3297";"392370.7"
"54556531000";"2184400";"3297";"392378.7"
"54557610000";"2184400";"3296";"392386.6"
"54558689000";"2184400";"3297";"392395.0"
"54560081000";"2184400";"3297";"392403.3"
"54561161000";"2115900";"3297";"392411.2"
"54562240000";"2115900";"3297";"392419.2"
"54563326000";"2115900";"3297";"392427.1"
"54564406000";"2115900";"3297";"392435.5"
"54565749000";"2115900";"3297";"392443.8"
"54566829000";"2115900";"3297";"392451.7"
"54567909000";"2115900";"3297";"392459.7"
"54568990000";"2183700";"3297";"392467.6"
"54570069000";"2183700";"3297";"392475.6"
"54571412000";"2183700";"3297";"392483.9"
"54572492000";"2183700";"3297";"392491.9"
"54573577000";"2183700";"3297";"392499.8"
"54574657000";"2183700";"3297";"392508.1"
"54575737000";"2183700";"3297";"392516.1"
"54577079000";"2127000";"3297";"392524.4"
"54578159000";"2127000";"3297";"392532.4"
"54579239000";"2127000";"3297";"392540.3"
"54580319000";"2127000";"3297";"392548.7"
"54581399000";"2127000";"3297";"392556.6"
"54582742000";"2127000";"3297";"392566.5"
"54583827000";"2244700";"3297";"392574.4"
"54584907000";"2244700";"3297";"392582.4"
"54585987000";"2244700";"3297";"392590.3"
"54587066000";"2244700";"3297";"392598.3"
"54588409000";"2244700";"3297";"392608.1"
"54589489000";"2244700";"3297";"392616.1"
"54590570000";"2229500";"3297";"392624.0"
"54591649000";"2229500";"3297";"392632.0"
"54592728000";"2229500";"3297";"392639.9"
"54594076000";"2229500";"3297";"392648.2"
"54595156000";"2229500";"3297";"392656.6"
"54596236000";"2229500";"3297";"392664.5"
"54597315000";"2229500";"3297";"392672.5"
"54598395000";"2184600";"3297";"392680.4"
"54599738000";"2184600";"3297";"392690.3"
"54600819000";"2184600";"3297";"392698.2"
"54601898000";"2184600";"3297";"392706.6"
"54602988000";"2184600";"3297";"392714.5"
"54604067000";"2184600";"3297";"392722.5"
"54605411000";"2175000";"3297";"392730.8"
"54606490000";"2175000";"3297";"392738.7"
"54607570000";"2175000";"3297";"392746.7"
"54608649000";"2175000";"3297";"392754.6"
"54609729000";"2175000";"3297";"392762.6"
"54611072000";"2175000";"3297";"392770.9"
"54612151000";"2175000";"3297";"392778.9"
"54613237000";"2169500";"3297";"392786.8"
"54614316000";"2169500";"3297";"392795.1"
"54615397000";"2169500";"3297";"392803.1"
"54616740000";"2169500";"3297";"392812.6"
"54617821000";"2169500";"3297";"392820.9"
"54618900000";"2169500";"3297";"392828.8"
"54619980000";"2246600";"3297";"392836.8"
"54621059000";"2246600";"3296";"392844.8"
"54622403000";"2246600";"3296";"392853.1"
"54623488000";"2246600";"3296";"392861.0"
"54624569000";"2246600";"3296";"392869.0"
"54625649000";"2246600";"3296";"392877.3"
"54626729000";"2246600";"3296";"392885.3"
"54628073000";"2126200";"3296";"392893.6"
"54629152000";"2126200";"3297";"392901.5"
"54630231000";"2126200";"3297";"392909.5"
"54631311000";"2126200";"3297";"392917.4"
"54632390000";"2126200";"3297";"392925.4"
"54633738000";"2126200";"3296";"392935.2"
"54634818000";"2228400";"3296";"392943.2"
"54635898000";"2228400";"3297";"392951.1"
"54636978000";"2228400";"3297";"392959.5"
"54638058000";"2228400";"3297";"392967.4"
"54639402000";"2228400";"3297";"392975.7"
"54640481000";"2228400";"3297";"392983.7"
"54641562000";"2228400";"3296";"392991.7"
"54642642000";"2199800";"3297";"393000.0"
"54643728000";"2199800";"3297";"393007.9"
"54645075000";"2199800";"3297";"393016.3"
"54646156000";"2199800";"3297";"393024.2"
"54647235000";"2199800";"3297";"393032.2"
"54648314000";"2199800";"3297";"393040.1"
"54649395000";"2199800";"3297";"393048.1"
"54650737000";"2168500";"3297";"393057.9"
"54651817000";"2168500";"3297";"393065.9"
"54652902000";"2168500";"3297";"393073.8"
"54653982000";"2168500";"3297";"393081.8"
"54655062000";"2168500";"3297";"393089.7"
"54656405000";"2168500";"3297";"393099.6"
"54657484000";"2227800";"3297";"393107.5"
"54658564000";"2227800";"3297";"393115.5"
"54659644000";"2227800";"3297";"393123.8"
"54660725000";"2227800";"3297";"393131.8"
"54662067000";"2227800";"3297";"393141.2"
"54663152000";"2227800";"3297";"393149.6"
"54664233000";"2244700";"3297";"393157.5"
"54665313000";"2244700";"3297";"393165.5"
"54666393000";"2244700";"3297";"393173.4"
"54667734000";"2244700";"3297";"393182.9"
"54668814000";"2244700";"3298";"393191.2"
"54669894000";"2244700";"3298";"393199.2"
"54670974000";"2229900";"3298";"393207.1"
"54672054000";"2229900";"3297";"393215.1"
"54673402000";"2229900";"3297";"393223.4"
"54674483000";"2229900";"3297";"393231.3"
"54675563000";"2229900";"3297";"393239.3"
"54676643000";"2229900";"3297";"393247.6"
"54677724000";"2229900";"3297";"393255.6"
"54679066000";"2126200";"3298";"393263.9"
"54680145000";"2126200";"3298";"393271.8"
"54681226000";"2126200";"3297";"393279.8"
"54682305000";"2126200";"3297";"393287.8"
"54683391000";"2126200";"3297";"393296.1"
"54684734000";"2126200";"3298";"393304.0"
"54685815000";"2126200";"3298";"393312.4"
"54686899000";"2182500";"3298";"393320.3"
"54687980000";"2182500";"3298";"393328.3"
"54689060000";"2182500";"3298";"393336.2"
"54690403000";"2182500";"3298";"393344.5"
"54691483000";"2182500";"3298";"393352.5"
"54692563000";"2182500";"3298";"393360.4"
"54693648000";"2182500";"3298";"393368.4"
"54694728000";"2169000";"3297";"393376.3"
"54696071000";"2169000";"3297";"393384.7"
"54697152000";"2169000";"3297";"393392.6"
"54698231000";"2169000";"3298";"393400.9"
"54699311000";"2169000";"3297";"393408.9"
"54700391000";"2169000";"3297";"393416.9"
"54701734000";"2169000";"3297";"393425.2"
"54702814000";"2127900";"3297";"393433.1"
"54703900000";"2127900";"3297";"393441.5"
"54704980000";"2127900";"3297";"393449.4"
"54706060000";"2127900";"3297";"393457.4"
"54707402000";"2127900";"3297";"393465.7"
"54708483000";"2127900";"3297";"393473.6"
"54709562000";"2127900";"3297";"393481.6"
"54710641000";"2184100";"3297";"393489.5"
"54711721000";"2184100";"3297";"393497.5"
"54713070000";"2184100";"3297";"393507.3"
"54714150000";"2184100";"3297";"393515.3"
"54715231000";"2184100";"3297";"393523.2"
"54716311000";"2184100";"3297";"393531.6"
"54717390000";"2244700";"3297";"393539.5"
"54718733000";"2244700";"3297";"393547.8"
"54719813000";"2244700";"3297";"393555.8"
"54720893000";"2244700";"3297";"393563.8"
"54721973000";"2244700";"3297";"393571.7"
"54723058000";"2244700";"3297";"393580.0"
"54724401000";"2244700";"3297";"393588.0"
"54725482000";"2126400";"3297";"393596.3"
"54726562000";"2126400";"3297";"393604.3"
"54727642000";"2126400";"3297";"393612.2"
"54728726000";"2126400";"3297";"393620.2"
"54730069000";"2126400";"3297";"393628.5"
"54731149000";"2126400";"3297";"393636.4"
"54732229000";"2126400";"3297";"393644.4"
"54733315000";"2167500";"3297";"393652.3"
"54734395000";"2167500";"3297";"393660.3"
"54735737000";"2167500";"3297";"393668.6"
"54736817000";"2167500";"3297";"393676.6"
"54737897000";"2167500";"3297";"393684.9"
"54738977000";"2167500";"3297";"393692.9"
"54740057000";"2167500";"3297";"393700.8"
"54741401000";"2128200";"3297";"393709.1"
"54742481000";"2128200";"3297";"393717.1"
"54743568000";"2128200";"3297";"393725.0"
"54744647000";"2128200";"3297";"393733.4"
"54745727000";"2128200";"3297";"393741.3"
"54747070000";"2128200";"3297";"393750.8"
"54748151000";"2226900";"3296";"393758.7"
"54749231000";"2226900";"3297";"393766.7"
"54750311000";"2226900";"3297";"393775.0"
"54751390000";"2226900";"3297";"393783.0"
"54752734000";"2226900";"3297";"393791.3"
"54753818000";"2226900";"3297";"393799.2"
"54754898000";"2226900";"3297";"393807.2"
"54755977000";"2184300";"3297";"393815.1"
"54757057000";"2184300";"3297";"393823.5"
"54758399000";"2184300";"3297";"393831.8"
"54759478000";"2184300";"3297";"393839.7"
"54760558000";"2184300";"3297";"393847.7"
"54761638000";"2184300";"3297";"393855.7"
"54762719000";"2184300";"3297";"393863.6"
"54764068000";"2126700";"3297";"393871.9"
"54765148000";"2126700";"3297";"393879.9"
"54766228000";"2126700";"3297";"393888.2"
"54767307000";"2126700";"3297";"393896.2"
"54768387000";"2126700";"3297";"393904.1"
"54769795000";"2126700";"3297";"393912.4"
"54770875000";"2126700";"3297";"393920.4"
"54771955000";"2167500";"3297";"393928.3"
"54773040000";"2167500";"3297";"393936.3"
"54774121000";"2167500";"3297";"393944.2"
"54775465000";"2167500";"3297";"393952.6"
"54776545000";"2167500";"3297";"393960.5"
"54777625000";"2167500";"3297";"393968.8"
"54778704000";"2167500";"3297";"393976.8"
"54779785000";"2183400";"3297";"393984.8"
"54781127000";"2183400";"3297";"393993.1"
"54782206000";"2183400";"3297";"394001.4"
"54783291000";"2183400";"3297";"394009.4"
"54784371000";"2183400";"3297";"394017.3"
"54785451000";"2183400";"3297";"394025.3"
"54786794000";"2183400";"3297";"394033.6"
"54787873000";"2127200";"3297";"394041.5"
"54788953000";"2127200";"3297";"394049.5"
"54790033000";"2127200";"3297";"394057.4"
"54791113000";"2127200";"3297";"394065.4"
"54792456000";"2127200";"3297";"394075.2"
"54793541000";"2127200";"3297";"394083.2"
"54794621000";"2227800";"3297";"394091.1"
"54795701000";"2227800";"3297";"394099.1"
"54796782000";"2227800";"3297";"394107.4"
"54798125000";"2227800";"3297";"394115.7"
"54799205000";"2227800";"3297";"394123.7"
"54800285000";"2227800";"3297";"394131.7"
"54801365000";"2227800";"3297";"394139.6"
"54802445000";"2185000";"3297";"394147.6"
"54803793000";"2185000";"3297";"394155.9"
"54804873000";"2185000";"3297";"394164.2"
"54805953000";"2185000";"3297";"394172.2"
"54807033000";"2185000";"3297";"394180.1"
"54808113000";"2185000";"3297";"394188.1"
"54809456000";"2185000";"3296";"394196.4"
"54810535000";"2126900";"3297";"394204.3"
"54811616000";"2126900";"3297";"394212.3"
"54812700000";"2126900";"3297";"394220.2"
"54813785000";"2126900";"3297";"394228.2"
"54815128000";"2126900";"3296";"394238.0"
"54816207000";"2126900";"3296";"394246.0"
"54817287000";"2226500";"3296";"394253.9"
"54818366000";"2226500";"3296";"394261.9"
"54819446000";"2226500";"3296";"394270.2"
"54820789000";"2226500";"3296";"394279.7"
"54821869000";"2226500";"3296";"394288.0"
"54822954000";"2226500";"3296";"394296.0"
"54824034000";"2244900";"3296";"394303.9"
"54825114000";"2244900";"3296";"394311.9"
"54826457000";"2244900";"3296";"394321.7"
"54827537000";"2244900";"3296";"394329.7"
"54828618000";"2244900";"3296";"394337.6"
"54829698000";"2244900";"3296";"394345.6"
"54830778000";"2246000";"3296";"394353.9"
"54832121000";"2246000";"3296";"394363.4"
"54833207000";"2246000";"3296";"394371.3"
"54834288000";"2246000";"3296";"394379.7"
"54835368000";"2246000";"3296";"394387.6"
"54836448000";"2246000";"3296";"394395.6"
"54837790000";"2159700";"3296";"394403.9"
"54838871000";"2159700";"3296";"394411.8"
"54839950000";"2159700";"3296";"394419.8"
"54841029000";"2159700";"3296";"394427.7"
"54842110000";"2159700";"3296";"394436.1"
"54843459000";"2159700";"3296";"394444.4"
"54844538000";"2159700";"3296";"394452.4"
"54845617000";"2184100";"3297";"394460.3"
"54846698000";"2184100";"3297";"394468.3"
"54847777000";"2184100";"3297";"394476.2"
"54849120000";"2184100";"3297";"394484.5"
"54850200000";"2184100";"3296";"394492.5"
"54851280000";"2184100";"3296";"394500.4"
"54852360000";"2184100";"3296";"394508.4"
"54853445000";"2169100";"3297";"394516.3"
"54854794000";"2169100";"3296";"394526.2"
"54855874000";"2169100";"3296";"394534.1"
"54856954000";"2169100";"3296";"394542.1"
"54858035000";"2169100";"3296";"394550.4"
"54859114000";"2169100";"3296";"394558.4"
"54860457000";"2176400";"3296";"394566.7"
"54861536000";"2176400";"3296";"394574.6"
"54862616000";"2176400";"3296";"394582.6"
"54863702000";"2176400";"3296";"394590.6"
"54864782000";"2176400";"3296";"394598.5"
"54866126000";"2176400";"3296";"394608.3"
"54867205000";"2227600";"3296";"394616.3"
"54868285000";"2227600";"3296";"394624.3"
"54869366000";"2227600";"3296";"394632.2"
"54870446000";"2227600";"3296";"394640.5"
"54871789000";"2227600";"3296";"394650.0"
"54872875000";"2227600";"3296";"394658.0"
"54873955000";"2244100";"3296";"394666.3"
"54875035000";"2244100";"3296";"394674.2"
"54876115000";"2244100";"3296";"394682.2"
"54877458000";"2244100";"3296";"394690.5"
"54878538000";"2244100";"3296";"394698.5"
"54879618000";"2244100";"3296";"394706.8"
"54880698000";"2244100";"3296";"394714.8"
"54881777000";"2185500";"3296";"394722.7"
"54883125000";"2185500";"3296";"394732.5"
"54884206000";"2185500";"3297";"394740.5"
"54885285000";"2185500";"3297";"394748.5"
"54886366000";"2185500";"3297";"394756.4"
"54887446000";"2185500";"3297";"394764.4"
"54888789000";"2225400";"3297";"394774.2"
"54889870000";"2225400";"3297";"394782.2"
"54890949000";"2225400";"3297";"394790.1"
"54892028000";"2225400";"3297";"394798.1"
"54893113000";"2225400";"3296";"394806.0"
"54894457000";"2225400";"3296";"394814.3"
"54895537000";"2225400";"3296";"394822.3"
"54896621000";"2182800";"3296";"394830.6"
"54897701000";"2182800";"3296";"394838.6"
"54898781000";"2182800";"3296";"394846.5"
"54900124000";"2182800";"3296";"394856.4"
"54901203000";"2182800";"3296";"394864.3"
"54902282000";"2182800";"3296";"394872.3"
"54903369000";"2227800";"3296";"394880.2"
"54904449000";"2227800";"3296";"394888.6"
"54905792000";"2227800";"3297";"394896.9"
"54906873000";"2227800";"3297";"394904.8"
"54907952000";"2227800";"3297";"394912.8"
"54909033000";"2227800";"3297";"394920.7"
"54910113000";"2227800";"3297";"394928.7"
"54911455000";"2127900";"3297";"394937.0"
"54912535000";"2127900";"3297";"394945.0"
"54913619000";"2127900";"3297";"394952.9"
"54914700000";"2127900";"3297";"394960.9"
"54915780000";"2127900";"3297";"394969.2"
"54917123000";"2127900";"3297";"394977.5"
"54918202000";"2127900";"3297";"394985.5"
"54919281000";"2184300";"3297";"394993.4"
"54920362000";"2184300";"3297";"395001.4"
"54921442000";"2184300";"3297";"395009.7"
"54922785000";"2184300";"3297";"395018.0"
"54923872000";"2184300";"3297";"395026.0"
"54924951000";"2184300";"3297";"395033.9"
"54926032000";"2184300";"3297";"395041.9"
"54927111000";"2183500";"3297";"395049.8"
"54928454000";"2183500";"3297";"395059.7"
"54929533000";"2183500";"3297";"395067.6"
"54930613000";"2183500";"3297";"395075.6"
"54931692000";"2183500";"3297";"395083.5"
"54932773000";"2183500";"3297";"395091.5"
"54934121000";"2160100";"3297";"395099.8"
"54935201000";"2160100";"3297";"395107.8"
"54936281000";"2160100";"3297";"395115.7"
"54937362000";"2160100";"3297";"395124.0"
"54938446000";"2160100";"3297";"395132.0"
"54939788000";"2160100";"3297";"395140.3"
"54940869000";"2160100";"3297";"395148.3"
"54941948000";"2198800";"3297";"395156.6"
"54943034000";"2198800";"3297";"395164.6"
"54944113000";"2198800";"3297";"395172.5"
"54945456000";"2198800";"3297";"395180.8"
"54946536000";"2198800";"3297";"395188.8"
"54947616000";"2198800";"3297";"395196.7"
"54948696000";"2198800";"3297";"395205.1"
"54949776000";"2183900";"3297";"395213.0"
"54951118000";"2183900";"3297";"395221.0"
"54952197000";"2183900";"3297";"395229.3"
"54953283000";"2183900";"3297";"395237.2"
"54954363000";"2183900";"3297";"395245.2"
"54955443000";"2183900";"3297";"395253.1"
"54956785000";"2183900";"3297";"395261.5"
"54957866000";"2112800";"3297";"395269.4"
"54958945000";"2112800";"3297";"395277.8"
"54960025000";"2112800";"3297";"395285.7"
"54961105000";"2112800";"3297";"395293.7"
"54962448000";"2112800";"3297";"395302.0"
"54963534000";"2112800";"3297";"395309.9"
"54964613000";"2112800";"3297";"395317.9"
"54965694000";"2198700";"3297";"395326.2"
"54966774000";"2198700";"3297";"395334.2"
"54968116000";"2198700";"3297";"395343.6"
"54969197000";"2198700";"3297";"395351.6"
"54970277000";"2198700";"3297";"395359.9"
"54971356000";"2198700";"3297";"395367.9"
"54972436000";"2229500";"3297";"395375.8"
"54973783000";"2229500";"3297";"395384.1"
"54974864000";"2229500";"3297";"395392.1"
"54975943000";"2229500";"3297";"395400.0"
"54977022000";"2229500";"3297";"395408.0"
"54978103000";"2229500";"3297";"395415.9"
"54979509000";"2157200";"3297";"395426.2"
"54980590000";"2157200";"3297";"395434.1"
"54981669000";"2157200";"3297";"395442.1"
"54982750000";"2157200";"3297";"395450.0"
"54983836000";"2157200";"3297";"395458.0"
"54985178000";"2157200";"3297";"395466.3"
"54986259000";"2157200";"3297";"395474.3"
"54987339000";"2183400";"3297";"395482.6"
"54988419000";"2183400";"3297";"395490.5"
"54989499000";"2183400";"3297";"395498.5"
"54990842000";"2183400";"3297";"395506.8"
"54991921000";"2183400";"3297";"395514.8"
"54993006000";"2183400";"3297";"395522.7"
"54994086000";"2183400";"3297";"395531.0"
"54995166000";"2184300";"3297";"395539.0"
"54996508000";"2184300";"3297";"395547.3"
"54997589000";"2184300";"3297";"395555.3"
"54998668000";"2184300";"3297";"395563.2"
"54999749000";"2184300";"3297";"395571.6"
"55000830000";"2184300";"3298";"395579.5"
"55002172000";"2184300";"3298";"395587.8"
"55003257000";"2126700";"3298";"395595.8"
"55004337000";"2126700";"3298";"395603.7"
"55005418000";"2126700";"3298";"395611.7"
"55006498000";"2126700";"3298";"395620.0"
"55007841000";"2126700";"3297";"395628.0"
"55008921000";"2126700";"3297";"395636.3"
"55010001000";"2126700";"3297";"395644.2"
"55011081000";"2185000";"3297";"395652.2"
"55012160000";"2185000";"3297";"395660.2"
"55013508000";"2185000";"3297";"395668.5"
"55014587000";"2185000";"3297";"395676.4"
"55015667000";"2185000";"3297";"395684.4"
"55016746000";"2185000";"3297";"395692.3"
"55017827000";"2185000";"3297";"395700.7"
"55019169000";"2184500";"3298";"395710.5"
"55020249000";"2184500";"3298";"395718.5"
"55021329000";"2184500";"3298";"395726.4"
"55022414000";"2184500";"3298";"395734.4"
"55023500000";"2184500";"3298";"395742.7"
"55024842000";"2184500";"3298";"395750.6"
"55025923000";"2184500";"3298";"395759.0"
"55027003000";"2182100";"3298";"395766.9"
"55028083000";"2182100";"3298";"395774.9"
"55029164000";"2182100";"3298";"395782.8"
"55030506000";"2182100";"3298";"395792.7"
"55031586000";"2182100";"3298";"395800.6"
"55032666000";"2182100";"3298";"395808.6"
"55033751000";"2227600";"3298";"395816.5"
"55034831000";"2227600";"3297";"395824.5"
"55036175000";"2227600";"3297";"395834.3"
"55037255000";"2227600";"3297";"395842.3"
"55038334000";"2227600";"3297";"395850.2"
"55039414000";"2227600";"3297";"395858.6"
"55040494000";"2246400";"3297";"395866.5"
"55041836000";"2246400";"3297";"395876.4"
"55042921000";"2246400";"3297";"395884.3"
"55044001000";"2246400";"3297";"395892.3"
"55045081000";"2246400";"3297";"395900.2"
"55046161000";"2246400";"3297";"395908.2"
"55047505000";"2160100";"3297";"395916.5"
"55048585000";"2160100";"3297";"395924.4"
"55049665000";"2160100";"3297";"395932.8"
"55050745000";"2160100";"3297";"395940.7"
"55051825000";"2160100";"3297";"395948.7"
"55053173000";"2160100";"3297";"395957.0"
"55054252000";"2160100";"3297";"395965.0"
"55055332000";"2184100";"3297";"395972.9"
"55056413000";"2184100";"3297";"395981.2"
"55057493000";"2184100";"3297";"395989.2"
"55058836000";"2184100";"3297";"395997.5"
"55059916000";"2184100";"3297";"396005.5"
"55060997000";"2184100";"3297";"396013.8"
"55062076000";"2184100";"3297";"396021.7"
"55063161000";"2198300";"3297";"396029.7"
"55064508000";"2198300";"3297";"396039.5"
"55065588000";"2198300";"3297";"396047.5"
"55066668000";"2198300";"3297";"396055.4"
"55067747000";"2198300";"3297";"396063.4"
"55068826000";"2198300";"3297";"396071.4"
"55070169000";"2161100";"3297";"396079.7"
"55071248000";"2161100";"3297";"396087.6"
"55072329000";"2161100";"3297";"396095.6"
"55073414000";"2161100";"3297";"396103.5"
"55074494000";"2161100";"3297";"396111.9"
"55075836000";"2161100";"3297";"396119.8"
"55076915000";"2161100";"3297";"396128.1"
"55077996000";"2184100";"3297";"396136.1"
"55079075000";"2184100";"3297";"396144.0"
"55080156000";"2184100";"3297";"396152.0"
"55081499000";"2184100";"3297";"396160.7"
"55082579000";"2184100";"3297";"396168.6"
"55083664000";"2184100";"3297";"396176.6"
"55084745000";"2184100";"3297";"396184.5"
"55085824000";"2183900";"3297";"396192.5"
"55087166000";"2183900";"3297";"396200.8"
"55088247000";"2183900";"3297";"396208.8"
"55089326000";"2183900";"3297";"396216.7"
"55090406000";"2183900";"3297";"396224.7"
"55091486000";"2183900";"3297";"396232.6"
"55092829000";"2183900";"3297";"396241.0"
"55093915000";"2112200";"3297";"396248.9"
"55094995000";"2112200";"3297";"396257.2"
"55096076000";"2112200";"3297";"396265.2"
"55097156000";"2112200";"3297";"396273.1"
"55098498000";"2112200";"3297";"396281.5"
"55099578000";"2112200";"3297";"396289.4"
"55100658000";"2112200";"3297";"396297.7"
"55101738000";"2200100";"3297";"396305.7"
"55102817000";"2200100";"3297";"396313.7"
"55104166000";"2200100";"3297";"396322.0"
"55105246000";"2200100";"3297";"396329.9"
"55106330000";"2200100";"3297";"396337.9"
"55107411000";"2200100";"3297";"396345.8"
"55108490000";"2200100";"3297";"396353.8"
"55109833000";"2111200";"3297";"396362.1"
"55110913000";"2111200";"3297";"396370.1"
"55111993000";"2111200";"3297";"396378.0"
"55113079000";"2111200";"3297";"396386.0"
"55114158000";"2111200";"3297";"396394.3"
"55115502000";"2111200";"3297";"396402.2"
"55116582000";"2111200";"3297";"396410.6"
"55117662000";"2183700";"3297";"396418.5"
"55118741000";"2183700";"3297";"396426.5"
"55119822000";"2183700";"3297";"396434.4"
"55121164000";"2183700";"3297";"396442.7"
"55122244000";"2183700";"3297";"396451.1"
"55123330000";"2183700";"3297";"396459.0"
"55124410000";"2183700";"3297";"396467.0"
"55125489000";"2183900";"3297";"396474.9"
"55126832000";"2183900";"3297";"396483.2"
"55127911000";"2183900";"3297";"396491.2"
"55128990000";"2183900";"3297";"396499.2"
"55130071000";"2183900";"3297";"396507.1"
"55131150000";"2183900";"3297";"396515.1"
"55132493000";"2183900";"3297";"396523.4"
"55133578000";"2127200";"3297";"396531.7"
"55134658000";"2127200";"3297";"396539.7"
"55135738000";"2127200";"3297";"396547.6"
"55136819000";"2127200";"3297";"396555.6"
"55138161000";"2127200";"3297";"396563.9"
"55139240000";"2127200";"3296";"396571.8"
"55140321000";"2127200";"3296";"396580.2"
"55141401000";"2185300";"3296";"396588.1"
"55142480000";"2185300";"3296";"396596.1"
"55143828000";"2185300";"3296";"396604.4"
"55144908000";"2185300";"3296";"396612.4"
"55145988000";"2185300";"3296";"396620.3"
"55147068000";"2185300";"3296";"396628.3"
"55148153000";"2185300";"3296";"396636.2"
"55149495000";"2168700";"3296";"396646.1"
"55150575000";"2168700";"3296";"396654.0"
"55151655000";"2168700";"3296";"396662.0"
"55152735000";"2168700";"3296";"396669.9"
"55153820000";"2168700";"3296";"396678.2"
"55155163000";"2168700";"3296";"396686.2"
"55156243000";"2168700";"3296";"396694.5"
"55157322000";"2184100";"3296";"396702.5"
"55158403000";"2184100";"3296";"396710.4"
"55159482000";"2184100";"3296";"396718.4"
"55160826000";"2184100";"3296";"396726.7"
"55161907000";"2184100";"3296";"396734.6"
"55162993000";"2184100";"3296";"396743.0"
"55164073000";"2184100";"3296";"396750.9"
"55165152000";"2183400";"3296";"396758.9"
"55166496000";"2183400";"3296";"396767.2"
"55167576000";"2183400";"3296";"396775.2"
"55168656000";"2183400";"3296";"396783.1"
"55169737000";"2183400";"3296";"396791.1"
"55170817000";"2183400";"3296";"396799.0"
"55172160000";"2183400";"3296";"396807.3"
"55173246000";"2111700";"3296";"396815.3"
"55174327000";"2111700";"3296";"396823.2"
"55175406000";"2111700";"3296";"396831.2"
"55176486000";"2111700";"3296";"396839.5"
"55177829000";"2111700";"3296";"396847.8"
"55178908000";"2111700";"3296";"396855.8"
"55179988000";"2111700";"3296";"396863.7"
"55181068000";"2185500";"3296";"396871.7"
"55182147000";"2185500";"3296";"396880.0"
"55183496000";"2185500";"3296";"396888.0"
"55184576000";"2185500";"3296";"396896.3"
"55185656000";"2185500";"3296";"396904.3"
"55186735000";"2185500";"3296";"396912.2"
"55187814000";"2185500";"3296";"396920.2"
"55189157000";"2127200";"3296";"396928.5"
"55190241000";"2127200";"3296";"396936.4"
"55191321000";"2127200";"3296";"396944.4"
"55192401000";"2127200";"3296";"396952.3"
"55193487000";"2127200";"3296";"396960.3"
"55194830000";"2127200";"3296";"396970.1"
"55195910000";"2225900";"3296";"396978.1"
"55196990000";"2225900";"3296";"396986.0"
"55198070000";"2225900";"3296";"396994.0"
"55199150000";"2225900";"3296";"397002.3"
"55200492000";"2225900";"3296";"397010.6"
"55201572000";"2225900";"3296";"397018.6"
"55202652000";"2225900";"3296";"397026.5"
"55203737000";"2184100";"3296";"397034.5"
"55204817000";"2184100";"3296";"397042.8"
"55206160000";"2184100";"3296";"397050.8"
"55207240000";"2184100";"3296";"397059.1"
"55208320000";"2184100";"3296";"397067.1"
"55209401000";"2184100";"3296";"397075.0"
"55210481000";"2184100";"3296";"397083.0"
"55211823000";"2128100";"3297";"397091.3"
"55212909000";"2128100";"3297";"397099.2"
"55213989000";"2128100";"3297";"397107.2"
"55215070000";"2128100";"3297";"397115.1"
"55216149000";"2128100";"3297";"397123.1"
"55217492000";"2128100";"3297";"397131.4"
"55218572000";"2128100";"3296";"397139.4"
"55219652000";"2183500";"3296";"397147.7"
"55220732000";"2183500";"3296";"397155.6"
"55221812000";"2183500";"3296";"397163.6"
"55223161000";"2183500";"3296";"397171.9"
"55224240000";"2183500";"3296";"397179.9"
"55225321000";"2183500";"3296";"397188.2"
"55226401000";"2183500";"3296";"397196.2"
"55227480000";"2183900";"3297";"397204.1"
"55228823000";"2183900";"3297";"397212.4"
"55229902000";"2183900";"3297";"397220.4"
"55230982000";"2183900";"3297";"397228.3"
"55232066000";"2183900";"3297";"397236.3"
"55233151000";"2183900";"3297";"397244.2"
"55234493000";"2183900";"3297";"397252.6"
"55235573000";"2111900";"3297";"397260.5"
"55236652000";"2111900";"3297";"397268.5"
"55237731000";"2111900";"3297";"397276.8"
"55238811000";"2111900";"3297";"397284.7"
"55240154000";"2111900";"3297";"397293.1"
"55241235000";"2111900";"3296";"397301.0"
"55242314000";"2111900";"3296";"397309.0"
"55243399000";"2184300";"3296";"397316.9"
"55244480000";"2184300";"3297";"397325.3"
"55245822000";"2184300";"3297";"397333.6"
"55246903000";"2184300";"3297";"397341.5"
"55247982000";"2184300";"3297";"397349.5"
"55249062000";"2184300";"3297";"397357.4"
"55250142000";"2184300";"3297";"397365.4"
"55251485000";"2128100";"3297";"397373.7"
"55252565000";"2128100";"3297";"397381.7"
"55253650000";"2128100";"3297";"397389.6"
"55254729000";"2128100";"3297";"397397.9"
"55255809000";"2128100";"3297";"397405.9"
"55257150000";"2128100";"3297";"397414.2"
"55258230000";"2128100";"3297";"397422.2"
"55259310000";"2184800";"3297";"397430.1"
"55260389000";"2184800";"3297";"397438.1"
"55261470000";"2184800";"3297";"397446.4"
"55262813000";"2184800";"3297";"397454.7"
"55263898000";"2184800";"3297";"397462.7"
"55264979000";"2184800";"3297";"397470.6"
"55266058000";"2184800";"3297";"397478.6"
"55267139000";"2183500";"3297";"397486.5"
"55268481000";"2183500";"3297";"397494.9"
"55269561000";"2183500";"3297";"397502.8"
"55270642000";"2183500";"3297";"397510.8"
"55271722000";"2183500";"3296";"397518.7"
"55272802000";"2183500";"3296";"397526.7"
"55274156000";"2183500";"3296";"397535.0"
"55275235000";"2110900";"3296";"397542.9"
"55276314000";"2110900";"3297";"397551.3"
"55277393000";"2110900";"3297";"397559.2"
"55278473000";"2110900";"3297";"397567.2"
"55279816000";"2110900";"3297";"397575.5"
"55280896000";"2110900";"3297";"397583.4"
"55281975000";"2110900";"3297";"397591.8"
"55283061000";"2199400";"3296";"397599.7"
"55284140000";"2199400";"3296";"397607.7"
"55285484000";"2199400";"3296";"397616.0"
"55286563000";"2199400";"3296";"397624.0"
"55287642000";"2199400";"3296";"397631.9"
"55288723000";"2199400";"3296";"397639.9"
"55289803000";"2199400";"3296";"397647.8"
"55291146000";"2113900";"3296";"397656.1"
"55292225000";"2113900";"3296";"397664.1"
"55293311000";"2113900";"3296";"397672.0"
"55294391000";"2113900";"3296";"397680.4"
"55295471000";"2113900";"3296";"397688.3"
"55296814000";"2113900";"3296";"397696.6"
"55297895000";"2113900";"3296";"397704.6"
"55298974000";"2183900";"3296";"397712.6"
"55300055000";"2183900";"3296";"397720.5"
"55301134000";"2183900";"3296";"397728.8"
"55302477000";"2183900";"3296";"397737.2"
"55303563000";"2183900";"3296";"397745.1"
"55304643000";"2183900";"3296";"397753.1"
"55305722000";"2183900";"3296";"397761.0"
"55306803000";"2183500";"3296";"397769.0"
"55308145000";"2183500";"3296";"397778.8"
"55309225000";"2183500";"3296";"397786.8"
"55310305000";"2183500";"3296";"397794.7"
"55311385000";"2183500";"3296";"397802.7"
"55312464000";"2183500";"3295";"397810.6"
"55313813000";"2160100";"3295";"397818.9"
"55314893000";"2160100";"3295";"397826.9"
"55315978000";"2160100";"3295";"397835.2"
"55317058000";"2160100";"3295";"397843.2"
"55318138000";"2160100";"3295";"397851.1"
"55319481000";"2160100";"3295";"397861.0"
"55320561000";"2244700";"3295";"397868.9"
"55321641000";"2244700";"3295";"397876.9"
"55322721000";"2244700";"3295";"397884.8"
"55323807000";"2244700";"3295";"397893.2"
"55325149000";"2244700";"3295";"397901.5"
"55326228000";"2244700";"3296";"397909.4"
"55327308000";"2244700";"3296";"397917.4"
"55328389000";"2184100";"3296";"397925.3"
"55329469000";"2184100";"3296";"397933.3"
"55330812000";"2184100";"3296";"397941.6"
"55331891000";"2184100";"3296";"397949.6"
"55332977000";"2184100";"3296";"397957.9"
"55334057000";"2184100";"3296";"397965.9"
"55335137000";"2184100";"3296";"397973.8"
"55336480000";"2183800";"3296";"397983.6"
"55337560000";"2183800";"3297";"397991.6"
"55338640000";"2183800";"3297";"397999.6"
"55339719000";"2183800";"3297";"398007.5"
"55340799000";"2183800";"3297";"398015.8"
"55342143000";"2183800";"3297";"398025.3"
"55343228000";"2244500";"3297";"398033.6"
"55344309000";"2244500";"3297";"398041.6"
"55345389000";"2244500";"3297";"398049.5"
"55346469000";"2244500";"3297";"398057.5"
"55347812000";"2244500";"3297";"398067.3"
"55348892000";"2244500";"3297";"398075.3"
"55349971000";"2229300";"3297";"398083.2"
"55351051000";"2229300";"3297";"398091.2"
"55352131000";"2229300";"3297";"398099.1"
"55353479000";"2229300";"3297";"398107.5"
"55354559000";"2229300";"3297";"398115.4"
"55355639000";"2229300";"3297";"398123.4"
"55356718000";"2229300";"3297";"398131.7"
"55357804000";"2182600";"3297";"398139.7"
"55359146000";"2182600";"3297";"398148.0"
"55360227000";"2182600";"3297";"398155.9"
"55361306000";"2182600";"3297";"398163.9"
"55362386000";"2182600";"3297";"398172.2"
"55363471000";"2182600";"3297";"398180.2"
"55364814000";"2182600";"3297";"398188.5"
"55365893000";"2127000";"3297";"398196.4"
"55366973000";"2127000";"3297";"398204.4"
"55368054000";"2127000";"3297";"398212.3"
"55369134000";"2127000";"3297";"398220.3"
"55370477000";"2127000";"3297";"398228.6"
"55371557000";"2127000";"3297";"398236.6"
"55372637000";"2127000";"3297";"398244.9"
"55373722000";"2183500";"3297";"398252.9"
"55374802000";"2183500";"3297";"398260.8"
"55376145000";"2183500";"3297";"398269.1"
"55377225000";"2183500";"3297";"398277.1"
"55378305000";"2183500";"3297";"398285.0"
"55379385000";"2183500";"3297";"398293.4"
"55380465000";"2183500";"3297";"398301.3"
"55381808000";"2185400";"3297";"398311.2"
"55382894000";"2185400";"3297";"398319.1"
"55383973000";"2185400";"3297";"398327.1"
"55385052000";"2185400";"3297";"398335.0"
"55386133000";"2185400";"3297";"398343.0"
"55387476000";"2185400";"3297";"398351.3"
"55388556000";"2185400";"3296";"398359.2"
"55389636000";"2183700";"3296";"398367.6"
"55390716000";"2183700";"3296";"398375.5"
"55391796000";"2183700";"3296";"398383.5"
"55393145000";"2183700";"3296";"398391.8"
"55394225000";"2183700";"3296";"398399.8"
"55395305000";"2183700";"3296";"398407.7"
"55396385000";"2183700";"3296";"398415.7"
"55397465000";"2169000";"3296";"398423.6"
"55398808000";"2169000";"3296";"398431.9"
"55399892000";"2169000";"3296";"398440.3"
"55400971000";"2169000";"3296";"398448.2"
"55402051000";"2169000";"3296";"398456.2"
"55403137000";"2169000";"3296";"398464.5"
"55404478000";"2169000";"3296";"398472.4"
"55405559000";"2139900";"3296";"398480.8"
"55406640000";"2139900";"3296";"398488.7"
"55407719000";"2139900";"3296";"398496.7"
"55408798000";"2139900";"3296";"398504.6"
"55410141000";"2139900";"3296";"398512.9"
"55411220000";"2139900";"3296";"398520.9"
"55412300000";"2139900";"3296";"398528.9"
"55413385000";"2169700";"3296";"398536.8"
"55414465000";"2169700";"3296";"398544.8"
"55415808000";"2169700";"3296";"398554.6"
"55416887000";"2169700";"3296";"398562.6"
"55417966000";"2169700";"3296";"398570.9"
"55419047000";"2169700";"3296";"398578.8"
"55420126000";"2247100";"3296";"398586.8"
"55421468000";"2247100";"3296";"398595.1"
"55422549000";"2247100";"3296";"398603.1"
"55423635000";"2247100";"3296";"398611.4"
"55424714000";"2247100";"3297";"398619.4"
"55425794000";"2247100";"3297";"398627.3"
"55427136000";"2247100";"3297";"398635.6"
"55428216000";"2127000";"3297";"398643.6"
"55429296000";"2127000";"3297";"398651.5"
"55430376000";"2127000";"3297";"398659.5"
"55431456000";"2127000";"3296";"398667.4"
"55432799000";"2127000";"3296";"398675.8"
"55433884000";"2127000";"3297";"398683.7"
"55434965000";"2127000";"3297";"398692.0"
"55436045000";"2183500";"3297";"398700.0"
"55437125000";"2183500";"3297";"398707.9"
"55438468000";"2183500";"3296";"398716.3"
"55439548000";"2183500";"3296";"398724.2"
"55440629000";"2183500";"3296";"398732.5"
"55441713000";"2183500";"3297";"398740.5"
"55442793000";"2183500";"3297";"398748.5"
"55444142000";"2125200";"3296";"398756.8"
"55445222000";"2125200";"3297";"398765.1"
"55446302000";"2125200";"3297";"398773.1"
"55447383000";"2125200";"3297";"398781.0"
"55448463000";"2125200";"3297";"398789.0"
"55449805000";"2125200";"3297";"398797.3"
"55450885000";"2125200";"3296";"398805.2"
"55451965000";"2185200";"3296";"398813.2"
"55453051000";"2185200";"3296";"398821.1"
"55454131000";"2185200";"3297";"398829.1"
"55455475000";"2185200";"3297";"398837.4"
"55456556000";"2185200";"3297";"398845.7"
"55457636000";"2185200";"3297";"398853.7"
"55458716000";"2185200";"3297";"398861.6"
"55459795000";"2183200";"3297";"398869.6"
"55461139000";"2183200";"3297";"398879.4"
"55462218000";"2183200";"3296";"398887.4"
"55463304000";"2183200";"3296";"398895.7"
"55464384000";"2183200";"3296";"398903.7"
"55465463000";"2183200";"3296";"398911.6"
"55466806000";"2176600";"3296";"398920.0"
"55467886000";"2176600";"3296";"398927.9"
"55468966000";"2176600";"3296";"398935.9"
"55470046000";"2176600";"3296";"398943.8"
"55471127000";"2176600";"3296";"398951.8"
"55472469000";"2176600";"3296";"398960.1"
"55473555000";"2176600";"3296";"398968.0"
"55474635000";"2183500";"3296";"398976.4"
"55475715000";"2183500";"3296";"398984.3"
"55476794000";"2183500";"3296";"398992.3"
"55478137000";"2183500";"3296";"399000.6"
"55479217000";"2183500";"3296";"399008.5"
"55480297000";"2183500";"3296";"399016.5"
"55481377000";"2183500";"3296";"399024.8"
"55482458000";"2185300";"3296";"399032.8"
"55483811000";"2185300";"3296";"399042.6"
"55484890000";"2185300";"3296";"399050.6"
"55485970000";"2185300";"3296";"399058.5"
"55487050000";"2185300";"3296";"399066.5"
"55488130000";"2185300";"3296";"399074.4"
"55489473000";"2158500";"3296";"399082.8"
"55490554000";"2158500";"3296";"399090.7"
"55491633000";"2158500";"3296";"399098.7"
"55492714000";"2158500";"3296";"399107.0"
"55493799000";"2158500";"3296";"399114.9"
"55495142000";"2158500";"3296";"399123.3"
"55496222000";"2158500";"3296";"399131.2"
"55497302000";"2183700";"3296";"399139.2"
"55498382000";"2183700";"3296";"399147.1"
"55499461000";"2183700";"3296";"399155.5"
"55500805000";"2183700";"3297";"399163.8"
"55501884000";"2183700";"3297";"399171.7"
"55502969000";"2183700";"3296";"399179.7"
"55504049000";"2183700";"3296";"399188.0"
"55505129000";"2198800";"3296";"399196.0"
"55506471000";"2198800";"3296";"399204.3"
"55507552000";"2198800";"3297";"399212.2"
"55508631000";"2198800";"3297";"399220.2"
"55509711000";"2198800";"3297";"399228.1"
"55510791000";"2198800";"3296";"399236.1"
"55512134000";"2198800";"3296";"399244.4"
"55513220000";"2112400";"3296";"399252.4"
"55514300000";"2112400";"3296";"399260.3"
"55515379000";"2112400";"3296";"399268.7"
"55516459000";"2112400";"3296";"399276.6"
"55517801000";"2112400";"3296";"399286.1"
"55518881000";"2112400";"3297";"399294.4"
"55519962000";"2246800";"3297";"399302.4"
"55521041000";"2246800";"3296";"399310.3"
"55522122000";"2246800";"3297";"399318.6"
"55523470000";"2246800";"3297";"399327.0"
"55524550000";"2246800";"3297";"399334.9"
"55525635000";"2246800";"3297";"399342.9"
"55526714000";"2246800";"3297";"399350.8"
"55527795000";"2182500";"3297";"399358.8"
"55529137000";"2182500";"3297";"399367.1"
"55530217000";"2182500";"3297";"399375.0"
"55531297000";"2182500";"3297";"399383.0"
"55532377000";"2182500";"3297";"399390.9"
"55533462000";"2182500";"3297";"399399.3"
"55534805000";"2160100";"3297";"399408.7"
"55535884000";"2160100";"3297";"399416.7"
"55536964000";"2160100";"3297";"399425.0"
"55538044000";"2160100";"3296";"399433.0"
"55539125000";"2160100";"3296";"399440.9"
"55540467000";"2160100";"3296";"399449.3"
"55541546000";"2160100";"3296";"399457.2"
"55542627000";"2200500";"3296";"399465.5"
"55543713000";"2200500";"3296";"399473.5"
"55544793000";"2200500";"3297";"399481.4"
"55546135000";"2200500";"3297";"399491.3"
"55547215000";"2200500";"3297";"399499.2"
"55548295000";"2200500";"3297";"399507.2"
"55549374000";"2227800";"3296";"399515.1"
"55550455000";"2227800";"3296";"399523.1"
"55551798000";"2227800";"3296";"399531.4"
"55552883000";"2227800";"3296";"399539.4"
"55553964000";"2227800";"3296";"399547.3"
"55555044000";"2227800";"3296";"399555.7"
"55556124000";"2227800";"3296";"399563.6"
"55557467000";"2126200";"3296";"399571.9"
"55558547000";"2126200";"3296";"399579.9"
"55559628000";"2126200";"3296";"399587.8"
"55560707000";"2126200";"3296";"399596.2"
"55561788000";"2126200";"3296";"399604.1"
"55563136000";"2126200";"3296";"399612.4"
"55564216000";"2126200";"3296";"399620.4"
"55565296000";"2183700";"3296";"399628.3"
"55566375000";"2183700";"3296";"399636.3"
"55567460000";"2183700";"3296";"399644.6"
"55568803000";"2183700";"3297";"399654.1"
"55569883000";"2183700";"3296";"399662.0"
"55570963000";"2183700";"3297";"399670.4"
"55572044000";"2244700";"3297";"399678.3"
"55573129000";"2244700";"3297";"399686.3"
"55574471000";"2244700";"3297";"399694.6"
"55575551000";"2244700";"3297";"399702.6"
"55576631000";"2244700";"3296";"399710.5"
"55577711000";"2244700";"3296";"399718.5"
"55578796000";"2244700";"3296";"399726.8"
"55580139000";"2125500";"3296";"399735.1"
"55581219000";"2125500";"3296";"399743.1"
"55582299000";"2125500";"3296";"399751.0"
"55583385000";"2125500";"3296";"399759.4"
"55584465000";"2125500";"3296";"399767.3"
"55585807000";"2125500";"3296";"399776.8"
"55586887000";"2244900";"3297";"399785.1"
"55587967000";"2244900";"3297";"399793.1"
"55589047000";"2244900";"3297";"399801.0"
"55590127000";"2244900";"3297";"399809.0"
"55591470000";"2244900";"3297";"399817.3"
"55592550000";"2244900";"3297";"399825.2"
"55593635000";"2244900";"3297";"399833.2"
"55594715000";"2169000";"3296";"399841.1"
"55595795000";"2169000";"3297";"399849.5"
"55597139000";"2169000";"3297";"399857.4"
"55598218000";"2169000";"3297";"399865.7"
"55599297000";"2169000";"3297";"399873.7"
"55600377000";"2169000";"3297";"399881.6"
"55601457000";"2169000";"3297";"399890.0"
"55602801000";"2142300";"3297";"399898.3"
"55603886000";"2142300";"3297";"399906.2"
"55604965000";"2142300";"3297";"399914.2"
"55606045000";"2142300";"3297";"399922.2"
"55607125000";"2142300";"3297";"399930.1"
"55608468000";"2142300";"3297";"399938.4"
"55609553000";"2142300";"3297";"399946.4"
"55610633000";"2182800";"3297";"399954.7"
"55611713000";"2182800";"3297";"399962.7"
"55612793000";"2182800";"3297";"399970.6"
"55614140000";"2182800";"3297";"399978.9"
"55615221000";"2182800";"3297";"399986.9"
"55616300000";"2182800";"3297";"399994.8"
"55617380000";"2182800";"3296";"400002.8"
"55618460000";"2169100";"3297";"400010.7"
"55619804000";"2169100";"3296";"400020.6"
"55620884000";"2169100";"3296";"400028.9"
"55621964000";"2169100";"3297";"400036.9"
"55623050000";"2169100";"3296";"400044.8"
"55624130000";"2169100";"3296";"400052.8"
"55625473000";"2176000";"3296";"400061.1"
"55626553000";"2176000";"3296";"400069.1"
"55627633000";"2176000";"3296";"400077.4"
"55628712000";"2176000";"3296";"400085.3"
"55629792000";"2176000";"3296";"400093.3"
"55631136000";"2176000";"3296";"400101.6"
"55632216000";"2176000";"3296";"400109.6"
"55633301000";"2183700";"3296";"400117.5"
"55634380000";"2183700";"3296";"400125.5"
"55635461000";"2183700";"3296";"400133.4"
"55636804000";"2183700";"3296";"400141.7"
"55637885000";"2183700";"3296";"400149.7"
"55638965000";"2183700";"3296";"400158.0"
"55640045000";"2183700";"3296";"400166.0"
"55641124000";"2185300";"3296";"400173.9"
"55642467000";"2185300";"3296";"400182.2"
"55643553000";"2185300";"3296";"400190.6"
"55644633000";"2185300";"3296";"400198.5"
"55645713000";"2185300";"3296";"400206.5"
"55646792000";"2185300";"3296";"400214.4"
"55648135000";"2185300";"3296";"400222.8"
"55649215000";"2126700";"3296";"400230.7"
"55650295000";"2126700";"3296";"400238.7"
"55651379000";"2126700";"3296";"400246.6"
"55652459000";"2126700";"3296";"400254.9"
"55653808000";"2126700";"3296";"400264.4"
"55654888000";"2126700";"3296";"400272.4"
"55655968000";"2243200";"3296";"400280.7"
"55657048000";"2243200";"3296";"400288.7"
"55658127000";"2243200";"3296";"400296.6"
"55659470000";"2243200";"3296";"400304.9"
"55660549000";"2243200";"3296";"400312.9"
"55661630000";"2243200";"3296";"400321.2"
"55662710000";"2243200";"3296";"400329.2"
"55663795000";"2184100";"3296";"400337.1"
"55665137000";"2184100";"3296";"400345.4"
"55666218000";"2184100";"3296";"400353.4"
"55667299000";"2184100";"3296";"400361.3"
"55668378000";"2184100";"3296";"400369.3"
"55669459000";"2184100";"3296";"400377.6"
"55670802000";"2184100";"3296";"400385.6"
"55671882000";"2127500";"3296";"400393.9"
"55672968000";"2127500";"3296";"400401.8"
"55674048000";"2127500";"3296";"400409.8"
"55675127000";"2127500";"3295";"400417.8"
"55676471000";"2127500";"3295";"400426.1"
"55677550000";"2127500";"3295";"400434.0"
"55678630000";"2127500";"3295";"400442.4"
"55679710000";"2184100";"3295";"400450.3"
"55680790000";"2184100";"3295";"400458.3"
"55682133000";"2184100";"3295";"400466.6"
"55683218000";"2184100";"3295";"400474.5"
"55684298000";"2184100";"3296";"400482.9"
"55685378000";"2184100";"3296";"400490.8"
"55686458000";"2184100";"3296";"400498.8"
"55687801000";"2126700";"3295";"400507.1"
"55688880000";"2126700";"3295";"400515.0"
"55689961000";"2126700";"3295";"400523.0"
"55691041000";"2126700";"3295";"400530.9"
"55692121000";"2126700";"3295";"400538.9"
"55693475000";"2126700";"3295";"400547.2"
"55694554000";"2126700";"3295";"400555.2"
"55695635000";"2181900";"3296";"400563.5"
"55696715000";"2181900";"3296";"400571.5"
"55697795000";"2181900";"3296";"400579.4"
"55699137000";"2181900";"3296";"400587.7"
"55700217000";"2181900";"3296";"400595.7"
"55701297000";"2181900";"3296";"400604.0"
"55702378000";"2181900";"3296";"400612.0"
"55703463000";"2184100";"3296";"400619.9"
"55704805000";"2184100";"3296";"400628.2"
"55705885000";"2184100";"3296";"400636.2"
"55706965000";"2184100";"3296";"400644.1"
"55708045000";"2184100";"3296";"400652.5"
"55709125000";"2184100";"3296";"400660.4"
"55710467000";"2184100";"3296";"400668.8"
"55711546000";"2128600";"3296";"400676.7"
"55712627000";"2128600";"3296";"400684.7"
"55713712000";"2128600";"3296";"400692.6"
"55714791000";"2128600";"3296";"400700.6"
"55716133000";"2128600";"3296";"400710.4"
"55717214000";"2128600";"3296";"400718.4"
"55718293000";"2228000";"3296";"400726.3"
"55719374000";"2228000";"3296";"400734.3"
"55720453000";"2228000";"3296";"400742.6"
"55721796000";"2228000";"3296";"400750.9"
"55722881000";"2228000";"3296";"400758.9"
"55723961000";"2228000";"3296";"400766.8"
"55725042000";"2228000";"3296";"400774.8"
"55726122000";"2198500";"3296";"400783.1"
"55727465000";"2198500";"3297";"400791.0"
"55728544000";"2198500";"3297";"400799.4"
"55729624000";"2198500";"3297";"400807.3"
"55730703000";"2198500";"3297";"400815.3"
"55731783000";"2198500";"3297";"400823.2"
"55733130000";"2198500";"3297";"400831.6"
"55734210000";"2113100";"3297";"400839.5"
"55735294000";"2113100";"3297";"400847.5"
"55736374000";"2113100";"3297";"400855.4"
"55737454000";"2113100";"3297";"400863.4"
"55738796000";"2113100";"3297";"400871.7"
"55739877000";"2113100";"3297";"400880.0"
"55740957000";"2113100";"3297";"400888.0"
"55742037000";"2184100";"3297";"400895.9"
"55743123000";"2184100";"3297";"400904.3"
"55744466000";"2184100";"3297";"400912.6"
"55745546000";"2184100";"3297";"400920.5"
"55746626000";"2184100";"3297";"400928.5"
"55747706000";"2184100";"3297";"400936.4"
"55748786000";"2184100";"3297";"400944.4"
"55750129000";"2126400";"3297";"400952.7"
"55751210000";"2126400";"3297";"400960.7"
"55752289000";"2126400";"3297";"400968.6"
"55753375000";"2126400";"3297";"400976.6"
"55754455000";"2126400";"3297";"400984.9"
"55755798000";"2126400";"3297";"400993.2"
"55756877000";"2126400";"3297";"401001.2"
"55757957000";"2184100";"3297";"401009.1"
"55759036000";"2184100";"3297";"401017.1"
"55760117000";"2184100";"3297";"401025.0"
"55761459000";"2184100";"3297";"401033.3"
"55762540000";"2184100";"3297";"401041.7"
"55763625000";"2184100";"3297";"401049.6"
"55764704000";"2184100";"3297";"401057.6"
"55765784000";"2184100";"3297";"401065.5"
"55767127000";"2184100";"3297";"401073.9"
"55768207000";"2184100";"3297";"401081.8"
"55769287000";"2184100";"3297";"401090.1"
"55770368000";"2184100";"3297";"401098.1"
"55771447000";"2184100";"3297";"401106.0"
"55772790000";"2184100";"3297";"401114.4"
"55773875000";"2126700";"3297";"401122.3"
"55774955000";"2126700";"3297";"401130.3"
"55776034000";"2126700";"3297";"401138.2"
"55777118000";"2126700";"3297";"401146.2"
"55778462000";"2126700";"3297";"401154.5"
"55779541000";"2126700";"3297";"401162.8"
"55780622000";"2126700";"3297";"401170.8"
"55781701000";"2184300";"3297";"401178.7"
"55782782000";"2184300";"3297";"401186.7"
"55784131000";"2184300";"3297";"401196.5"
"55785211000";"2184300";"3296";"401204.5"
"55786291000";"2184300";"3296";"401212.8"
"55787372000";"2184300";"3296";"401220.8"
"55788452000";"2243800";"3296";"401228.7"
"55789795000";"2243800";"3296";"401238.2"
"55790874000";"2243800";"3296";"401246.1"
"55791955000";"2243800";"3296";"401254.5"
"55793041000";"2243800";"3296";"401262.4"
"55794120000";"2243800";"3296";"401270.4"
"55795463000";"2159900";"3296";"401278.7"
"55796544000";"2159900";"3296";"401286.6"
"55797623000";"2159900";"3296";"401294.6"
"55798704000";"2159900";"3296";"401302.5"
"55799783000";"2159900";"3296";"401310.9"
"55801127000";"2159900";"3296";"401319.2"
"55802207000";"2159900";"3296";"401327.2"
"55803293000";"2183400";"3296";"401335.1"
"55804372000";"2183400";"3296";"401343.1"
"55805452000";"2183400";"3296";"401351.0"
"55806795000";"2183400";"3296";"401359.3"
"55807875000";"2183400";"3296";"401367.3"
"55808955000";"2183400";"3297";"401375.2"
"55810035000";"2183400";"3297";"401383.6"
"55811115000";"2185500";"3296";"401391.5"
"55812458000";"2185500";"3296";"401399.8"
"55813544000";"2185500";"3297";"401407.8"
"55814623000";"2185500";"3297";"401415.7"
"55815703000";"2185500";"3297";"401423.7"
"55816782000";"2185500";"3297";"401431.6"
"55818126000";"2159900";"3297";"401441.5"
"55819210000";"2159900";"3296";"401449.4"
"55820291000";"2159900";"3296";"401457.4"
"55821371000";"2159900";"3296";"401465.7"
"55822451000";"2159900";"3297";"401473.7"
"55823799000";"2159900";"3297";"401482.0"
"55824879000";"2159900";"3296";"401490.0"
"55825959000";"2182500";"3296";"401497.9"
"55827040000";"2182500";"3296";"401506.2"
"55828120000";"2182500";"3296";"401514.2"
"55829463000";"2182500";"3297";"401522.5"
"55830544000";"2182500";"3297";"401530.5"
"55831624000";"2182500";"3297";"401538.4"
"55832704000";"2182500";"3297";"401546.4"
"55833790000";"2183200";"3297";"401554.3"
"55835132000";"2183200";"3297";"401564.2"
"55836211000";"2183200";"3297";"401572.1"
"55837291000";"2183200";"3297";"401580.1"
"55838370000";"2183200";"3297";"401588.0"
"55839451000";"2183200";"3297";"401596.4"
"55840794000";"2178400";"3297";"401604.7"
"55841873000";"2178400";"3297";"401612.6"
"55842959000";"2178400";"3297";"401620.6"
"55844038000";"2178400";"3297";"401628.9"
"55845118000";"2178400";"3297";"401636.9"
"55846460000";"2178400";"3298";"401645.2"
"55847540000";"2178400";"3298";"401653.1"
"55848620000";"2184600";"3298";"401661.1"
"55849700000";"2184600";"3297";"401669.0"
"55850780000";"2184600";"3297";"401677.0"
"55852124000";"2184600";"3297";"401686.8"
"55853209000";"2184600";"3297";"401694.8"
"55854289000";"2184600";"3297";"401702.7"
"55855369000";"2227200";"3297";"401710.7"
"55856449000";"2227200";"3297";"401719.0"
"55857792000";"2227200";"3297";"401727.0"
"55858871000";"2227200";"3297";"401735.3"
"55859952000";"2227200";"3297";"401743.3"
"55861036000";"2227200";"3297";"401751.2"
"55862117000";"2227200";"3297";"401759.5"
"55863465000";"2139800";"3298";"401767.9"
"55864544000";"2139800";"3298";"401775.8"
"55865624000";"2139800";"3298";"401783.8"
"55866704000";"2139800";"3297";"401791.7"
"55867784000";"2139800";"3297";"401799.7"
"55869127000";"2139800";"3297";"401808.0"
"55870206000";"2139800";"3297";"401815.9"
"55871287000";"2170600";"3297";"401823.9"
"55872367000";"2170600";"3297";"401831.8"
"55873452000";"2170600";"3297";"401840.2"
"55874795000";"2170600";"3297";"401848.1"
"55875875000";"2170600";"3297";"401856.1"
"55876955000";"2170600";"3297";"401864.4"
"55878034000";"2170600";"3297";"401872.4"
"55879114000";"2184300";"3297";"401880.3"
"55880456000";"2184300";"3297";"401888.6"
"55881535000";"2184300";"3297";"401896.6"
"55882616000";"2184300";"3297";"401904.9"
"55883701000";"2184300";"3297";"401912.9"
"55884782000";"2184300";"3297";"401920.8"
"55886125000";"2184300";"3297";"401929.1"
"55887204000";"2126900";"3296";"401937.1"
"55888284000";"2126900";"3296";"401945.0"
"55889365000";"2126900";"3296";"401953.0"
"55890445000";"2126900";"3297";"401961.3"
"55891788000";"2126900";"3297";"401970.8"
"55892873000";"2126900";"3296";"401978.7"
"55893952000";"2227600";"3296";"401986.7"
"55895033000";"2227600";"3296";"401994.7"
"55896112000";"2227600";"3296";"402002.6"
"55897456000";"2227600";"3296";"402010.9"
"55898535000";"2227600";"3296";"402019.3"
"55899614000";"2227600";"3296";"402027.2"
"55900695000";"2227600";"3296";"402035.2"
"55901774000";"2185700";"3296";"402043.1"
"55903127000";"2185700";"3296";"402051.8"
"55904206000";"2185700";"3296";"402059.8"
"55905287000";"2185700";"3296";"402067.7"
"55906366000";"2185700";"3296";"402075.7"
"55907447000";"2185700";"3296";"402083.6"
"55908790000";"2174800";"3296";"402093.5"
"55909870000";"2174800";"3296";"402101.4"
"55910949000";"2174800";"3296";"402109.4"
"55912030000";"2174800";"3296";"402117.3"
"55913114000";"2174800";"3296";"402125.3"
"55914457000";"2174800";"3296";"402135.1"
"55915537000";"2228000";"3296";"402143.1"
"55916616000";"2228000";"3296";"402151.0"
"55917696000";"2228000";"3296";"402159.0"
"55918777000";"2228000";"3296";"402167.3"
"55920120000";"2228000";"3296";"402176.8"
"55921201000";"2228000";"3296";"402185.1"
"55922281000";"2246000";"3296";"402193.1"
"55923366000";"2246000";"3296";"402201.0"
"55924446000";"2246000";"3296";"402209.0"
"55925788000";"2246000";"3296";"402217.3"
"55926868000";"2246000";"3296";"402225.2"
"55927948000";"2246000";"3296";"402233.2"
"55929028000";"2246000";"3296";"402241.1"
"55930109000";"2183900";"3296";"402249.5"
"55931452000";"2183900";"3296";"402257.4"
"55932531000";"2183900";"3296";"402265.4"
"55933617000";"2183900";"3296";"402273.3"
"55934697000";"2183900";"3296";"402281.7"
"55935776000";"2183900";"3296";"402289.6"
"55937118000";"2183900";"3296";"402297.9"
"55938199000";"2112800";"3296";"402305.9"
"55939278000";"2112800";"3296";"402313.8"
"55940359000";"2112800";"3296";"402321.8"
"55941439000";"2112800";"3296";"402330.1"
"55942782000";"2112800";"3296";"402338.4"
"55943868000";"2112800";"3296";"402346.4"
"55944952000";"2112800";"3296";"402354.3"
"55946032000";"2197000";"3296";"402362.7"
"55947113000";"2197000";"3296";"402370.6"
"55948455000";"2197000";"3296";"402378.6"
"55949536000";"2197000";"3296";"402386.9"
"55950616000";"2197000";"3297";"402394.8"
"55951696000";"2197000";"3297";"402402.8"
"55952775000";"2197000";"3297";"402410.8"
"55954123000";"2112400";"3297";"402419.1"
"55955203000";"2112400";"3297";"402427.0"
"55956284000";"2112400";"3297";"402435.0"
"55957364000";"2112400";"3297";"402442.9"
"55958444000";"2112400";"3297";"402450.9"
"55959787000";"2112400";"3297";"402459.2"
"55960867000";"2112400";"3297";"402467.5"
"55961948000";"2184800";"3297";"402475.5"
"55963032000";"2184800";"3297";"402483.4"
"55964112000";"2184800";"3297";"402491.4"
"55965456000";"2184800";"3297";"402501.2"
"55966535000";"2184800";"3297";"402509.2"
"55967615000";"2184800";"3297";"402517.1"
"55968695000";"2228000";"3297";"402525.1"
"55969775000";"2228000";"3297";"402533.0"
"55971118000";"2228000";"3297";"402541.4"
"55972197000";"2228000";"3297";"402549.3"
"55973282000";"2228000";"3297";"402557.7"
"55974362000";"2228000";"3297";"402565.6"
"55975441000";"2228000";"3297";"402573.6"
"55976784000";"2127200";"3297";"402581.9"
"55977863000";"2127200";"3297";"402589.8"
"55978943000";"2127200";"3297";"402597.8"
"55980023000";"2127200";"3297";"402605.7"
"55981102000";"2127200";"3297";"402614.1"
"55982444000";"2127200";"3297";"402622.4"
"55983530000";"2127200";"3297";"402630.3"
"55984609000";"2184400";"3297";"402638.3"
"55985690000";"2184400";"3297";"402646.2"
"55986775000";"2184400";"3297";"402654.6"
"55988118000";"2184400";"3297";"402662.9"
"55989198000";"2184400";"3297";"402670.8"
"55990277000";"2184400";"3297";"402678.8"
"55991357000";"2184400";"3297";"402686.8"
"55992436000";"2184300";"3297";"402694.7"
"55993785000";"2184300";"3297";"402703.0"
"55994864000";"2184300";"3297";"402711.0"
"55995945000";"2184300";"3297";"402718.9"
"55997025000";"2184300";"3297";"402726.9"
"55998106000";"2184300";"3297";"402734.8"
"55999449000";"2159500";"3297";"402744.7"
"56000528000";"2159500";"3297";"402752.6"
"56001609000";"2159500";"3297";"402761.0"
"56002688000";"2159500";"3297";"402768.9"
"56003772000";"2159500";"3297";"402776.9"
"56005116000";"2159500";"3297";"402785.2"
"56006195000";"2159500";"3297";"402793.1"
"56007276000";"2184100";"3297";"402801.1"
"56008355000";"2184100";"3297";"402809.4"
"56009434000";"2184100";"3297";"402817.4"
"56010778000";"2184100";"3297";"402825.7"
"56011859000";"2184100";"3297";"402833.7"
"56012943000";"2184100";"3297";"402841.6"
"56014023000";"2184100";"3296";"402849.6"
"56015103000";"2184100";"3297";"402857.5"
"56016447000";"2184100";"3297";"402867.4"
"56017527000";"2184100";"3297";"402875.3"
"56018607000";"2184100";"3297";"402883.3"
"56019687000";"2184100";"3297";"402891.6"
"56020767000";"2184100";"3297";"402899.5"
"56022110000";"2177600";"3297";"402907.9"
"56023196000";"2177600";"3296";"402915.8"
"56024276000";"2177600";"3297";"402924.2"
"56025356000";"2177600";"3297";"402932.1"
"56026437000";"2177600";"3297";"402940.1"
"56027779000";"2177600";"3297";"402948.4"
"56028864000";"2177600";"3297";"402956.3"
"56029943000";"2182500";"3297";"402964.3"
"56031024000";"2182500";"3297";"402972.2"
"56032103000";"2182500";"3297";"402980.2"
"56033452000";"2182500";"3296";"402988.5"
"56034532000";"2182500";"3296";"402996.5"
"56035612000";"2182500";"3296";"403004.4"
"56036693000";"2182500";"3296";"403012.7"
"56037773000";"2183400";"3296";"403020.7"
"56039116000";"2183400";"3297";"403030.5"
"56040196000";"2183400";"3297";"403038.5"
"56041276000";"2183400";"3297";"403046.4"
"56042355000";"2183400";"3296";"403054.4"
"56043441000";"2183400";"3296";"403062.7"
"56044784000";"2176400";"3296";"403071.0"
"56045863000";"2176400";"3296";"403079.0"
"56046943000";"2176400";"3296";"403087.0"
"56048023000";"2176400";"3296";"403094.9"
"56049104000";"2176400";"3296";"403102.9"
"56050446000";"2176400";"3296";"403111.2"
"56051527000";"2176400";"3296";"403119.1"
"56052607000";"2170600";"3296";"403127.1"
"56053692000";"2170600";"3296";"403135.4"
"56054772000";"2170600";"3296";"403143.4"
"56056115000";"2170600";"3296";"403151.7"
"56057194000";"2170600";"3296";"403159.6"
"56058274000";"2170600";"3296";"403167.6"
"56059354000";"2170600";"3296";"403175.5"
"56060434000";"2198800";"3296";"403183.9"
"56061776000";"2198800";"3296";"403192.2"
"56062862000";"2198800";"3297";"403200.1"
"56063942000";"2198800";"3297";"403208.1"
"56065021000";"2198800";"3297";"403216.1"
"56066102000";"2198800";"3297";"403224.4"
"56067445000";"2198800";"3296";"403232.3"
"56068526000";"2126500";"3296";"403240.7"
"56069605000";"2126500";"3296";"403248.6"
"56070689000";"2126500";"3297";"403256.6"
"56071769000";"2126500";"3296";"403264.5"
"56073116000";"2126500";"3296";"403272.8"
"56074196000";"2126500";"3296";"403280.8"
"56075276000";"2126500";"3296";"403288.7"
"56076355000";"2168600";"3296";"403296.7"
"56077436000";"2168600";"3296";"403304.6"
"56078779000";"2168600";"3296";"403313.0"
"56079860000";"2168600";"3297";"403321.3"
"56080940000";"2168600";"3296";"403329.3"
"56082019000";"2168600";"3296";"403337.2"
"56083105000";"2168600";"3296";"403345.5"
"56084448000";"2140600";"3296";"403353.9"
"56085527000";"2140600";"3296";"403361.8"
"56086607000";"2140600";"3296";"403369.8"
"56087687000";"2140600";"3296";"403377.7"
"56088767000";"2140600";"3296";"403386.0"
"56090110000";"2140600";"3296";"403395.5"
"56091189000";"2229700";"3296";"403403.5"
"56092270000";"2229700";"3296";"403411.4"
"56093356000";"2229700";"3296";"403419.7"
"56094435000";"2229700";"3296";"403427.7"
"56095777000";"2229700";"3296";"403436.0"
"56096858000";"2229700";"3296";"403444.0"
"56097937000";"2229700";"3296";"403451.9"
"56099017000";"2183900";"3297";"403459.9"
"56100097000";"2183900";"3296";"403467.8"
"56101440000";"2183900";"3296";"403476.2"
"56102521000";"2183900";"3296";"403484.5"
"56103606000";"2183900";"3296";"403492.4"
"56104685000";"2183900";"3296";"403500.4"
"56105765000";"2183900";"3296";"403508.3"
"56107107000";"2126900";"3296";"403516.7"
"56108187000";"2126900";"3296";"403524.6"
"56109267000";"2126900";"3296";"403532.9"
"56110347000";"2126900";"3297";"403540.9"
"56111427000";"2126900";"3296";"403548.9"
"56112774000";"2126900";"3296";"403557.2"
"56113860000";"2126900";"3296";"403565.1"
"56114940000";"2182500";"3296";"403573.1"
"56116019000";"2182500";"3296";"403581.0"
"56117100000";"2182500";"3296";"403589.0"
"56118442000";"2182500";"3296";"403597.3"
"56119522000";"2182500";"3296";"403605.6"
"56120602000";"2182500";"3296";"403613.6"
"56121681000";"2182500";"3296";"403621.5"
"56122761000";"2185900";"3296";"403629.5"
"56124110000";"2185900";"3296";"403639.3"
"56125190000";"2185900";"3296";"403647.3"
"56126270000";"2185900";"3296";"403655.6"
"56127350000";"2185900";"3296";"403663.6"
"56128430000";"2185900";"3296";"403671.5"
"56129772000";"2176600";"3296";"403679.8"
"56130852000";"2176600";"3296";"403687.8"
"56131932000";"2176600";"3296";"403695.7"
"56133018000";"2176600";"3296";"403703.7"
"56134097000";"2176600";"3296";"403712.0"
"56135440000";"2176600";"3296";"403720.0"
"56136520000";"2176600";"3296";"403728.3"
"56137599000";"2184100";"3296";"403736.3"
"56138679000";"2184100";"3296";"403744.2"
"56139760000";"2184100";"3296";"403752.2"
"56141102000";"2184100";"3296";"403760.5"
"56142182000";"2184100";"3296";"403768.8"
"56143267000";"2184100";"3296";"403776.8"
"56144348000";"2184100";"3296";"403784.7"
"56145427000";"2183700";"3296";"403792.7"
"56146770000";"2183700";"3296";"403801.0"
"56147850000";"2183700";"3296";"403808.9"
"56148930000";"2183700";"3296";"403816.9"
"56150009000";"2183700";"3296";"403825.2"
"56151089000";"2183700";"3296";"403833.2"
"56152432000";"2162100";"3296";"403842.6"
"56153516000";"2162100";"3296";"403850.6"
"56154601000";"2162100";"3296";"403858.9"
"56155681000";"2162100";"3296";"403866.9"
"56156761000";"2162100";"3296";"403874.8"
"56158105000";"2162100";"3297";"403884.7"
"56159185000";"2243000";"3297";"403892.6"
"56160265000";"2243000";"3297";"403900.6"
"56161345000";"2243000";"3297";"403908.5"
"56162425000";"2243000";"3297";"403916.9"
"56163774000";"2243000";"3297";"403926.3"
"56164853000";"2243000";"3297";"403934.7"
"56165933000";"2244700";"3297";"403942.6"
"56167013000";"2244700";"3297";"403950.6"
"56168093000";"2244700";"3297";"403958.5"
"56169436000";"2244700";"3297";"403968.4"
"56170516000";"2244700";"3297";"403976.3"
"56171596000";"2244700";"3297";"403984.3"
"56172676000";"2229300";"3297";"403992.2"
"56173761000";"2229300";"3297";"404000.2"
"56175105000";"2229300";"3297";"404008.5"
"56176184000";"2229300";"3297";"404016.5"
"56177264000";"2229300";"3297";"404024.4"
"56178345000";"2229300";"3297";"404032.7"
"56179424000";"2229300";"3297";"404040.7"
"56180768000";"2126500";"3297";"404049.0"
"56181848000";"2126500";"3297";"404057.0"
"56182933000";"2126500";"3297";"404064.9"
"56184013000";"2126500";"3297";"404073.2"
"56185093000";"2126500";"3297";"404081.2"
"56186435000";"2126500";"3297";"404089.5"
"56187514000";"2126500";"3297";"404097.5"
"56188595000";"2184100";"3297";"404105.4"
"56189674000";"2184100";"3297";"404113.4"
"56190755000";"2184100";"3297";"404121.3"
"56192097000";"2184100";"3297";"404129.6"
"56193183000";"2184100";"3297";"404138.0"
"56194263000";"2184100";"3297";"404145.9"
"56195344000";"2184100";"3297";"404153.9"
"56196429000";"2182100";"3297";"404161.8"
"56197771000";"2182100";"3297";"404170.2"
"56198850000";"2182100";"3297";"404178.1"
"56199931000";"2182100";"3297";"404186.1"
"56201010000";"2182100";"3297";"404194.4"
"56202090000";"2182100";"3297";"404202.3"
"56203438000";"2182100";"3297";"404210.7"
"56204517000";"2127400";"3297";"404218.6"
"56205597000";"2127400";"3297";"404226.6"
"56206677000";"2127400";"3297";"404234.9"
"56207758000";"2127400";"3297";"404242.9"
"56209100000";"2127400";"3297";"404252.3"
"56210181000";"2127400";"3297";"404260.3"
"56211261000";"2246200";"3297";"404268.6"
"56212341000";"2246200";"3297";"404276.6"
"56213426000";"2246200";"3297";"404284.5"
"56214768000";"2246200";"3297";"404292.8"
"56215849000";"2246200";"3297";"404300.8"
"56216929000";"2246200";"3297";"404308.7"
"56218008000";"2246200";"3297";"404316.7"
"56219089000";"2169100";"3297";"404324.6"
"56220431000";"2169100";"3297";"404333.0"
"56221511000";"2169100";"3297";"404341.3"
"56222591000";"2169100";"3297";"404349.2"
"56223676000";"2169100";"3297";"404357.6"
"56224757000";"2169100";"3297";"404365.5"
"56226100000";"2169100";"3297";"404373.9"
"56227180000";"2140800";"3297";"404381.8"
"56228259000";"2140800";"3297";"404389.8"
"56229339000";"2140800";"3297";"404397.7"
"56230419000";"2140800";"3297";"404405.7"
"56231763000";"2140800";"3297";"404414.0"
"56232842000";"2140800";"3297";"404421.9"
"56233928000";"2140800";"3297";"404430.3"
"56235008000";"2183900";"3297";"404438.2"
"56236089000";"2183900";"3297";"404446.2"
"56237432000";"2183900";"3297";"404454.5"
"56238517000";"2183900";"3297";"404462.4"
"56239596000";"2183900";"3297";"404470.4"
"56240676000";"2183900";"3297";"404478.3"
"56241756000";"2183900";"3297";"404486.7"
"56243104000";"2182600";"3297";"404496.5"
"56244183000";"2182600";"3297";"404504.5"
"56245264000";"2182600";"3297";"404512.4"
"56246343000";"2182600";"3297";"404520.8"
"56247424000";"2182600";"3297";"404528.7"
"56248766000";"2182600";"3297";"404537.0"
"56249846000";"2182600";"3297";"404545.0"
"56250926000";"2185300";"3297";"404552.9"
"56252007000";"2185300";"3297";"404560.9"
"56253093000";"2185300";"3297";"404568.8"
"56254435000";"2185300";"3297";"404577.2"
"56255516000";"2185300";"3297";"404585.1"
"56256596000";"2185300";"3297";"404593.5"
"56257676000";"2185300";"3297";"404601.4"
"56258755000";"2183500";"3297";"404609.4"
"56260097000";"2183500";"3297";"404617.7"
"56261177000";"2183500";"3297";"404625.6"
"56262257000";"2183500";"3297";"404634.0"
"56263342000";"2183500";"3297";"404641.9"
"56264422000";"2183500";"3297";"404649.9"
"56265763000";"2183500";"3297";"404658.2"
"56266844000";"2127400";"3297";"404666.1"
"56267923000";"2127400";"3297";"404674.1"
"56269004000";"2127400";"3297";"404682.4"
"56270084000";"2127400";"3297";"404690.4"
"56271426000";"2127400";"3297";"404698.7"
"56272506000";"2127400";"3297";"404706.6"
"56273593000";"2127400";"3297";"404714.6"
"56274672000";"2183900";"3297";"404722.6"
"56275751000";"2183900";"3297";"404730.5"
"56277094000";"2183900";"3297";"404740.4"
"56278174000";"2183900";"3297";"404748.3"
"56279253000";"2183900";"3296";"404756.3"
"56280338000";"2183900";"3296";"404764.2"
"56281418000";"2245100";"3296";"404772.5"
"56282762000";"2245100";"3296";"404782.4"
"56283847000";"2245100";"3296";"404790.3"
"56284928000";"2245100";"3296";"404798.3"
"56286008000";"2245100";"3296";"404806.2"
"56287088000";"2245100";"3297";"404814.2"
"56288431000";"2225400";"3297";"404824.0"
"56289511000";"2225400";"3297";"404832.0"
"56290591000";"2225400";"3297";"404839.9"
"56291672000";"2225400";"3297";"404847.9"
"56292752000";"2225400";"3297";"404856.2"
"56294101000";"2225400";"3297";"404864.5"
"56295181000";"2225400";"3297";"404872.5"
"56296260000";"2183500";"3297";"404880.5"
"56297340000";"2183500";"3297";"404888.4"
"56298420000";"2183500";"3297";"404896.4"
"56299763000";"2183500";"3297";"404904.7"
"56300843000";"2183500";"3297";"404912.6"
"56301923000";"2183500";"3297";"404921.0"
"56303008000";"2183500";"3297";"404928.9"
"56304088000";"2198700";"3297";"404937.2"
"56305430000";"2198700";"3297";"404945.6"
"56306510000";"2198700";"3297";"404953.5"
"56307589000";"2198700";"3297";"404961.5"
"56308668000";"2198700";"3297";"404969.4"
"56309749000";"2198700";"3297";"404977.4"
"56311092000";"2162100";"3297";"404987.2"
"56312171000";"2162100";"3297";"404995.2"
"56313256000";"2162100";"3297";"405003.1"
"56314335000";"2162100";"3297";"405011.1"
"56315415000";"2162100";"3297";"405019.0"
"56316759000";"2162100";"3297";"405027.4"
"56317840000";"2162100";"3297";"405035.3"
"56318919000";"2184300";"3297";"405043.6"
"56319999000";"2184300";"3297";"405051.6"
"56321079000";"2184300";"3297";"405059.5"
"56322426000";"2184300";"3297";"405069.4"
"56323511000";"2184300";"3297";"405077.3"
"56324591000";"2184300";"3297";"405085.3"
"56325671000";"2243200";"3297";"405093.6"
"56326751000";"2243200";"3297";"405101.6"
"56328094000";"2243200";"3297";"405109.9"
"56329173000";"2243200";"3297";"405117.9"
"56330252000";"2243200";"3297";"405125.8"
"56331331000";"2243200";"3297";"405133.8"
"56332411000";"2243200";"3297";"405141.7"
"56333760000";"2112900";"3297";"405150.0"
"56334840000";"2112900";"3296";"405158.0"
"56335920000";"2112900";"3297";"405166.3"
"56337000000";"2112900";"3297";"405174.3"
"56338080000";"2112900";"3297";"405182.2"
"56339422000";"2112900";"3297";"405190.5"
"56340501000";"2112900";"3297";"405198.5"
"56341580000";"2186100";"3296";"405206.4"
"56342661000";"2186100";"3297";"405214.8"
"56343746000";"2186100";"3296";"405222.7"
"56345089000";"2186100";"3296";"405231.0"
"56346169000";"2186100";"3296";"405239.0"
"56347249000";"2186100";"3296";"405247.0"
"56348329000";"2186100";"3296";"405255.3"
"56349408000";"2198700";"3296";"405263.2"
"56350752000";"2198700";"3296";"405271.6"
"56351832000";"2198700";"3296";"405279.5"
"56352917000";"2198700";"3296";"405287.5"
"56353997000";"2198700";"3296";"405295.4"
"56355077000";"2198700";"3296";"405303.4"
"56356419000";"2198700";"3296";"405311.7"
"56357498000";"2112600";"3296";"405319.6"
"56358578000";"2112600";"3296";"405327.6"
"56359658000";"2112600";"3297";"405335.5"
"56360739000";"2112600";"3297";"405343.9"
"56362082000";"2112600";"3297";"405352.2"
"56363168000";"2112600";"3297";"405360.1"
"56364252000";"2112600";"3296";"405368.1"
"56365332000";"2197000";"3297";"405376.4"
"56366412000";"2197000";"3297";"405384.4"
"56367755000";"2197000";"3297";"405392.7"
"56368835000";"2197000";"3297";"405400.7"
"56369915000";"2197000";"3297";"405408.6"
"56370995000";"2197000";"3297";"405416.6"
"56372075000";"2197000";"3297";"405424.5"
"56373424000";"2112100";"3297";"405432.8"
"56374504000";"2112100";"3297";"405440.8"
"56375584000";"2112100";"3297";"405448.7"
"56376665000";"2112100";"3297";"405457.1"
"56377744000";"2112100";"3297";"405465.0"
"56379086000";"2112100";"3297";"405473.3"
"56380167000";"2112100";"3297";"405481.3"
"56381246000";"2185500";"3297";"405489.2"
"56382327000";"2185500";"3297";"405497.2"
"56383413000";"2185500";"3297";"405505.5"
"56384757000";"2185500";"3297";"405515.4"
"56385837000";"2185500";"3297";"405523.3"
"56386916000";"2185500";"3297";"405531.3"
"56387996000";"2244300";"3297";"405539.2"
"56389075000";"2244300";"3297";"405547.2"
"56390417000";"2244300";"3297";"405555.5"
"56391498000";"2244300";"3297";"405563.5"
"56392579000";"2244300";"3297";"405571.4"
"56393665000";"2244300";"3297";"405579.4"
"56394744000";"2244300";"3297";"405587.7"
"56396086000";"2112600";"3297";"405595.6"
"56397166000";"2112600";"3297";"405604.0"
"56398247000";"2112600";"3297";"405611.9"
"56399327000";"2112600";"3297";"405619.9"
"56400407000";"2112600";"3297";"405627.8"
"56401749000";"2112600";"3297";"405636.1"
"56402829000";"2112600";"3297";"405644.5"
"56403915000";"2198300";"3298";"405652.4"
"56404995000";"2198300";"3297";"405660.4"
"56406081000";"2198300";"3297";"405668.3"
"56407424000";"2198300";"3297";"405676.7"
"56408504000";"2198300";"3297";"405684.6"
"56409584000";"2198300";"3297";"405692.6"
"56410665000";"2198300";"3297";"405700.9"
"56411745000";"2183200";"3297";"405708.8"
"56413093000";"2183200";"3297";"405717.2"
"56414174000";"2183200";"3297";"405725.1"
"56415254000";"2183200";"3297";"405733.1"
"56416334000";"2183200";"3297";"405741.0"
"56417413000";"2183200";"3297";"405749.0"
"56418757000";"2159900";"3297";"405758.8"
"56419836000";"2159900";"3297";"405766.8"
"56420916000";"2159900";"3297";"405774.7"
"56421996000";"2159900";"3297";"405783.1"
"56423081000";"2159900";"3297";"405791.0"
"56424423000";"2159900";"3297";"405799.3"
"56425503000";"2159900";"3297";"405807.3"
"56426583000";"2184300";"3297";"405815.2"
"56427664000";"2184300";"3297";"405823.6"
"56428744000";"2184300";"3297";"405831.5"
"56430087000";"2184300";"3297";"405839.8"
"56431166000";"2184300";"3297";"405847.8"
"56432247000";"2184300";"3297";"405855.7"
"56433333000";"2184300";"3297";"405863.7"
"56434412000";"2183700";"3297";"405871.7"
"56435755000";"2183700";"3297";"405881.5"
"56436835000";"2183700";"3297";"405889.4"
"56437915000";"2183700";"3297";"405897.4"
"56438995000";"2183700";"3297";"405905.4"
"56440076000";"2183700";"3297";"405913.7"
"56441419000";"2177600";"3297";"405922.0"
"56442499000";"2177600";"3297";"405930.0"
"56443584000";"2177600";"3297";"405937.9"
"56444665000";"2177600";"3297";"405945.9"
"56445745000";"2177600";"3297";"405954.2"
"56447088000";"2177600";"3297";"405962.5"
"56448173000";"2177600";"3297";"405970.5"
"56449253000";"2182300";"3297";"405978.4"
"56450332000";"2182300";"3297";"405986.4"
"56451412000";"2182300";"3297";"405994.3"
"56452755000";"2182300";"3297";"406002.6"
"56453841000";"2182300";"3297";"406010.6"
"56454921000";"2182300";"3297";"406018.5"
"56456002000";"2182300";"3297";"406026.5"
"56457082000";"2183400";"3297";"406034.8"
"56458425000";"2183400";"3297";"406042.8"
"56459505000";"2183400";"3297";"406051.1"
"56460585000";"2183400";"3297";"406059.1"
"56461665000";"2183400";"3297";"406067.0"
"56462745000";"2183400";"3297";"406075.0"
"56464094000";"2183400";"3297";"406083.7"
"56465173000";"2126700";"3297";"406091.6"
"56466254000";"2126700";"3297";"406099.6"
"56467333000";"2126700";"3297";"406107.5"
"56468412000";"2126700";"3297";"406115.5"
"56469755000";"2126700";"3297";"406123.8"
"56470835000";"2126700";"3297";"406131.7"
"56471914000";"2126700";"3297";"406139.7"
"56473001000";"2184100";"3297";"406148.0"
"56474081000";"2184100";"3297";"406156.0"
"56475424000";"2184100";"3297";"406165.8"
"56476504000";"2184100";"3297";"406173.8"
"56477584000";"2184100";"3297";"406181.7"
"56478663000";"2184100";"3297";"406189.7"
"56479744000";"2229100";"3297";"406197.6"
"56481086000";"2229100";"3297";"406206.0"
"56482166000";"2229100";"3297";"406214.3"
"56483251000";"2229100";"3297";"406222.2"
"56484331000";"2229100";"3297";"406230.2"
"56485411000";"2229100";"3297";"406238.5"
"56486754000";"2176800";"3296";"406248.0"
"56487834000";"2176800";"3296";"406256.3"
"56488914000";"2176800";"3296";"406264.3"
"56489999000";"2176800";"3296";"406272.2"
"56491079000";"2176800";"3297";"406280.2"
"56492421000";"2176800";"3296";"406288.5"
"56493506000";"2176800";"3296";"406296.5"
"56494586000";"2182600";"3296";"406304.4"
"56495667000";"2182600";"3296";"406312.4"
"56496746000";"2182600";"3296";"406320.7"
"56498089000";"2182600";"3296";"406328.6"
"56499169000";"2182600";"3296";"406337.0"
"56500249000";"2182600";"3296";"406344.9"
"56501328000";"2182600";"3296";"406352.9"
"56502409000";"2200300";"3296";"406361.2"
"56503758000";"2200300";"3296";"406369.5"
"56504837000";"2200300";"3296";"406377.5"
"56505916000";"2200300";"3296";"406385.4"
"56506997000";"2200300";"3296";"406393.4"
"56508077000";"2200300";"3297";"406401.7"
"56509419000";"2200300";"3297";"406410.0"
"56510499000";"2126700";"3297";"406418.0"
"56511580000";"2126700";"3297";"406425.9"
"56512660000";"2126700";"3297";"406433.9"
"56513745000";"2126700";"3297";"406441.8"
"56515088000";"2126700";"3297";"406450.2"
"56516169000";"2126700";"3297";"406458.1"
"56517248000";"2126700";"3296";"406466.1"
"56518328000";"2183700";"3296";"406474.4"
"56519408000";"2183700";"3296";"406482.4"
"56520751000";"2183700";"3296";"406492.2"
"56521830000";"2183700";"3296";"406500.2"
"56522915000";"2183700";"3296";"406508.1"
"56523996000";"2183700";"3296";"406516.1"
"56525076000";"2244700";"3296";"406524.4"
"56526419000";"2244700";"3296";"406532.7"
"56527499000";"2244700";"3297";"406540.7"
"56528578000";"2244700";"3296";"406548.6"
"56529657000";"2244700";"3296";"406556.6"
"56530737000";"2244700";"3296";"406564.5"
"56532085000";"2244700";"3296";"406572.8"
"56533170000";"2111600";"3296";"406580.8"
"56534250000";"2111600";"3296";"406589.1"
"56535330000";"2111600";"3296";"406597.1"
"56536410000";"2111600";"3296";"406605.0"
"56537752000";"2111600";"3296";"406613.3"
"56538832000";"2111600";"3296";"406621.3"
"56539911000";"2111600";"3296";"406629.3"
"56540992000";"2185700";"3296";"406637.2"
"56542072000";"2185700";"3296";"406645.5"
"56543420000";"2185700";"3297";"406653.9"
"56544499000";"2185700";"3297";"406661.8"
"56545580000";"2185700";"3297";"406670.1"
"56546659000";"2185700";"3297";"406678.1"
"56547738000";"2185700";"3297";"406686.0"
"56549081000";"2141500";"3297";"406694.4"
"56550160000";"2141500";"3297";"406702.3"
"56551240000";"2141500";"3297";"406710.3"
"56552320000";"2141500";"3297";"406718.2"
"56553406000";"2141500";"3297";"406726.6"
"56554749000";"2141500";"3297";"406734.5"
"56555829000";"2141500";"3297";"406742.8"
"56556909000";"2183700";"3297";"406750.8"
"56557989000";"2183700";"3297";"406758.7"
"56559068000";"2183700";"3297";"406766.7"
"56560412000";"2183700";"3296";"406775.0"
"56561492000";"2183700";"3296";"406783.0"
"56562572000";"2183700";"3296";"406791.3"
"56563657000";"2183700";"3296";"406799.2"
"56564737000";"2183700";"3296";"406807.2"
"56566080000";"2183700";"3296";"406815.5"
"56567161000";"2183700";"3296";"406823.8"
"56568240000";"2183700";"3296";"406831.8"
"56569319000";"2183700";"3296";"406839.8"
"56570398000";"2183700";"3296";"406847.7"
"56571742000";"2183700";"3296";"406856.0"
"56572821000";"2128600";"3296";"406864.0"
"56573913000";"2128600";"3296";"406871.9"
"56574992000";"2128600";"3296";"406879.9"
"56576071000";"2128600";"3296";"406888.2"
"56577413000";"2128600";"3296";"406896.5"
"56578494000";"2128600";"3296";"406904.5"
"56579573000";"2128600";"3296";"406912.4"
"56580652000";"2183200";"3296";"406920.4"
"56581731000";"2183200";"3296";"406928.3"
"56583079000";"2183200";"3296";"406937.0"
"56584158000";"2183200";"3296";"406945.0"
"56585239000";"2183200";"3296";"406953.0"
"56586318000";"2183200";"3296";"406960.9"
"56587399000";"2183200";"3296";"406969.2"
"56588742000";"2184000";"3296";"406978.7"
"56589822000";"2184000";"3297";"406987.0"
"56590902000";"2184000";"3297";"406995.0"
"56591982000";"2184000";"3297";"407002.9"
"56593067000";"2184000";"3297";"407010.9"
"56594410000";"2184000";"3296";"407019.2"
"56595489000";"2184000";"3296";"407027.2"
"56596570000";"2183900";"3296";"407035.1"
"56597651000";"2183900";"3296";"407043.1"
"56598730000";"2183900";"3296";"407051.4"
"56600074000";"2183900";"3296";"407059.7"
"56601153000";"2183900";"3296";"407067.7"
"56602233000";"2183900";"3296";"407075.6"
"56603319000";"2183900";"3296";"407084.0"
"56604399000";"2198300";"3296";"407091.9"
"56605742000";"2198300";"3296";"407100.2"
"56606822000";"2198300";"3296";"407108.2"
"56607902000";"2198300";"3296";"407116.1"
"56608982000";"2198300";"3296";"407124.5"
"56610062000";"2198300";"3296";"407132.4"
"56611406000";"2198300";"3296";"407140.7"
"56612485000";"2128100";"3296";"407148.7"
"56613571000";"2128100";"3296";"407156.6"
"56614650000";"2128100";"3296";"407164.6"
"56615736000";"2128100";"3296";"407172.5"
"56617078000";"2128100";"3296";"407182.4"
"56618157000";"2128100";"3296";"407190.3"
"56619237000";"2226100";"3296";"407198.3"
"56620317000";"2226100";"3296";"407206.6"
"56621397000";"2226100";"3296";"407214.6"
"56622740000";"2226100";"3297";"407222.9"
"56623825000";"2226100";"3296";"407230.9"
"56624905000";"2226100";"3296";"407239.2"
"56625984000";"2226100";"3296";"407247.1"
"56627064000";"2199000";"3296";"407255.1"
"56628407000";"2199000";"3297";"407263.4"
"56629486000";"2199000";"3297";"407271.4"
"56630567000";"2199000";"3297";"407279.3"
"56631647000";"2199000";"3297";"407287.3"
"56632726000";"2199000";"3297";"407295.6"
"56634074000";"2160100";"3297";"407305.1"
"56635154000";"2160100";"3296";"407313.0"
"56636234000";"2160100";"3296";"407321.4"
"56637315000";"2160100";"3296";"407329.3"
"56638395000";"2160100";"3296";"407337.3"
"56639738000";"2160100";"3296";"407345.6"
"56640817000";"2160100";"3296";"407353.5"
"56641897000";"2185500";"3296";"407361.5"
"56642983000";"2185500";"3296";"407369.8"
"56644062000";"2185500";"3296";"407377.8"
"56645405000";"2185500";"3296";"407387.6"
"56646485000";"2185500";"3296";"407395.6"
"56647565000";"2185500";"3296";"407403.9"
"56648645000";"2261800";"3296";"407411.9"
"56649725000";"2261800";"3296";"407419.8"
"56651067000";"2261800";"3296";"407429.6"
"56652147000";"2261800";"3297";"407437.6"
"56653233000";"2261800";"3297";"407445.6"
"56654313000";"2261800";"3297";"407453.5"
"56655393000";"2227400";"3296";"407461.5"
"56656736000";"2227400";"3296";"407469.8"
"56657821000";"2227400";"3296";"407477.7"
"56658901000";"2227400";"3296";"407485.7"
"56659981000";"2227400";"3296";"407494.0"
"56661061000";"2227400";"3296";"407502.0"
"56662403000";"2227400";"3296";"407510.3"
"56663489000";"2125500";"3296";"407518.2"
"56664569000";"2125500";"3296";"407526.6"
"56665649000";"2125500";"3296";"407534.5"
"56666729000";"2125500";"3296";"407542.5"
"56668072000";"2125500";"3296";"407550.8"
"56669152000";"2125500";"3296";"407558.8"
"56670232000";"2125500";"3296";"407566.7"
"56671312000";"2199900";"3296";"407575.0"
"56672393000";"2199900";"3296";"407583.0"
"56673741000";"2199900";"3296";"407591.3"
"56674821000";"2199900";"3296";"407599.3"
"56675901000";"2199900";"3296";"407607.2"
"56676981000";"2199900";"3296";"407615.2"
"56678061000";"2199900";"3297";"407623.5"
"56679404000";"2126400";"3297";"407631.8"
"56680483000";"2126400";"3297";"407639.8"
"56681564000";"2126400";"3297";"407647.7"
"56682643000";"2126400";"3297";"407655.7"
"56683729000";"2126400";"3297";"407664.0"
"56685072000";"2126400";"3297";"407673.5"
"56686153000";"2244700";"3297";"407681.8"
"56687233000";"2244700";"3297";"407689.8"
"56688313000";"2244700";"3297";"407697.7"
"56689392000";"2244700";"3297";"407705.7"
"56690736000";"2244700";"3297";"407714.0"
"56691816000";"2244700";"3297";"407721.9"
"56692901000";"2244700";"3297";"407730.3"
"56693981000";"2183700";"3297";"407738.2"
"56695061000";"2183700";"3297";"407746.2"
"56696404000";"2183700";"3297";"407754.5"
"56697483000";"2183700";"3297";"407762.4"
"56698563000";"2183700";"3297";"407770.4"
"56699647000";"2183700";"3297";"407778.3"
"56700727000";"2183700";"3297";"407786.7"
"56702071000";"2127000";"3297";"407795.0"
"56703155000";"2127000";"3297";"407803.0"
"56704234000";"2127000";"3297";"407810.9"
"56705315000";"2127000";"3297";"407819.2"
"56706394000";"2127000";"3297";"407827.2"
"56707736000";"2127000";"3297";"407835.5"
"56708816000";"2127000";"3297";"407843.5"
"56709895000";"2184800";"3297";"407851.4"
"56710975000";"2184800";"3297";"407859.4"
"56712055000";"2184800";"3297";"407867.3"
"56713402000";"2184800";"3297";"407875.6"
"56714483000";"2184800";"3297";"407884.0"
"56715562000";"2184800";"3297";"407891.9"
"56716642000";"2184800";"3297";"407899.9"
"56717722000";"2184300";"3297";"407907.8"
"56719065000";"2184300";"3297";"407916.2"
"56720144000";"2184300";"3297";"407924.1"
"56721225000";"2184300";"3297";"407932.1"
"56722305000";"2184300";"3297";"407940.4"
"56723390000";"2184300";"3297";"407948.3"
"56724732000";"2184300";"3297";"407956.7"
"56725813000";"2126500";"3297";"407964.6"
"56726894000";"2126500";"3297";"407972.9"
"56727973000";"2126500";"3297";"407980.9"
"56729054000";"2126500";"3297";"407988.9"
"56730396000";"2126500";"3297";"407998.7"
"56731475000";"2126500";"3297";"408006.6"
"56732554000";"2247100";"3297";"408014.6"
"56733639000";"2247100";"3297";"408022.6"
"56734719000";"2247100";"3297";"408030.5"
"56736062000";"2247100";"3297";"408040.4"
"56737142000";"2247100";"3297";"408048.3"
"56738222000";"2247100";"3297";"408056.3"
"56739302000";"2227800";"3297";"408064.2"
"56740382000";"2227800";"3297";"408072.5"
"56741729000";"2227800";"3297";"408080.9"
"56742810000";"2227800";"3297";"408088.8"
"56743895000";"2227800";"3297";"408096.8"
"56744976000";"2227800";"3297";"408105.1"
"56746056000";"2227800";"3297";"408113.1"
"56747398000";"2139600";"3297";"408121.4"
"56748478000";"2139600";"3297";"408129.3"
"56749558000";"2139600";"3297";"408137.3"
"56750638000";"2139600";"3297";"408145.2"
"56751719000";"2139600";"3297";"408153.6"
"56753067000";"2139600";"3297";"408161.5"
"56754147000";"2139600";"3297";"408169.8"
"56755228000";"2183400";"3297";"408177.8"
"56756308000";"2183400";"3297";"408185.7"
"56757388000";"2183400";"3297";"408193.7"
"56758731000";"2183400";"3297";"408203.5"
"56759811000";"2183400";"3297";"408211.5"
"56760890000";"2183400";"3297";"408219.4"
"56761971000";"2229300";"3297";"408227.4"
"56763057000";"2229300";"3297";"408235.7"
"56764399000";"2229300";"3297";"408244.0"
"56765479000";"2229300";"3297";"408252.0"
"56766560000";"2229300";"3297";"408259.9"
"56767639000";"2229300";"3297";"408268.3"
"56768719000";"2229300";"3297";"408276.2"
"56770062000";"2141000";"3297";"408284.6"
"56771141000";"2141000";"3297";"408292.5"
"56772221000";"2141000";"3297";"408300.5"
"56773307000";"2141000";"3297";"408308.4"
"56774387000";"2141000";"3297";"408316.4"
"56775730000";"2141000";"3297";"408324.7"
"56776810000";"2141000";"3297";"408333.0"
"56777890000";"2183700";"3297";"408341.0"
"56778969000";"2183700";"3297";"408348.9"
"56780049000";"2183700";"3297";"408356.9"
"56781392000";"2183700";"3297";"408365.2"
"56782472000";"2183700";"3297";"408373.1"
"56783562000";"2183700";"3297";"408381.5"
"56784642000";"2183700";"3297";"408389.4"
"56785722000";"2182800";"3297";"408397.4"
"56787065000";"2182800";"3297";"408407.2"
"56788145000";"2182800";"3297";"408415.2"
"56789225000";"2182800";"3297";"408423.1"
"56790305000";"2182800";"3297";"408431.5"
"56791386000";"2182800";"3297";"408439.4"
"56792729000";"2227100";"3297";"408448.9"
"56793815000";"2227100";"3297";"408457.2"
"56794896000";"2227100";"3297";"408465.2"
"56795976000";"2227100";"3297";"408473.1"
"56797056000";"2227100";"3297";"408481.1"
"56798398000";"2227100";"3297";"408489.4"
"56799478000";"2227100";"3297";"408497.3"
"56800558000";"2183500";"3297";"408505.3"
"56801638000";"2183500";"3297";"408513.6"
"56802718000";"2183500";"3297";"408521.6"
"56804067000";"2183500";"3297";"408529.9"
"56805146000";"2183500";"3297";"408537.9"
"56806226000";"2183500";"3297";"408546.2"
"56807306000";"2183500";"3297";"408554.1"
"56808385000";"2199000";"3297";"408562.1"
"56809728000";"2199000";"3297";"408570.4"
"56810807000";"2199000";"3296";"408578.4"
"56811887000";"2199000";"3296";"408586.3"
"56812972000";"2199000";"3296";"408594.7"
"56814051000";"2199000";"3296";"408602.6"
"56815393000";"2199000";"3296";"408610.9"
"56816474000";"2127200";"3296";"408618.9"
"56817553000";"2127200";"3296";"408626.8"
"56818634000";"2127200";"3296";"408634.8"
"56819715000";"2127200";"3296";"408642.7"
"56821058000";"2127200";"3296";"408651.1"
"56822138000";"2127200";"3296";"408659.4"
"56823224000";"2127200";"3296";"408667.3"
"56824304000";"2183200";"3296";"408675.3"
"56825389000";"2183200";"3296";"408683.6"
"56826732000";"2183200";"3296";"408693.1"
"56827813000";"2183200";"3296";"408701.4"
"56828892000";"2183200";"3296";"408709.4"
"56829972000";"2183200";"3296";"408717.3"
"56831052000";"2244900";"3296";"408725.3"
"56832394000";"2244900";"3296";"408733.6"
"56833481000";"2244900";"3296";"408741.5"
"56834560000";"2244900";"3296";"408749.5"
"56835640000";"2244900";"3296";"408757.8"
"56836720000";"2244900";"3296";"408765.8"
"56838063000";"2244900";"3296";"408774.1"
"56839143000";"2126700";"3296";"408782.1"
"56840223000";"2126700";"3296";"408790.0"
"56841302000";"2126700";"3296";"408798.0"
"56842382000";"2126700";"3296";"408806.3"
"56843730000";"2126700";"3296";"408814.6"
"56844810000";"2126700";"3296";"408822.6"
"56845890000";"2126700";"3296";"408830.5"
"56846970000";"2198800";"3296";"408838.9"
"56848049000";"2198800";"3296";"408846.8"
"56849393000";"2198800";"3297";"408855.1"
"56850473000";"2198800";"3297";"408863.1"
"56851553000";"2198800";"3296";"408871.0"
"56852633000";"2198800";"3296";"408879.0"
"56853719000";"2198800";"3296";"408886.9"
"56855061000";"2112200";"3296";"408895.3"
"56856142000";"2112200";"3296";"408903.2"
"56857221000";"2112200";"3296";"408911.5"
"56858302000";"2112200";"3296";"408919.5"
"56859381000";"2112200";"3296";"408927.4"
"56860724000";"2112200";"3297";"408937.3"
"56861804000";"2246600";"3297";"408945.2"
"56862889000";"2246600";"3297";"408953.2"
"56863968000";"2246600";"3297";"408961.1"
"56865049000";"2246600";"3297";"408969.5"
"56866391000";"2246600";"3297";"408977.8"
"56867475000";"2246600";"3297";"408985.8"
"56868556000";"2246600";"3297";"408993.7"
"56869635000";"2182800";"3297";"409001.7"
"56870716000";"2182800";"3297";"409010.0"
"56872058000";"2182800";"3297";"409018.3"
"56873144000";"2182800";"3297";"409026.3"
"56874224000";"2182800";"3297";"409034.2"
"56875304000";"2182800";"3297";"409042.2"
"56876383000";"2182800";"3297";"409050.1"
"56877726000";"2126700";"3297";"409058.4"
"56878807000";"2126700";"3297";"409066.4"
"56879887000";"2126700";"3297";"409074.7"
"56880967000";"2126700";"3297";"409082.7"
"56882046000";"2126700";"3297";"409090.6"
"56883395000";"2126700";"3297";"409099.0"
"56884474000";"2126700";"3297";"409106.9"
"56885555000";"2198500";"3297";"409115.2"
"56886634000";"2198500";"3297";"409123.2"
"56887714000";"2198500";"3297";"409131.1"
"56889057000";"2198500";"3297";"409141.0"
"56890138000";"2198500";"3297";"409148.9"
"56891217000";"2198500";"3297";"409156.9"
"56892297000";"2229500";"3297";"409164.8"
"56893383000";"2229500";"3297";"409173.2"
"56894726000";"2229500";"3297";"409181.1"
"56895807000";"2229500";"3297";"409189.4"
"56896887000";"2229500";"3297";"409197.4"
"56897967000";"2229500";"3297";"409205.4"
"56899047000";"2229500";"3297";"409213.3"
"56900390000";"2183300";"3297";"409223.2"
"56901470000";"2183300";"3297";"409231.1"
"56902550000";"2183300";"3297";"409239.1"
"56903635000";"2183300";"3297";"409247.4"
"56904716000";"2183300";"3297";"409255.3"
"56906058000";"2183300";"3297";"409265.2"
"56907139000";"2244500";"3297";"409273.1"
"56908218000";"2244500";"3297";"409281.1"
"56909303000";"2244500";"3297";"409289.0"
"56910382000";"2244500";"3297";"409297.0"
"56911724000";"2244500";"3297";"409305.3"
"56912805000";"2244500";"3297";"409313.6"
"56913889000";"2244500";"3297";"409321.6"
"56914969000";"2183400";"3297";"409329.6"
"56916049000";"2183400";"3297";"409337.5"
"56917392000";"2183400";"3297";"409345.8"
"56918471000";"2183400";"3297";"409353.8"
"56919550000";"2183400";"3297";"409361.7"
"56920631000";"2183400";"3297";"409369.7"
"56921712000";"2183400";"3297";"409378.0"
"56923059000";"2126700";"3297";"409386.3"
"56924139000";"2126700";"3297";"409394.3"
"56925219000";"2126700";"3297";"409402.2"
"56926299000";"2126700";"3297";"409410.6"
"56927379000";"2126700";"3297";"409418.5"
"56928723000";"2126700";"3297";"409426.8"
"56929802000";"2126700";"3296";"409434.8"
"56930882000";"2185300";"3296";"409442.7"
"56931962000";"2185300";"3296";"409450.7"
"56933047000";"2185300";"3296";"409459.0"
"56934389000";"2185300";"3297";"409467.0"
"56935470000";"2185300";"3297";"409475.3"
"56936549000";"2185300";"3297";"409483.3"
"56937630000";"2185300";"3297";"409491.2"
"56938709000";"2184100";"3297";"409499.2"
"56940052000";"2184100";"3297";"409509.0"
"56941132000";"2184100";"3297";"409517.0"
"56942212000";"2184100";"3297";"409524.9"
"56943298000";"2184100";"3297";"409533.2"
"56944378000";"2184100";"3297";"409541.2"
"56945721000";"2176400";"3297";"409549.5"
"56946800000";"2176400";"3297";"409557.5"
"56947881000";"2176400";"3297";"409565.8"
"56948961000";"2176400";"3297";"409573.8"
"56950041000";"2176400";"3297";"409581.7"
"56951388000";"2176400";"3297";"409590.0"
"56952467000";"2176400";"3297";"409598.0"
"56953552000";"2182800";"3297";"409605.9"
"56954633000";"2182800";"3297";"409613.9"
"56955713000";"2182800";"3297";"409621.8"
"56957056000";"2182800";"3297";"409631.7"
"56958135000";"2182800";"3297";"409639.6"
"56959216000";"2182800";"3297";"409647.6"
"56960295000";"2246400";"3297";"409655.9"
"56961376000";"2246400";"3297";"409663.9"
"56962718000";"2246400";"3297";"409672.2"
"56963802000";"2246400";"3297";"409680.1"
"56964883000";"2246400";"3297";"409688.5"
"56965964000";"2246400";"3297";"409696.4"
"56967043000";"2246400";"3297";"409704.4"
"56968387000";"2126500";"3297";"409712.7"
"56969467000";"2126500";"3297";"409720.7"
"56970547000";"2126500";"3297";"409729.0"
"56971626000";"2126500";"3297";"409736.9"
"56972706000";"2126500";"3297";"409744.9"
"56974054000";"2126500";"3297";"409753.2"
"56975134000";"2126500";"3297";"409761.2"
"56976215000";"2183900";"3297";"409769.1"
"56977294000";"2183900";"3297";"409777.1"
"56978373000";"2183900";"3297";"409785.0"
"56979716000";"2183900";"3297";"409794.9"
"56980796000";"2183900";"3297";"409802.8"
"56981877000";"2183900";"3297";"409811.2"
"56982961000";"2245100";"3297";"409819.1"
"56984041000";"2245100";"3297";"409827.1"
"56985384000";"2245100";"3297";"409835.8"
"56986464000";"2245100";"3297";"409843.7"
"56987545000";"2245100";"3297";"409851.7"
"56988624000";"2245100";"3297";"409859.6"
"56989705000";"2245100";"3297";"409867.6"
"56991048000";"2185000";"3297";"409877.4"
"56992128000";"2185000";"3296";"409885.4"
"56993219000";"2185000";"3296";"409893.3"
"56994299000";"2185000";"3296";"409901.3"
"56995379000";"2185000";"3296";"409909.6"
"56996721000";"2185000";"3297";"409917.5"
"56997801000";"2185000";"3297";"409925.9"
"56998881000";"2182500";"3297";"409933.8"
"56999961000";"2182500";"3297";"409941.8"
"57001040000";"2182500";"3297";"409949.7"
"57002382000";"2182500";"3296";"409958.1"
"57003468000";"2182500";"3297";"409966.4"
"57004548000";"2182500";"3296";"409974.3"
"57005627000";"2182500";"3296";"409982.3"
"57006707000";"2184300";"3296";"409990.2"
"57008050000";"2184300";"3296";"409998.6"
"57009130000";"2184300";"3296";"410006.9"
"57010210000";"2184300";"3296";"410014.8"
"57011290000";"2184300";"3296";"410022.8"
"57012370000";"2184300";"3296";"410030.8"
"57013717000";"2184300";"3296";"410039.1"
"57014798000";"2126900";"3296";"410047.0"
"57015877000";"2126900";"3296";"410055.4"
"57016957000";"2126900";"3296";"410063.3"
"57018037000";"2126900";"3296";"410071.3"
"57019380000";"2126900";"3296";"410081.1"
"57020459000";"2126900";"3296";"410089.1"
"57021539000";"2247100";"3296";"410097.0"
"57022618000";"2247100";"3296";"410105.0"
"57023704000";"2247100";"3296";"410113.3"
"57025047000";"2247100";"3296";"410121.6"
"57026128000";"2247100";"3296";"410129.6"
"57027207000";"2247100";"3296";"410137.5"
"57028288000";"2247100";"3296";"410145.9"
"57029367000";"2198500";"3296";"410153.8"
"57030711000";"2198500";"3296";"410163.3"
"57031790000";"2198500";"3296";"410171.6"
"57032876000";"2198500";"3296";"410179.6"
"57033956000";"2198500";"3296";"410187.5"
"57035041000";"2198500";"3297";"410195.5"
"57036383000";"2224400";"3297";"410205.3"
"57037463000";"2224400";"3297";"410213.3"
"57038542000";"2224400";"3297";"410221.2"
"57039622000";"2224400";"3297";"410229.2"
"57040702000";"2224400";"3297";"410237.1"
"57042046000";"2224400";"3297";"410247.0"
"57043131000";"2227600";"3296";"410254.9"
"57044211000";"2227600";"3296";"410263.2"
"57045290000";"2227600";"3296";"410271.2"
"57046371000";"2227600";"3297";"410279.1"
"57047714000";"2227600";"3296";"410287.5"
"57048794000";"2227600";"3297";"410295.8"
"57049874000";"2227600";"3297";"410303.8"
"57050954000";"2200100";"3297";"410311.7"
"57052033000";"2200100";"3296";"410319.7"
"57053381000";"2200100";"3296";"410328.0"
"57054461000";"2200100";"3296";"410335.9"
"57055541000";"2200100";"3296";"410343.9"
"57056620000";"2200100";"3296";"410351.8"
"57057701000";"2200100";"3296";"410360.2"
"57059043000";"2112800";"3296";"410368.1"
"57060123000";"2112800";"3296";"410376.4"
"57061203000";"2112800";"3296";"410384.4"
"57062283000";"2112800";"3296";"410392.3"
"57063369000";"2112800";"3296";"410400.3"
"57064711000";"2112800";"3296";"410408.6"
"57065792000";"2112800";"3296";"410417.0"
"57066871000";"2198700";"3296";"410424.9"
"57067951000";"2198700";"3296";"410432.9"
"57069031000";"2198700";"3296";"410440.8"
"57070373000";"2198700";"3296";"410449.1"
"57071454000";"2198700";"3296";"410457.1"
"57072533000";"2198700";"3296";"410465.0"
"57073619000";"2198700";"3296";"410473.4"
"57074699000";"2183900";"3296";"410481.3"
"57076042000";"2183900";"3296";"410489.6"
"57077127000";"2183900";"3296";"410497.6"
"57078207000";"2183900";"3296";"410505.5"
"57079286000";"2183900";"3296";"410513.5"
"57080366000";"2183900";"3296";"410521.4"
"57081709000";"2160300";"3296";"410531.3"
"57082789000";"2160300";"3296";"410539.2"
"57083875000";"2160300";"3296";"410547.2"
"57084955000";"2160300";"3296";"410555.5"
"57086035000";"2160300";"3296";"410563.5"
"57087378000";"2160300";"3297";"410573.3"
"57088458000";"2244300";"3297";"410581.3"
"57089537000";"2244300";"3296";"410589.2"
"57090618000";"2244300";"3296";"410597.2"
"57091699000";"2244300";"3296";"410605.1"
"57093046000";"2244300";"3296";"410613.5"
"57094127000";"2244300";"3296";"410621.4"
"57095207000";"2244300";"3296";"410629.7"
"57096288000";"2183500";"3297";"410637.7"
"57097367000";"2183500";"3297";"410645.6"
"57098709000";"2183500";"3297";"410654.0"
"57099790000";"2183500";"3297";"410661.9"
"57100870000";"2183500";"3297";"410669.9"
"57101949000";"2183500";"3297";"410677.8"
"57103035000";"2183500";"3297";"410686.2"
"57104378000";"2184000";"3297";"410696.0"
"57105457000";"2184000";"3297";"410704.0"
"57106537000";"2184000";"3297";"410711.9"
"57107616000";"2184000";"3297";"410720.2"
"57108696000";"2184000";"3297";"410728.2"
"57110039000";"2184000";"3297";"410736.5"
"57111118000";"2184000";"3297";"410744.5"
"57112197000";"2186200";"3297";"410752.4"
"57113283000";"2186200";"3297";"410760.4"
"57114363000";"2186200";"3297";"410768.3"
"57115706000";"2186200";"3297";"410776.6"
"57116787000";"2186200";"3297";"410784.6"
"57117867000";"2186200";"3297";"410792.5"
"57118951000";"2186200";"3297";"410800.5"
"57120031000";"2167500";"3297";"410808.4"
"57121375000";"2167500";"3297";"410816.8"
"57122455000";"2167500";"3297";"410825.1"
"57123541000";"2167500";"3297";"410833.1"
"57124621000";"2167500";"3297";"410841.0"
"57125700000";"2167500";"3297";"410849.0"
"57127043000";"2167500";"3297";"410857.3"
"57128123000";"2126400";"3297";"410865.2"
"57129203000";"2126400";"3297";"410873.6"
"57130283000";"2126400";"3297";"410881.5"
"57131363000";"2126400";"3297";"410889.5"
"57132706000";"2126400";"3297";"410897.8"
"57133791000";"2126400";"3297";"410905.7"
"57134871000";"2126400";"3297";"410913.7"
"57135951000";"2183900";"3297";"410921.6"
"57137031000";"2183900";"3297";"410929.6"
"57138373000";"2183900";"3297";"410937.9"
"57139453000";"2183900";"3297";"410945.9"
"57140533000";"2183900";"3297";"410953.8"
"57141613000";"2183900";"3297";"410962.2"
"57142693000";"2183900";"3297";"410970.1"
"57144041000";"2126900";"3297";"410978.4"
"57145120000";"2126900";"3297";"410986.4"
"57146201000";"2126900";"3297";"410994.7"
"57147281000";"2126900";"3297";"411002.7"
"57148361000";"2126900";"3297";"411010.6"
"57149703000";"2126900";"3297";"411018.9"
"57150784000";"2126900";"3297";"411026.9"
"57151863000";"2185700";"3297";"411034.8"
"57152948000";"2185700";"3296";"411042.8"
"57154028000";"2185700";"3296";"411050.7"
"57155371000";"2185700";"3296";"411059.1"
"57156451000";"2185700";"3296";"411067.0"
"57157532000";"2185700";"3296";"411075.4"
"57158612000";"2185700";"3296";"411083.3"
"57159692000";"2183400";"3296";"411091.3"
"57161040000";"2183400";"3296";"411099.6"
"57162120000";"2183400";"3296";"411107.5"
"57163205000";"2183400";"3296";"411115.5"
"57164284000";"2183400";"3296";"411123.8"
"57165364000";"2183400";"3296";"411131.8"
"57166707000";"2158700";"3296";"411141.2"
"57167787000";"2158700";"3296";"411149.6"
"57168866000";"2158700";"3296";"411157.5"
"57169945000";"2158700";"3296";"411165.5"
"57171025000";"2158700";"3296";"411173.4"
"57172368000";"2158700";"3296";"411181.7"
"57173454000";"2158700";"3296";"411189.7"
"57174534000";"2184300";"3296";"411197.6"
"57175615000";"2184300";"3296";"411205.6"
"57176695000";"2184300";"3296";"411213.6"
"57178039000";"2184300";"3296";"411221.9"
"57179118000";"2184300";"3296";"411229.8"
"57180198000";"2184300";"3296";"411238.2"
"57181278000";"2184300";"3296";"411246.1"
"57182359000";"2184800";"3296";"411254.1"
"57183706000";"2184800";"3297";"411262.4"
"57184785000";"2184800";"3296";"411270.3"
"57185866000";"2184800";"3296";"411278.7"
"57186946000";"2184800";"3296";"411286.6"
"57188026000";"2184800";"3296";"411294.6"
"57189370000";"2184800";"3296";"411302.9"
"57190449000";"2126700";"3296";"411310.8"
"57191529000";"2126700";"3296";"411318.8"
"57192609000";"2126700";"3296";"411326.7"
"57193694000";"2126700";"3296";"411334.7"
"57195038000";"2126700";"3297";"411344.5"
"57196117000";"2126700";"3297";"411352.5"
"57197197000";"2227800";"3297";"411360.4"
"57198277000";"2227800";"3297";"411368.4"
"57199358000";"2227800";"3297";"411376.7"
"57200700000";"2227800";"3297";"411385.1"
"57201781000";"2227800";"3297";"411393.0"
"57202871000";"2227800";"3297";"411401.0"
"57203952000";"2227800";"3297";"411408.9"
"57205031000";"2197000";"3297";"411417.2"
"57206374000";"2197000";"3297";"411425.6"
"57207453000";"2197000";"3297";"411433.5"
"57208533000";"2197000";"3297";"411441.5"
"57209612000";"2197000";"3297";"411449.4"
"57210693000";"2197000";"3297";"411457.4"
"57212036000";"2197000";"3297";"411465.7"
"57213121000";"2112400";"3297";"411473.6"
"57214201000";"2112400";"3297";"411482.0"
"57215281000";"2112400";"3297";"411489.9"
"57216361000";"2112400";"3297";"411497.9"
"57217702000";"2112400";"3297";"411506.2"
"57218782000";"2112400";"3297";"411514.2"
"57219861000";"2112400";"3297";"411522.1"
"57220941000";"2186200";"3297";"411530.1"
"57222020000";"2186200";"3297";"411538.0"
"57223369000";"2186200";"3297";"411546.3"
"57224449000";"2186200";"3297";"411554.7"
"57225529000";"2186200";"3297";"411562.6"
"57226609000";"2186200";"3297";"411570.6"
"57227689000";"2186200";"3297";"411578.9"
"57229031000";"2127000";"3297";"411586.8"
"57230111000";"2127000";"3297";"411595.2"
"57231191000";"2127000";"3298";"411603.1"
"57232272000";"2127000";"3298";"411611.1"
"57233358000";"2127000";"3298";"411619.0"
"57234700000";"2127000";"3298";"411627.4"
"57235780000";"2127000";"3297";"411635.3"
"57236860000";"2183500";"3297";"411643.3"
"57237939000";"2183500";"3297";"411651.2"
"57239020000";"2183500";"3297";"411659.2"
"57240362000";"2183500";"3297";"411667.5"
"57241442000";"2183500";"3297";"411675.8"
"57242522000";"2183500";"3297";"411683.8"
"57243607000";"2183500";"3297";"411691.7"
"57244692000";"2197400";"3297";"411700.1"
"57246035000";"2197400";"3297";"411708.4"
"57247116000";"2197400";"3297";"411716.3"
"57248195000";"2197400";"3297";"411724.3"
"57249275000";"2197400";"3297";"411732.2"
"57250354000";"2197400";"3297";"411740.6"
"57251697000";"2197400";"3297";"411748.5"
"57252776000";"2128600";"3297";"411756.8"
"57253862000";"2128600";"3297";"411764.8"
"57254941000";"2128600";"3297";"411772.7"
"57256020000";"2128600";"3297";"411780.7"
"57257362000";"2128600";"3297";"411790.5"
"57258442000";"2128600";"3297";"411798.5"
"57259523000";"2228000";"3297";"411806.4"
"57260603000";"2228000";"3297";"411814.4"
"57261683000";"2228000";"3297";"411822.3"
"57263032000";"2228000";"3297";"411831.0"
"57264112000";"2228000";"3297";"411839.0"
"57265191000";"2228000";"3297";"411847.0"
"57266272000";"2228000";"3297";"411855.3"
"57267351000";"2198500";"3297";"411863.2"
"57268694000";"2198500";"3297";"411871.6"
"57269774000";"2198500";"3297";"411879.5"
"57270854000";"2198500";"3297";"411887.5"
"57271934000";"2198500";"3297";"411895.4"
"57273020000";"2198500";"3297";"411903.7"
"57274363000";"2198500";"3297";"411912.1"
"57275442000";"2126700";"3297";"411920.0"
"57276522000";"2126700";"3297";"411928.0"
"57277603000";"2126700";"3297";"411935.9"
"57278682000";"2126700";"3297";"411943.9"
"57280026000";"2126700";"3297";"411952.2"
"57281105000";"2126700";"3297";"411960.1"
"57282185000";"2126700";"3297";"411968.1"
"57283271000";"2183700";"3297";"411976.4"
"57284351000";"2183700";"3297";"411984.4"
"57285693000";"2183700";"3297";"411992.7"
"57286778000";"2183700";"3296";"412000.7"
"57287858000";"2183700";"3296";"412009.0"
"57288937000";"2183700";"3296";"412016.9"
"57290017000";"2183700";"3296";"412024.9"
"57291360000";"2169900";"3296";"412034.4"
"57292441000";"2169900";"3297";"412042.7"
"57293527000";"2169900";"3297";"412050.6"
"57294606000";"2169900";"3297";"412058.6"
"57295685000";"2169900";"3297";"412066.6"
"57297028000";"2169900";"3297";"412074.9"
"57298108000";"2169900";"3297";"412082.8"
"57299187000";"2184100";"3297";"412090.8"
"57300268000";"2184100";"3297";"412098.7"
"57301348000";"2184100";"3297";"412106.7"
"57302692000";"2184100";"3297";"412115.0"
"57303778000";"2184100";"3296";"412123.0"
"57304858000";"2184100";"3296";"412131.3"
"57305937000";"2184100";"3297";"412139.2"
"57307017000";"2183500";"3297";"412147.2"
"57308359000";"2183500";"3296";"412155.5"
"57309439000";"2183500";"3296";"412163.5"
"57310520000";"2183500";"3296";"412171.4"
"57311600000";"2183500";"3296";"412179.4"
"57312681000";"2183500";"3296";"412187.7"
"57314030000";"2183500";"3296";"412195.6"
"57315110000";"2126000";"3296";"412204.0"
"57316189000";"2126000";"3296";"412211.9"
"57317269000";"2126000";"3296";"412219.9"
"57318349000";"2126000";"3296";"412227.8"
"57319691000";"2126000";"3297";"412237.7"
"57320770000";"2126000";"3297";"412245.6"
"57321850000";"2230100";"3297";"412253.6"
"57322936000";"2230100";"3297";"412261.9"
"57324016000";"2230100";"3297";"412269.9"
"57325358000";"2230100";"3297";"412278.2"
"57326437000";"2230100";"3297";"412286.1"
"57327517000";"2230100";"3297";"412294.1"
"57328601000";"2230100";"3297";"412302.0"
"57329680000";"2183400";"3297";"412310.0"
"57331024000";"2183400";"3296";"412318.3"
"57332103000";"2183400";"3296";"412326.3"
"57333189000";"2183400";"3296";"412334.2"
"57334269000";"2183400";"3296";"412342.6"
"57335349000";"2183400";"3296";"412350.5"
"57336692000";"2183400";"3297";"412358.8"
"57337772000";"2126400";"3297";"412366.8"
"57338853000";"2126400";"3297";"412374.7"
"57339932000";"2126400";"3297";"412382.7"
"57341013000";"2126400";"3297";"412390.6"
"57342355000";"2126400";"3297";"412400.5"
"57343441000";"2126400";"3297";"412408.4"
"57344522000";"2227200";"3297";"412416.4"
"57345601000";"2227200";"3297";"412424.3"
"57346681000";"2227200";"3297";"412432.7"
"57348023000";"2227200";"3297";"412441.0"
"57349104000";"2227200";"3297";"412448.9"
"57350184000";"2227200";"3297";"412456.9"
"57351264000";"2227200";"3297";"412464.8"
"57352343000";"2185700";"3297";"412472.8"
"57353692000";"2185700";"3297";"412482.6"
"57354772000";"2185700";"3297";"412490.6"
"57355852000";"2185700";"3297";"412498.5"
"57356933000";"2185700";"3297";"412506.9"
"57358012000";"2185700";"3297";"412514.8"
"57359355000";"2159700";"3297";"412522.8"
"57360435000";"2159700";"3297";"412531.1"
"57361514000";"2159700";"3297";"412539.1"
"57362594000";"2159700";"3297";"412547.0"
"57363679000";"2159700";"3297";"412555.3"
"57365022000";"2159700";"3298";"412563.7"
"57366101000";"2159700";"3298";"412571.6"
"57367181000";"2199200";"3298";"412579.6"
"57368261000";"2199200";"3298";"412587.5"
"57369342000";"2199200";"3298";"412595.5"
"57370689000";"2199200";"3298";"412603.8"
"57371769000";"2199200";"3297";"412611.7"
"57372855000";"2199200";"3298";"412619.7"
"57373936000";"2199200";"3298";"412628.0"
"57375016000";"2181900";"3298";"412636.0"
"57376357000";"2181900";"3298";"412643.9"
"57377437000";"2181900";"3298";"412652.3"
"57378517000";"2181900";"3298";"412660.2"
"57379597000";"2181900";"3298";"412668.2"
"57380677000";"2181900";"3298";"412676.1"
"57382020000";"2181900";"3298";"412684.4"
"57383105000";"2127200";"3298";"412692.8"
"57384185000";"2127200";"3298";"412700.7"
"57385265000";"2127200";"3298";"412708.7"
"57386345000";"2127200";"3298";"412716.6"
"57387687000";"2127200";"3298";"412724.9"
"57388768000";"2127200";"3298";"412733.3"
"57389848000";"2127200";"3298";"412741.2"
"57390928000";"2185200";"3298";"412749.2"
"57392009000";"2185200";"3298";"412757.1"
"57393356000";"2185200";"3298";"412765.4"
"57394436000";"2185200";"3298";"412773.4"
"57395516000";"2185200";"3298";"412781.4"
"57396596000";"2185200";"3298";"412789.3"
"57397676000";"2185200";"3298";"412797.3"
"57399018000";"2112600";"3298";"412805.6"
"57400098000";"2112600";"3297";"412813.5"
"57401179000";"2112600";"3297";"412821.5"
"57402259000";"2112600";"3298";"412829.4"
"57403345000";"2112600";"3298";"412837.8"
"57404688000";"2112600";"3298";"412846.1"
"57405769000";"2112600";"3297";"412854.0"
"57406848000";"2183500";"3297";"412862.0"
"57407928000";"2183500";"3298";"412869.9"
"57409007000";"2183500";"3298";"412878.3"
"57410349000";"2183500";"3298";"412886.6"
"57411429000";"2183500";"3298";"412894.6"
"57412513000";"2183500";"3298";"412902.5"
"57413599000";"2183500";"3298";"412910.5"
"57414679000";"2183000";"3298";"412918.4"
"57416021000";"2183000";"3298";"412926.7"
"57417102000";"2183000";"3298";"412934.7"
"57418182000";"2183000";"3298";"412942.6"
"57419261000";"2183000";"3298";"412950.6"
"57420342000";"2183000";"3298";"412958.5"
"57421684000";"2183000";"3298";"412966.9"
"57422764000";"2113900";"3298";"412974.8"
"57423850000";"2113900";"3298";"412983.1"
"57424930000";"2113900";"3298";"412991.1"
"57426010000";"2113900";"3298";"412999.0"
"57427354000";"2113900";"3298";"413007.4"
"57428433000";"2113900";"3298";"413015.7"
"57429513000";"2113900";"3298";"413023.7"
"57430593000";"2198300";"3298";"413031.6"
"57431673000";"2198300";"3298";"413039.6"
"57433020000";"2198300";"3297";"413047.9"
"57434099000";"2198300";"3297";"413055.8"
"57435180000";"2198300";"3297";"413063.8"
"57436259000";"2198300";"3297";"413071.7"
"57437339000";"2198300";"3297";"413080.1"
"57438682000";"2112800";"3297";"413088.0"
"57439762000";"2112800";"3297";"413096.3"
"57440842000";"2112800";"3297";"413104.3"
"57441921000";"2112800";"3297";"413112.2"
"57443007000";"2112800";"3297";"413120.2"
"57444350000";"2112800";"3297";"413128.5"
"57445431000";"2112800";"3297";"413136.8"
"57446511000";"2198500";"3297";"413144.8"
"57447591000";"2198500";"3297";"413152.8"
"57448671000";"2198500";"3297";"413160.7"
"57450014000";"2198500";"3297";"413169.0"
"57451095000";"2198500";"3297";"413177.0"
"57452174000";"2198500";"3297";"413185.3"
"57453260000";"2198500";"3297";"413193.3"
"57454345000";"2182100";"3297";"413201.2"
"57455688000";"2182100";"3297";"413209.5"
"57456767000";"2182100";"3297";"413217.5"
"57457847000";"2182100";"3297";"413225.4"
"57458927000";"2182100";"3297";"413233.4"
"57460006000";"2182100";"3297";"413241.3"
"57461348000";"2182100";"3297";"413249.7"
"57462428000";"2114400";"3297";"413257.6"
"57463514000";"2114400";"3297";"413265.6"
"57464594000";"2114400";"3297";"413273.9"
"57465674000";"2114400";"3297";"413281.9"
"57467017000";"2114400";"3297";"413290.2"
"57468097000";"2114400";"3297";"413298.1"
"57469177000";"2114400";"3297";"413306.1"
"57470257000";"2183500";"3296";"413314.0"
"57471337000";"2183500";"3297";"413322.0"
"57472681000";"2183500";"3297";"413331.8"
"57473766000";"2183500";"3296";"413339.8"
"57474846000";"2183500";"3296";"413347.7"
"57475926000";"2183500";"3296";"413355.7"
"57477006000";"2244700";"3296";"413364.0"
"57478349000";"2244700";"3296";"413372.0"
"57479429000";"2244700";"3296";"413379.9"
"57480510000";"2244700";"3296";"413388.2"
"57481590000";"2244700";"3296";"413396.2"
"57482670000";"2244700";"3297";"413404.1"
"57484019000";"2244700";"3297";"413412.5"
"57485099000";"2111700";"3297";"413420.4"
"57486180000";"2111700";"3296";"413428.4"
"57487260000";"2111700";"3296";"413436.7"
"57488340000";"2111700";"3297";"413444.7"
"57489683000";"2111700";"3296";"413454.1"
"57490762000";"2111700";"3297";"413462.5"
"57491842000";"2246400";"3297";"413470.4"
"57492928000";"2246400";"3297";"413478.4"
"57494007000";"2246400";"3297";"413486.3"
"57495351000";"2246400";"3297";"413496.2"
"57496436000";"2246400";"3297";"413504.1"
"57497516000";"2246400";"3297";"413512.1"
"57498595000";"2225900";"3296";"413520.0"
"57499675000";"2225900";"3296";"413528.0"
"57501018000";"2225900";"3296";"413536.3"
"57502098000";"2225900";"3296";"413544.2"
"57503184000";"2225900";"3296";"413552.2"
"57504265000";"2225900";"3296";"413560.5"
"57505344000";"2225900";"3296";"413568.5"
"57506687000";"2126500";"3296";"413576.8"
"57507767000";"2126500";"3297";"413584.7"
"57508847000";"2126500";"3296";"413592.7"
"57509928000";"2126500";"3296";"413601.0"
"57511007000";"2126500";"3296";"413609.0"
"57512349000";"2126500";"3296";"413617.3"
"57513434000";"2126500";"3296";"413625.3"
"57514514000";"2184100";"3296";"413633.2"
"57515594000";"2184100";"3296";"413641.2"
"57516673000";"2184100";"3296";"413649.1"
"57518017000";"2184100";"3296";"413657.4"
"57519097000";"2184100";"3296";"413665.4"
"57520177000";"2184100";"3296";"413673.3"
"57521256000";"2184100";"3296";"413681.3"
"57522336000";"2170900";"3296";"413689.2"
"57523683000";"2170900";"3296";"413697.6"
"57524764000";"2170900";"3296";"413705.9"
"57525843000";"2170900";"3296";"413713.8"
"57526923000";"2170900";"3296";"413721.8"
"57528003000";"2170900";"3296";"413729.8"
"57529347000";"2170900";"3296";"413738.1"
"57530427000";"2126500";"3296";"413746.0"
"57531507000";"2126500";"3296";"413754.0"
"57532588000";"2126500";"3296";"413762.3"
"57533673000";"2126500";"3296";"413770.3"
"57535015000";"2126500";"3296";"413778.6"
"57536095000";"2126500";"3296";"413786.5"
"57537175000";"2126500";"3296";"413794.5"
"57538259000";"2182600";"3296";"413802.4"
"57539340000";"2182600";"3296";"413810.4"
"57540684000";"2182600";"3296";"413818.7"
"57541763000";"2182600";"3296";"413827.0"
"57542842000";"2182600";"3296";"413835.0"
"57543927000";"2182600";"3296";"413842.9"
"57545008000";"2182600";"3296";"413850.9"
"57546350000";"2126700";"3296";"413859.2"
"57547430000";"2126700";"3296";"413867.6"
"57548510000";"2126700";"3296";"413875.5"
"57549589000";"2126700";"3296";"413883.5"
"57550670000";"2126700";"3296";"413891.4"
"57552013000";"2126700";"3296";"413899.7"
"57553099000";"2126700";"3296";"413908.1"
"57554179000";"2198300";"3296";"413916.0"
"57555258000";"2198300";"3296";"413924.0"
"57556338000";"2198300";"3296";"413931.9"
"57557681000";"2198300";"3296";"413941.4"
"57558761000";"2198300";"3296";"413949.7"
"57559840000";"2198300";"3296";"413957.7"
"57560920000";"2230100";"3296";"413965.6"
"57562000000";"2230100";"3296";"413973.6"
"57563349000";"2230100";"3296";"413981.9"
"57564428000";"2230100";"3296";"413989.8"
"57565508000";"2230100";"3296";"413998.2"
"57566588000";"2230100";"3296";"414006.1"
"57567668000";"2230100";"3296";"414014.1"
"57569011000";"2126700";"3296";"414022.4"
"57570091000";"2126700";"3296";"414030.4"
"57571171000";"2126700";"3296";"414038.3"
"57572251000";"2126700";"3296";"414046.6"
"57573336000";"2126700";"3296";"414054.6"
"57574678000";"2126700";"3296";"414062.9"
"57575757000";"2126700";"3296";"414070.9"
"57576837000";"2184300";"3296";"414078.8"
"57577917000";"2184300";"3296";"414086.8"
"57578996000";"2184300";"3296";"414094.7"
"57580344000";"2184300";"3296";"414103.0"
"57581423000";"2184300";"3296";"414111.0"
"57582503000";"2184300";"3296";"414118.9"
"57583589000";"2184300";"3296";"414127.3"
"57584669000";"2182800";"3296";"414135.2"
"57586011000";"2182800";"3296";"414143.6"
"57587091000";"2182800";"3296";"414151.5"
"57588171000";"2182800";"3296";"414159.8"
"57589250000";"2182800";"3296";"414167.8"
"57590330000";"2182800";"3296";"414175.7"
"57591674000";"2182800";"3296";"414184.1"
"57592754000";"2128200";"3296";"414192.0"
"57593840000";"2128200";"3297";"414200.0"
"57594920000";"2128200";"3297";"414207.9"
"57596000000";"2128200";"3296";"414215.9"
"57597343000";"2128200";"3296";"414225.7"
"57598423000";"2128200";"3296";"414233.7"
"57599502000";"2227800";"3296";"414241.6"
"57600581000";"2227800";"3296";"414249.6"
"57601660000";"2227800";"3296";"414257.5"
"57603008000";"2227800";"3296";"414266.2"
"57604089000";"2227800";"3296";"414274.2"
"57605168000";"2227800";"3296";"414282.1"
"57606249000";"2227800";"3296";"414290.1"
"57607328000";"2199000";"3296";"414298.4"
"57608672000";"2199000";"3296";"414306.7"
"57609752000";"2199000";"3296";"414314.7"
"57610831000";"2199000";"3296";"414322.6"
"57611911000";"2199000";"3296";"414330.6"
"57612997000";"2199000";"3296";"414338.9"
"57614339000";"2199000";"3296";"414347.2"
"57615420000";"2126500";"3296";"414355.2"
"57616500000";"2126500";"3296";"414363.2"
"57617580000";"2126500";"3296";"414371.1"
"57618659000";"2126500";"3296";"414379.1"
"57620001000";"2126500";"3296";"414387.4"
"57621082000";"2126500";"3296";"414395.3"
"57622168000";"2126500";"3296";"414403.7"
"57623253000";"2182300";"3296";"414411.6"
"57624333000";"2182300";"3296";"414419.6"
"57625676000";"2182300";"3296";"414427.9"
"57626756000";"2182300";"3296";"414436.2"
"57627836000";"2182300";"3296";"414444.2"
"57628917000";"2182300";"3296";"414452.1"
"57629996000";"2182300";"3296";"414460.1"
"57631339000";"2128100";"3296";"414468.4"
"57632419000";"2128100";"3296";"414476.4"
"57633504000";"2128100";"3296";"414484.7"
"57634584000";"2128100";"3296";"414492.6"
"57635664000";"2128100";"3296";"414500.6"
"57637007000";"2128100";"3296";"414508.9"
"57638087000";"2128100";"3296";"414516.9"
"57639168000";"2183700";"3296";"414524.8"
"57640247000";"2183700";"3296";"414532.8"
"57641327000";"2183700";"3296";"414540.7"
"57642670000";"2183700";"3296";"414549.0"
"57643756000";"2183700";"3296";"414557.4"
"57644835000";"2183700";"3296";"414565.3"
"57645915000";"2183700";"3296";"414573.3"
"57646994000";"2184300";"3296";"414581.2"
"57648337000";"2184300";"3296";"414591.1"
"57649417000";"2184300";"3296";"414599.0"
"57650497000";"2184300";"3296";"414607.4"
"57651577000";"2184300";"3296";"414615.3"
"57652657000";"2184300";"3296";"414623.3"
"57654005000";"2176400";"3296";"414631.6"
"57655086000";"2176400";"3296";"414639.5"
"57656165000";"2176400";"3296";"414647.5"
"57657244000";"2176400";"3296";"414655.4"
"57658325000";"2176400";"3296";"414663.4"
"57659667000";"2176400";"3296";"414671.7"
"57660747000";"2176400";"3296";"414679.7"
"57661827000";"2170800";"3296";"414687.6"
"57662913000";"2170800";"3296";"414695.9"
"57663998000";"2170800";"3296";"414703.9"
"57665342000";"2170800";"3296";"414712.2"
"57666421000";"2170800";"3296";"414720.6"
"57667501000";"2170800";"3296";"414728.5"
"57668581000";"2170800";"3296";"414736.5"
"57669661000";"2197000";"3296";"414744.4"
"57671003000";"2197000";"3296";"414752.7"
"57672083000";"2197000";"3296";"414760.7"
"57673169000";"2197000";"3296";"414769.0"
"57674249000";"2197000";"3296";"414777.0"
"57675329000";"2197000";"3296";"414784.9"
"57676673000";"2197000";"3296";"414793.2"
"57677754000";"2126200";"3296";"414801.2"
"57678833000";"2126200";"3296";"414809.1"
"57679913000";"2126200";"3296";"414817.1"
"57680993000";"2126200";"3296";"414825.1"
"57682337000";"2126200";"3296";"414833.4"
"57683423000";"2126200";"3296";"414841.7"
"57684503000";"2126200";"3296";"414849.7"
"57685582000";"2183700";"3296";"414857.6"
"57686663000";"2183700";"3296";"414865.9"
"57688007000";"2183700";"3296";"414875.4"
"57689086000";"2183700";"3296";"414883.7"
"57690166000";"2183700";"3296";"414891.7"
"57691246000";"2183700";"3296";"414899.6"
"57692325000";"2246400";"3296";"414907.6"
"57693674000";"2246400";"3296";"414917.4"
"57694753000";"2246400";"3296";"414925.4"
"57695833000";"2246400";"3296";"414933.3"
"57696913000";"2246400";"3296";"414941.7"
"57697993000";"2246400";"3296";"414949.6"
"57699337000";"2176400";"3296";"414958.0"
"57700417000";"2176400";"3296";"414965.9"
"57701497000";"2176400";"3296";"414973.9"
"57702577000";"2176400";"3296";"414981.8"
"57703663000";"2176400";"3296";"414990.1"
"57705006000";"2176400";"3296";"414998.5"
"57706090000";"2176400";"3296";"415006.4"
"57707170000";"2182300";"3296";"415014.4"
"57708250000";"2182300";"3296";"415022.7"
"57709329000";"2182300";"3296";"415030.7"
"57710672000";"2182300";"3296";"415039.0"
"57711752000";"2182300";"3296";"415046.9"
"57712832000";"2182300";"3296";"415054.9"
"57713918000";"2182300";"3296";"415062.8"
"57714998000";"2183900";"3296";"415070.8"
"57716340000";"2183900";"3296";"415079.1"
"57717420000";"2183900";"3297";"415087.1"
"57718500000";"2183900";"3297";"415095.4"
"57719580000";"2183900";"3297";"415103.3"
"57720659000";"2183900";"3297";"415111.3"
"57722003000";"2183900";"3297";"415119.6"
"57723088000";"2141100";"3297";"415127.9"
"57724169000";"2141100";"3297";"415135.9"
"57725249000";"2141100";"3297";"415143.8"
"57726329000";"2141100";"3297";"415151.8"
"57727672000";"2141100";"3297";"415160.1"
"57728752000";"2141100";"3297";"415168.5"
"57729833000";"2141100";"3297";"415176.4"
"57730912000";"2185200";"3297";"415184.4"
"57731992000";"2185200";"3297";"415192.3"
"57733341000";"2185200";"3297";"415200.6"
"57734421000";"2185200";"3297";"415208.6"
"57735502000";"2185200";"3297";"415216.5"
"57736581000";"2185200";"3297";"415224.9"
"57737662000";"2185200";"3297";"415232.8"
"57739004000";"2126200";"3297";"415241.1"
"57740084000";"2126200";"3297";"415249.1"
"57741163000";"2126200";"3297";"415257.0"
"57742243000";"2126200";"3297";"415265.0"
"57743328000";"2126200";"3297";"415273.3"
"57744671000";"2126200";"3297";"415281.7"
"57745750000";"2126200";"3297";"415289.6"
"57746830000";"2184600";"3297";"415297.6"
"57747914000";"2184600";"3297";"415305.9"
"57748994000";"2184600";"3297";"415313.8"
"57750337000";"2184600";"3297";"415322.2"
"57751417000";"2184600";"3297";"415330.1"
"57752497000";"2184600";"3297";"415338.1"
"57753582000";"2184600";"3297";"415346.4"
"57754663000";"2197200";"3297";"415354.4"
"57756006000";"2197200";"3297";"415362.7"
"57757086000";"2197200";"3297";"415370.6"
"57758165000";"2197200";"3297";"415378.6"
"57759244000";"2197200";"3297";"415386.5"
"57760325000";"2197200";"3297";"415394.5"
"57761667000";"2161900";"3297";"415404.3"
"57762747000";"2161900";"3297";"415412.3"
"57763833000";"2161900";"3297";"415420.2"
"57764913000";"2161900";"3297";"415428.6"
"57765992000";"2161900";"3297";"415436.5"
"57767335000";"2161900";"3297";"415444.8"
"57768415000";"2161900";"3297";"415452.8"
"57769495000";"2198800";"3297";"415461.1"
"57770574000";"2198800";"3297";"415469.1"
"57771654000";"2198800";"3297";"415477.0"
"57773002000";"2198800";"3297";"415485.3"
"57774082000";"2198800";"3296";"415493.3"
"57775162000";"2198800";"3296";"415501.6"
"57776241000";"2198800";"3296";"415509.6"
"57777322000";"2184100";"3296";"415517.5"
"57778665000";"2184100";"3296";"415525.9"
"57779744000";"2184100";"3296";"415533.8"
"57780824000";"2184100";"3296";"415541.8"
"57781904000";"2184100";"3296";"415549.7"
"57782990000";"2184100";"3296";"415558.0"
"57784333000";"2184100";"3296";"415566.4"
"57785413000";"2126700";"3295";"415574.3"
"57786493000";"2126700";"3295";"415582.7"
"57787573000";"2126700";"3296";"415590.6"
"57788652000";"2126700";"3296";"415598.6"
"57790001000";"2126700";"3296";"415606.9"
"57791081000";"2126700";"3296";"415614.8"
"57792161000";"2126700";"3295";"415623.2"
"57793247000";"2196900";"3295";"415631.1"
"57794327000";"2196900";"3295";"415639.1"
"57795669000";"2196900";"3295";"415647.4"
"57796749000";"2196900";"3296";"415655.3"
"57797829000";"2196900";"3296";"415663.3"
"57798910000";"2196900";"3296";"415671.2"
"57799990000";"2196900";"3296";"415679.2"
"57801333000";"2170700";"3295";"415689.0"
"57802412000";"2170700";"3295";"415697.0"
"57803498000";"2170700";"3296";"415705.3"
"57804579000";"2170700";"3296";"415713.3"
"57805659000";"2170700";"3296";"415721.2"
"57807002000";"2170700";"3296";"415729.5"
"57808082000";"2170700";"3296";"415737.9"
"57809162000";"2198300";"3296";"415745.8"
"57810241000";"2198300";"3296";"415753.8"
"57811321000";"2198300";"3296";"415761.7"
"57812664000";"2198300";"3296";"415770.1"
"57813749000";"2198300";"3295";"415778.0"
"57814829000";"2198300";"3295";"415786.0"
"57815909000";"2198300";"3295";"415794.3"
"57816989000";"2184300";"3296";"415802.2"
"57818332000";"2184300";"3296";"415810.6"
"57819411000";"2184300";"3296";"415818.5"
"57820490000";"2184300";"3296";"415826.5"
"57821569000";"2184300";"3296";"415834.4"
"57822649000";"2184300";"3296";"415842.4"
"57823998000";"2160500";"3296";"415852.2"
"57825079000";"2160500";"3296";"415860.2"
"57826159000";"2160500";"3296";"415868.5"
"57827239000";"2160500";"3296";"415876.5"
"57828318000";"2160500";"3296";"415884.4"
"57829661000";"2160500";"3296";"415894.3"
"57830741000";"2246400";"3296";"415902.2"
"57831826000";"2246400";"3296";"415910.2"
"57832912000";"2246400";"3296";"415918.5"
"57833992000";"2246400";"3296";"415926.4"
"57835335000";"2246400";"3296";"415934.8"
"57836416000";"2246400";"3296";"415942.7"
"57837495000";"2246400";"3296";"415950.7"
"57838574000";"2182600";"3296";"415958.6"
"57839654000";"2182600";"3296";"415966.6"
"57840996000";"2182600";"3296";"415974.9"
"57842076000";"2182600";"3296";"415982.8"
"57843161000";"2182600";"3296";"415991.2"
"57844241000";"2182600";"3296";"415999.1"
"57845322000";"2182600";"3296";"416007.1"
"57846665000";"2126700";"3296";"416015.4"
"57847744000";"2126700";"3296";"416023.7"
"57848825000";"2126700";"3296";"416031.7"
"57849904000";"2126700";"3296";"416039.6"
"57850984000";"2126700";"3296";"416047.6"
"57852327000";"2126700";"3296";"416055.9"
"57853413000";"2126700";"3296";"416063.9"
"57854492000";"2183900";"3296";"416071.8"
"57855573000";"2183900";"3296";"416080.2"
"57856652000";"2183900";"3296";"416088.1"
"57857996000";"2183900";"3296";"416096.4"
"57859075000";"2183900";"3296";"416104.4"
"57860155000";"2183900";"3296";"416112.3"
"57861234000";"2183900";"3296";"416120.3"
"57862314000";"2185700";"3296";"416128.2"
"57863662000";"2185700";"3296";"416138.1"
"57864742000";"2185700";"3296";"416146.0"
"57865822000";"2185700";"3296";"416154.4"
"57866901000";"2185700";"3296";"416162.3"
"57867981000";"2185700";"3296";"416170.3"
"57869324000";"2176600";"3296";"416178.6"
"57870405000";"2176600";"3296";"416186.9"
"57871484000";"2176600";"3296";"416194.9"
"57872565000";"2176600";"3296";"416202.8"
"57873654000";"2176600";"3296";"416210.8"
"57874997000";"2176600";"3296";"416219.1"
"57876076000";"2176600";"3296";"416227.1"
"57877156000";"2197600";"3296";"416235.4"
"57878236000";"2197600";"3296";"416243.3"
"57879317000";"2197600";"3296";"416251.3"
"57880661000";"2197600";"3296";"416259.6"
"57881740000";"2197600";"3296";"416267.6"
"57882820000";"2197600";"3296";"416275.5"
"57883905000";"2197600";"3296";"416283.8"
"57884985000";"2183500";"3296";"416291.8"
"57886328000";"2183500";"3296";"416300.1"
"57887407000";"2183500";"3296";"416308.1"
"57888488000";"2183500";"3297";"416316.0"
"57889568000";"2183500";"3297";"416324.4"
"57890648000";"2183500";"3297";"416332.3"
"57891990000";"2178400";"3297";"416342.2"
"57893075000";"2178400";"3296";"416350.1"
"57894154000";"2178400";"3296";"416358.1"
"57895235000";"2178400";"3297";"416366.0"
"57896315000";"2178400";"3297";"416374.3"
"57897658000";"2178400";"3297";"416382.7"
"57898738000";"2178400";"3297";"416390.6"
"57899818000";"2183900";"3297";"416398.6"
"57900897000";"2183900";"3297";"416406.5"
"57901977000";"2183900";"3297";"416414.5"
"57903325000";"2183900";"3297";"416422.8"
"57904406000";"2183900";"3297";"416430.7"
"57905485000";"2183900";"3297";"416439.1"
"57906565000";"2183900";"3297";"416447.0"
"57907645000";"2184100";"3297";"416455.0"
"57908988000";"2184100";"3297";"416463.3"
"57910069000";"2184100";"3297";"416471.6"
"57911148000";"2184100";"3297";"416479.6"
"57912227000";"2184100";"3297";"416487.5"
"57913312000";"2184100";"3297";"416495.5"
"57914656000";"2176400";"3297";"416505.3"
"57915740000";"2176400";"3297";"416513.3"
"57916820000";"2176400";"3297";"416521.2"
"57917900000";"2176400";"3297";"416529.6"
"57918980000";"2176400";"3297";"416537.5"
"57920321000";"2176400";"3297";"416545.9"
"57921402000";"2176400";"3297";"416553.8"
"57922481000";"2184600";"3297";"416561.8"
"57923567000";"2184600";"3297";"416569.7"
"57924647000";"2184600";"3297";"416578.0"
"57925989000";"2184600";"3297";"416587.5"
"57927070000";"2184600";"3297";"416595.8"
"57928150000";"2184600";"3297";"416603.8"
"57929230000";"2244700";"3297";"416611.7"
"57930311000";"2244700";"3298";"416619.7"
"57931653000";"2244700";"3298";"416628.0"
"57932734000";"2244700";"3298";"416636.3"
"57933819000";"2244700";"3298";"416644.3"
"57934899000";"2244700";"3297";"416652.3"
"57935979000";"2244700";"3297";"416660.2"
"57937322000";"2126400";"3297";"416668.5"
"57938401000";"2126400";"3297";"416676.5"
"57939481000";"2126400";"3297";"416684.4"
"57940561000";"2126400";"3297";"416692.4"
"57941642000";"2126400";"3297";"416700.7"
"57942989000";"2126400";"3297";"416710.6"
"57944069000";"2244900";"3297";"416718.5"
"57945149000";"2244900";"3297";"416726.5"
"57946229000";"2244900";"3297";"416734.4"
"57947310000";"2244900";"3297";"416742.8"
"57948653000";"2244900";"3297";"416751.1"
"57949733000";"2244900";"3297";"416759.0"
"57950812000";"2244900";"3297";"416767.0"
"57951893000";"2185200";"3297";"416774.9"
"57952978000";"2185200";"3297";"416783.3"
"57954321000";"2185200";"3297";"416793.1"
"57955401000";"2185200";"3297";"416801.1"
"57956481000";"2185200";"3297";"416809.0"
"57957566000";"2185200";"3297";"416817.0"
"57958645000";"2243200";"3297";"416824.9"
"57959989000";"2243200";"3297";"416833.2"
"57961069000";"2243200";"3297";"416841.6"
"57962149000";"2243200";"3297";"416849.5"
"57963234000";"2243200";"3297";"416857.5"
"57964314000";"2243200";"3297";"416865.4"
"57965657000";"2243200";"3296";"416873.7"
"57966736000";"2141000";"3296";"416882.1"
"57967817000";"2141000";"3297";"416890.0"
"57968897000";"2141000";"3296";"416898.0"
"57969977000";"2141000";"3296";"416905.9"
"57971320000";"2141000";"3296";"416914.3"
"57972400000";"2141000";"3296";"416922.6"
"57973486000";"2141000";"3297";"416930.5"
"57974565000";"2183500";"3297";"416938.5"
"57975645000";"2183500";"3296";"416946.4"
"57976988000";"2183500";"3296";"416954.8"
"57978067000";"2183500";"3296";"416962.7"
"57979148000";"2183500";"3296";"416970.7"
"57980227000";"2183500";"3296";"416978.6"
"57981307000";"2183500";"3296";"416987.0"
"57982649000";"2171400";"3296";"416996.4"
"57983734000";"2171400";"3296";"417004.4"
"57984814000";"2171400";"3296";"417012.7"
"57985894000";"2171400";"3296";"417020.7"
"57986974000";"2171400";"3296";"417028.6"
"57988317000";"2171400";"3296";"417036.9"
"57989397000";"2171400";"3296";"417045.3"
"57990476000";"2198800";"3296";"417053.2"
"57991556000";"2198800";"3296";"417061.2"
"57992636000";"2198800";"3296";"417069.1"
"57993985000";"2198800";"3296";"417079.0"
"57995065000";"2198800";"3296";"417086.9"
"57996145000";"2198800";"3296";"417094.9"
"57997225000";"2227400";"3296";"417102.8"
"57998305000";"2227400";"3296";"417110.8"
"57999653000";"2227400";"3296";"417119.5"
"58000734000";"2227400";"3296";"417127.4"
"58001814000";"2227400";"3296";"417135.4"
"58002899000";"2227400";"3296";"417143.3"
"58003980000";"2227400";"3296";"417151.3"
"58005323000";"2139100";"3296";"417160.0"
"58006403000";"2139100";"3296";"417167.9"
"58007482000";"2139100";"3296";"417175.9"
"58008563000";"2139100";"3296";"417184.2"
"58009643000";"2139100";"3297";"417192.2"
"58010986000";"2139100";"3296";"417201.6"
"58012065000";"2246600";"3296";"417210.0"
"58013152000";"2246600";"3296";"417217.9"
"58014232000";"2246600";"3297";"417225.9"
"58015312000";"2246600";"3296";"417233.8"
"58016654000";"2246600";"3296";"417242.1"
"58017735000";"2246600";"3296";"417250.1"
"58018815000";"2246600";"3296";"417258.1"
"58019895000";"2183500";"3296";"417266.4"
"58020975000";"2183500";"3296";"417274.3"
"58022317000";"2183500";"3296";"417283.8"
"58023403000";"2183500";"3296";"417292.1"
"58024483000";"2183500";"3296";"417300.1"
"58025564000";"2183500";"3296";"417308.0"
"58026643000";"2227600";"3297";"417316.0"
"58027987000";"2227600";"3297";"417324.7"
"58029067000";"2227600";"3297";"417332.6"
"58030147000";"2227600";"3297";"417340.6"
"58031228000";"2227600";"3297";"417348.5"
"58032308000";"2227600";"3297";"417356.5"
"58033657000";"2227600";"3297";"417364.8"
"58034737000";"2140100";"3297";"417373.2"
"58035817000";"2140100";"3297";"417381.1"
"58036897000";"2140100";"3297";"417389.1"
"58037977000";"2140100";"3297";"417397.0"
"58039321000";"2140100";"3297";"417406.9"
"58040401000";"2140100";"3297";"417414.8"
"58041484000";"2227800";"3297";"417422.8"
"58042565000";"2227800";"3297";"417430.7"
"58043650000";"2227800";"3297";"417439.0"
"58044993000";"2227800";"3297";"417448.9"
"58046073000";"2227800";"3297";"417456.8"
"58047152000";"2227800";"3297";"417464.8"
"58048232000";"2262000";"3297";"417473.1"
"58049311000";"2262000";"3297";"417481.1"
"58050654000";"2262000";"3297";"417489.4"
"58051734000";"2262000";"3297";"417497.4"
"58052814000";"2262000";"3297";"417505.3"
"58053899000";"2262000";"3297";"417513.3"
"58054979000";"2262000";"3297";"417521.6"
"58056322000";"2112600";"3297";"417529.5"
"58057403000";"2112600";"3297";"417537.9"
"58058483000";"2112600";"3297";"417545.8"
"58059562000";"2112600";"3297";"417553.8"
"58060641000";"2112600";"3297";"417561.7"
"58061985000";"2112600";"3296";"417571.6"
"58063070000";"2244700";"3296";"417579.5"
"58064151000";"2244700";"3296";"417587.9"
"58065231000";"2244700";"3296";"417595.8"
"58066310000";"2244700";"3296";"417603.8"
"58067653000";"2244700";"3296";"417612.1"
"58068734000";"2244700";"3296";"417620.0"
"58069814000";"2244700";"3296";"417628.4"
"58070894000";"2199900";"3296";"417636.3"
"58071973000";"2199900";"3296";"417644.3"
"58073322000";"2199900";"3296";"417652.6"
"58074402000";"2199900";"3296";"417660.5"
"58075483000";"2199900";"3297";"417668.5"
"58076563000";"2199900";"3297";"417676.8"
"58077644000";"2199900";"3297";"417684.8"
"58078986000";"2126200";"3297";"417693.1"
"58080066000";"2126200";"3297";"417701.0"
"58081146000";"2126200";"3297";"417709.0"
"58082226000";"2126200";"3297";"417717.0"
"58083316000";"2126200";"3297";"417724.9"
"58084659000";"2126200";"3297";"417733.2"
"58085739000";"2126200";"3297";"417741.6"
"58086819000";"2182500";"3297";"417749.5"
"58087899000";"2182500";"3297";"417757.5"
"58088979000";"2182500";"3297";"417765.8"
"58090321000";"2182500";"3297";"417774.1"
"58091401000";"2182500";"3297";"417782.1"
"58092481000";"2182500";"3297";"417790.0"
"58093566000";"2182500";"3297";"417798.0"
"58094645000";"2184400";"3297";"417805.9"
"58095989000";"2184400";"3296";"417814.2"
"58097069000";"2184400";"3296";"417822.2"
"58098149000";"2184400";"3296";"417830.5"
"58099229000";"2184400";"3296";"417838.5"
"58100309000";"2184400";"3296";"417846.4"
"58101651000";"2184400";"3296";"417854.8"
"58102732000";"2127900";"3297";"417862.7"
"58103817000";"2127900";"3297";"417870.7"
"58104897000";"2127900";"3297";"417878.6"
"58105977000";"2127900";"3297";"417886.9"
"58107321000";"2127900";"3297";"417896.8"
"58108400000";"2127900";"3297";"417904.7"
"58109479000";"2244900";"3297";"417912.7"
"58110560000";"2244900";"3297";"417920.6"
"58111640000";"2244900";"3297";"417929.0"
"58112988000";"2244900";"3297";"417938.8"
"58114068000";"2244900";"3297";"417946.8"
"58115147000";"2244900";"3297";"417954.7"
"58116226000";"2245100";"3297";"417962.7"
"58117305000";"2245100";"3297";"417970.6"
"58118649000";"2245100";"3297";"417979.0"
"58119729000";"2245100";"3297";"417986.9"
"58120809000";"2245100";"3297";"417994.9"
"58121889000";"2245100";"3297";"418003.2"
"58122975000";"2245100";"3297";"418011.1"
"58124318000";"2183600";"3297";"418021.0"
"58125402000";"2183600";"3297";"418028.9"
"58126483000";"2183600";"3297";"418037.3"
"58127563000";"2183600";"3297";"418045.2"
"58128643000";"2183600";"3297";"418053.2"
"58129986000";"2183600";"3297";"418061.5"
"58131066000";"2183600";"3297";"418069.8"
"58132146000";"2198500";"3297";"418077.8"
"58133231000";"2198500";"3297";"418085.7"
"58134311000";"2198500";"3297";"418093.7"
"58135653000";"2198500";"3297";"418103.5"
"58136733000";"2198500";"3297";"418111.5"
"58137813000";"2198500";"3297";"418119.4"
"58138893000";"2228000";"3297";"418127.4"
"58139973000";"2228000";"3297";"418135.3"
"58141317000";"2228000";"3296";"418143.7"
"58142397000";"2228000";"3296";"418151.6"
"58143482000";"2228000";"3296";"418159.9"
"58144563000";"2228000";"3297";"418167.9"
"58145643000";"2228000";"3297";"418175.9"
"58146985000";"2126400";"3296";"418184.2"
"58148065000";"2126400";"3296";"418192.1"
"58149145000";"2126400";"3297";"418200.5"
"58150225000";"2126400";"3297";"418208.4"
"58151305000";"2126400";"3297";"418216.4"
"58152648000";"2126400";"3297";"418224.7"
"58153733000";"2126400";"3297";"418232.6"
"58154813000";"2198700";"3297";"418241.0"
"58155893000";"2198700";"3297";"418248.9"
"58156974000";"2198700";"3297";"418256.9"
"58158316000";"2198700";"3297";"418265.2"
"58159397000";"2198700";"3297";"418273.1"
"58160476000";"2198700";"3297";"418281.1"
"58161555000";"2198700";"3297";"418289.1"
"58162635000";"2170800";"3296";"418297.0"
"58163984000";"2170800";"3296";"418305.3"
"58165064000";"2170800";"3296";"418313.7"
"58166144000";"2170800";"3296";"418321.6"
"58167227000";"2170800";"3296";"418329.6"
"58168308000";"2170800";"3296";"418337.9"
"58169650000";"2170800";"3296";"418346.2"
"58170730000";"2139900";"3296";"418354.2"
"58171809000";"2139900";"3296";"418362.1"
"58172894000";"2139900";"3296";"418370.1"
"58173975000";"2139900";"3296";"418378.0"
"58175319000";"2139900";"3296";"418386.3"
"58176399000";"2139900";"3296";"418394.7"
"58177479000";"2139900";"3297";"418402.6"
"58178559000";"2183500";"3297";"418410.6"
"58179639000";"2183500";"3297";"418418.5"
"58180981000";"2183500";"3297";"418428.4"
"58182062000";"2183500";"3297";"418436.3"
"58183147000";"2183500";"3297";"418444.3"
"58184227000";"2183500";"3297";"418452.2"
"58185308000";"2244500";"3297";"418460.6"
"58186651000";"2244500";"3297";"418468.9"
"58187730000";"2244500";"3297";"418476.8"
"58188811000";"2244500";"3297";"418484.8"
"58189891000";"2244500";"3297";"418493.1"
"58190971000";"2244500";"3297";"418501.1"
"58192313000";"2161700";"3297";"418510.5"
"58193399000";"2161700";"3297";"418518.9"
"58194478000";"2161700";"3297";"418526.8"
"58195558000";"2161700";"3297";"418534.8"
"58196638000";"2161700";"3297";"418542.7"
"58197982000";"2161700";"3297";"418551.1"
"58199061000";"2161700";"3297";"418559.0"
"58200142000";"2183700";"3297";"418567.0"
"58201221000";"2183700";"3297";"418574.9"
"58202301000";"2183700";"3297";"418583.2"
"58203648000";"2183700";"3297";"418591.6"
"58204729000";"2183700";"3297";"418599.5"
"58205808000";"2183700";"3297";"418607.5"
"58206888000";"2183700";"3296";"418615.4"
"58207968000";"2199200";"3297";"418623.8"
"58209314000";"2199200";"3297";"418632.1"
"58210394000";"2199200";"3297";"418640.0"
"58211475000";"2199200";"3297";"418648.0"
"58212555000";"2199200";"3297";"418656.3"
"58213641000";"2199200";"3297";"418664.3"
"58214984000";"2158300";"3296";"418673.7"
"58216064000";"2158300";"3297";"418681.7"
"58217144000";"2158300";"3297";"418690.0"
"58218223000";"2158300";"3297";"418698.0"
"58219303000";"2158300";"3297";"418705.9"
"58220645000";"2158300";"3297";"418714.2"
"58221724000";"2158300";"3297";"418722.2"
"58222804000";"2186100";"3297";"418730.1"
"58223889000";"2186100";"3297";"418738.5"
"58224970000";"2186100";"3297";"418746.4"
"58226311000";"2186100";"3297";"418754.7"
"58227392000";"2186100";"3297";"418762.7"
"58228471000";"2186100";"3297";"418770.7"
"58229552000";"2186100";"3297";"418779.0"
"58230633000";"2198500";"3297";"418786.9"
"58231976000";"2198500";"3297";"418796.8"
"58233061000";"2198500";"3297";"418804.7"
"58234142000";"2198500";"3297";"418812.7"
"58235221000";"2198500";"3297";"418820.6"
"58236302000";"2198500";"3297";"418828.6"
"58237644000";"2159900";"3297";"418836.9"
"58238725000";"2159900";"3297";"418844.9"
"58239805000";"2159900";"3297";"418853.2"
"58240885000";"2159900";"3297";"418861.1"
"58241966000";"2159900";"3297";"418869.1"
"58243314000";"2159900";"3297";"418877.4"
"58244394000";"2159900";"3297";"418885.4"
"58245474000";"2183200";"3297";"418893.3"
"58246554000";"2183200";"3297";"418901.7"
"58247633000";"2183200";"3297";"418909.6"
"58248976000";"2183200";"3297";"418917.9"
"58250056000";"2183200";"3296";"418925.9"
"58251141000";"2183200";"3296";"418934.2"
"58252220000";"2183200";"3296";"418942.2"
"58253306000";"2197600";"3296";"418950.1"
"58254649000";"2197600";"3297";"418958.4"
"58255728000";"2197600";"3297";"418966.4"
"58256809000";"2197600";"3297";"418974.3"
"58257888000";"2197600";"3297";"418982.3"
"58258967000";"2197600";"3297";"418990.6"
"58260309000";"2162300";"3296";"419000.1"
"58261390000";"2162300";"3296";"419008.0"
"58262470000";"2162300";"3296";"419016.4"
"58263555000";"2162300";"3296";"419024.3"
"58264635000";"2162300";"3296";"419032.3"
"58265978000";"2162300";"3296";"419040.6"
"58267058000";"2162300";"3296";"419048.6"
"58268138000";"2198300";"3297";"419056.9"
"58269218000";"2198300";"3296";"419064.8"
"58270298000";"2198300";"3296";"419072.8"
"58271641000";"2198300";"3296";"419082.6"
"58272720000";"2198300";"3296";"419090.6"
"58273806000";"2198300";"3296";"419098.5"
"58274887000";"2244700";"3296";"419106.9"
"58275967000";"2244700";"3296";"419114.8"
"58277310000";"2244700";"3296";"419123.2"
"58278390000";"2244700";"3296";"419131.1"
"58279470000";"2244700";"3296";"419139.1"
"58280549000";"2244700";"3296";"419147.0"
"58281630000";"2244700";"3296";"419155.0"
"58282977000";"2126700";"3296";"419163.7"
"58284058000";"2126700";"3296";"419171.6"
"58285138000";"2126700";"3296";"419179.6"
"58286218000";"2126700";"3296";"419187.5"
"58287297000";"2126700";"3296";"419195.9"
"58288640000";"2126700";"3296";"419205.7"
"58289719000";"2246800";"3296";"419213.6"
"58290799000";"2246800";"3296";"419221.6"
"58291879000";"2246800";"3296";"419229.6"
"58293010000";"2246800";"3296";"419237.9"
"58294353000";"2246800";"3296";"419247.7"
"58295433000";"2246800";"3296";"419255.7"
"58296512000";"2230000";"3296";"419263.6"
"58297591000";"2230000";"3296";"419271.6"
"58298672000";"2230000";"3296";"419279.5"
"58300015000";"2230000";"3296";"419287.9"
"58301095000";"2230000";"3296";"419295.8"
"58302175000";"2230000";"3296";"419304.1"
"58303260000";"2230000";"3296";"419312.1"
"58304340000";"2183700";"3296";"419320.0"
"58305681000";"2183700";"3296";"419328.4"
"58306762000";"2183700";"3296";"419336.3"
"58307842000";"2183700";"3296";"419344.7"
"58308922000";"2183700";"3296";"419352.6"
"58310001000";"2183700";"3296";"419360.6"
"58311345000";"2178400";"3296";"419370.4"
"58312426000";"2178400";"3296";"419378.4"
"58313511000";"2178400";"3296";"419386.7"
"58314592000";"2178400";"3296";"419394.6"
"58315672000";"2178400";"3296";"419402.6"
"58317014000";"2178400";"3296";"419410.9"
"58318094000";"2178400";"3296";"419418.9"
"58319174000";"2183500";"3296";"419426.8"
"58320253000";"2183500";"3296";"419434.8"
"58321333000";"2183500";"3296";"419442.7"
"58322676000";"2183500";"3296";"419452.6"
"58323762000";"2183500";"3296";"419460.5"
"58324842000";"2183500";"3296";"419468.9"
"58325922000";"2244700";"3296";"419476.8"
"58327002000";"2244700";"3296";"419484.8"
"58328345000";"2244700";"3296";"419493.1"
"58329424000";"2244700";"3296";"419501.4"
"58330505000";"2244700";"3296";"419509.4"
"58331585000";"2244700";"3296";"419517.3"
"58332665000";"2244700";"3296";"419525.3"
"58334013000";"2126700";"3296";"419533.6"
"58335098000";"2126700";"3296";"419541.9"
"58336177000";"2126700";"3296";"419549.9"
"58337258000";"2126700";"3296";"419557.8"
"58338338000";"2126700";"3296";"419565.8"
"58339680000";"2126700";"3296";"419575.6"
"58340759000";"2245300";"3296";"419583.6"
"58341840000";"2245300";"3296";"419591.5"
"58342924000";"2245300";"3296";"419599.5"
"58344005000";"2245300";"3296";"419607.4"
"58345347000";"2245300";"3296";"419617.3"
"58346427000";"2245300";"3296";"419625.2"
"58347507000";"2244900";"3296";"419633.6"
"58348586000";"2244900";"3296";"419641.5"
"58349665000";"2244900";"3296";"419649.5"
"58351008000";"2244900";"3296";"419657.8"
"58352088000";"2244900";"3296";"419666.1"
"58353173000";"2244900";"3296";"419674.1"
"58354254000";"2244900";"3296";"419682.0"
"58355333000";"2184300";"3296";"419690.0"
"58356676000";"2184300";"3296";"419698.3"
"58357755000";"2184300";"3296";"419706.2"
"58358835000";"2184300";"3296";"419714.2"
"58359915000";"2184300";"3296";"419722.2"
"58360995000";"2184300";"3296";"419730.5"
"58362338000";"2161900";"3296";"419740.0"
"58363423000";"2161900";"3296";"419748.3"
"58364502000";"2161900";"3296";"419756.2"
"58365581000";"2161900";"3296";"419764.2"
"58366661000";"2161900";"3296";"419772.1"
"58368004000";"2161900";"3296";"419780.5"
"58369084000";"2161900";"3296";"419788.8"
"58370164000";"2199200";"3296";"419796.7"
"58371244000";"2199200";"3296";"419804.7"
"58372324000";"2199200";"3296";"419812.7"
"58373672000";"2199200";"3296";"419821.0"
"58374752000";"2199200";"3296";"419828.9"
"58375833000";"2199200";"3296";"419837.3"
"58376918000";"2199200";"3296";"419845.2"
"58377997000";"2182500";"3296";"419853.2"
"58379339000";"2182500";"3296";"419861.5"
"58380419000";"2182500";"3297";"419869.4"
"58381499000";"2182500";"3296";"419877.4"
"58382579000";"2182500";"3296";"419885.3"
"58383665000";"2182500";"3296";"419893.7"
"58385008000";"2182500";"3297";"419902.0"
"58386089000";"2126500";"3297";"419909.9"
"58387169000";"2126500";"3297";"419917.9"
"58388249000";"2126500";"3297";"419926.2"
"58389329000";"2126500";"3297";"419934.2"
"58390671000";"2126500";"3297";"419942.5"
"58391751000";"2126500";"3297";"419950.5"
"58392831000";"2126500";"3296";"419958.4"
"58393917000";"2183700";"3297";"419966.4"
"58394998000";"2183700";"3297";"419974.7"
"58396341000";"2183700";"3297";"419983.0"
"58397421000";"2183700";"3297";"419991.0"
"58398501000";"2183700";"3297";"419998.9"
"58399581000";"2183700";"3297";"420006.9"
"58400660000";"2183700";"3297";"420014.8"
"58402003000";"2128100";"3297";"420023.1"
"58403088000";"2128100";"3297";"420031.1"
"58404168000";"2128100";"3297";"420039.4"
"58405248000";"2128100";"3297";"420047.4"
"58406327000";"2128100";"3297";"420055.3"
"58407669000";"2128100";"3297";"420063.6"
"58408749000";"2128100";"3297";"420071.6"
"58409829000";"2199000";"3297";"420079.9"
"58410910000";"2199000";"3297";"420087.9"
"58411989000";"2199000";"3297";"420095.8"
"58413338000";"2199000";"3297";"420104.2"
"58414419000";"2199000";"3297";"420112.1"
"58415498000";"2199000";"3297";"420120.1"
"58416579000";"2199000";"3297";"420128.4"
"58417659000";"2183400";"3297";"420136.3"
"58419007000";"2183400";"3297";"420144.7"
"58420087000";"2183400";"3297";"420152.6"
"58421166000";"2183400";"3297";"420160.6"
"58422247000";"2183400";"3297";"420168.5"
"58423332000";"2183400";"3297";"420176.9"
"58424675000";"2158300";"3297";"420186.3"
"58425756000";"2158300";"3297";"420194.3"
"58426836000";"2158300";"3297";"420202.6"
"58427915000";"2158300";"3297";"420210.6"
"58428996000";"2158300";"3297";"420218.5"
"58430338000";"2158300";"3297";"420226.8"
"58431418000";"2158300";"3297";"420235.2"
"58432499000";"2199900";"3297";"420243.1"
"58433585000";"2199900";"3297";"420251.1"
"58434664000";"2199900";"3297";"420259.0"
"58436008000";"2199900";"3297";"420268.9"
"58437088000";"2199900";"3297";"420276.8"
"58438168000";"2199900";"3297";"420284.8"
"58439247000";"2227600";"3297";"420292.7"
"58440327000";"2227600";"3297";"420300.7"
"58441669000";"2227600";"3296";"420309.0"
"58442750000";"2227600";"3296";"420316.9"
"58443836000";"2227600";"3296";"420324.9"
"58444917000";"2227600";"3296";"420333.2"
"58445997000";"2227600";"3296";"420341.2"
"58447340000";"2126200";"3296";"420349.5"
"58448419000";"2126200";"3296";"420357.5"
"58449499000";"2126200";"3296";"420365.4"
"58450579000";"2126200";"3296";"420373.7"
"58451658000";"2126200";"3296";"420381.7"
"58453006000";"2126200";"3296";"420390.0"
"58454087000";"2126200";"3296";"420398.0"
"58455167000";"2184100";"3296";"420405.9"
"58456246000";"2184100";"3296";"420414.3"
"58457326000";"2184100";"3296";"420422.2"
"58458670000";"2184100";"3296";"420431.7"
"58459750000";"2184100";"3296";"420440.0"
"58460833000";"2184100";"3296";"420448.0"
"58461914000";"2245100";"3296";"420455.9"
"58463000000";"2245100";"3296";"420463.9"
"58464343000";"2245100";"3296";"420473.7"
"58465422000";"2245100";"3296";"420481.7"
"58466503000";"2245100";"3296";"420489.6"
"58467583000";"2245100";"3296";"420497.9"
"58468663000";"2244500";"3296";"420505.9"
"58470005000";"2244500";"3296";"420515.7"
"58471086000";"2244500";"3296";"420523.7"
"58472166000";"2244500";"3296";"420531.6"
"58473251000";"2244500";"3296";"420539.6"
"58474331000";"2244500";"3296";"420547.6"
"58475674000";"2225800";"3296";"420557.4"
"58476754000";"2225800";"3296";"420565.3"
"58477834000";"2225800";"3296";"420573.3"
"58478915000";"2225800";"3296";"420581.3"
"58479995000";"2225800";"3296";"420589.6"
"58481338000";"2225800";"3296";"420599.0"
"58482417000";"2229100";"3296";"420607.0"
"58483503000";"2229100";"3296";"420615.3"
"58484583000";"2229100";"3296";"420623.3"
"58485662000";"2229100";"3296";"420631.2"
"58487004000";"2229100";"3296";"420639.6"
"58488084000";"2229100";"3296";"420647.5"
"58489164000";"2229100";"3296";"420655.8"
"58490243000";"2199200";"3296";"420663.8"
"58491324000";"2199200";"3296";"420671.7"
"58492666000";"2199200";"3296";"420681.6"
"58493752000";"2199200";"3297";"420689.5"
"58494831000";"2199200";"3296";"420697.5"
"58495911000";"2199200";"3296";"420705.5"
"58496992000";"2227600";"3296";"420713.4"
"58498334000";"2227600";"3297";"420723.2"
"58499413000";"2227600";"3297";"420731.2"
"58500493000";"2227600";"3297";"420739.2"
"58501573000";"2227600";"3297";"420747.1"
"58502652000";"2227600";"3297";"420755.1"
"58504006000";"2158900";"3297";"420763.4"
"58505086000";"2158900";"3297";"420771.3"
"58506167000";"2158900";"3296";"420779.7"
"58507248000";"2158900";"3296";"420787.6"
"58508327000";"2158900";"3296";"420795.6"
"58509669000";"2158900";"3296";"420805.4"
"58510750000";"2246200";"3296";"420813.4"
"58511830000";"2246200";"3296";"420821.3"
"58512916000";"2246200";"3296";"420829.3"
"58513996000";"2246200";"3296";"420837.6"
"58515339000";"2246200";"3296";"420845.5"
"58516419000";"2246200";"3297";"420853.5"
"58517499000";"2246200";"3297";"420861.8"
"58518579000";"2183400";"3297";"420869.8"
"58519658000";"2183400";"3297";"420877.7"
"58521000000";"2183400";"3297";"420886.1"
"58522080000";"2183400";"3297";"420894.0"
"58523166000";"2183400";"3297";"420902.0"
"58524245000";"2183400";"3297";"420909.9"
"58525326000";"2183400";"3296";"420917.9"
"58526669000";"2169900";"3296";"420927.7"
"58527749000";"2169900";"3296";"420935.7"
"58528829000";"2169900";"3296";"420944.0"
"58529909000";"2169900";"3296";"420951.9"
"58530988000";"2169900";"3296";"420959.9"
"58532332000";"2169900";"3296";"420968.2"
"58533417000";"2169900";"3296";"420976.2"
"58534497000";"2183700";"3296";"420984.1"
"58535577000";"2183700";"3296";"420992.5"
"58536657000";"2183700";"3296";"421000.4"
"58538000000";"2183700";"3296";"421008.3"
"58539079000";"2183700";"3297";"421016.7"
"58540160000";"2183700";"3297";"421024.6"
"58541240000";"2183700";"3297";"421032.6"
"58542320000";"2185300";"3297";"421040.5"
"58543667000";"2185300";"3297";"421048.9"
"58544752000";"2185300";"3297";"421056.8"
"58545833000";"2185300";"3297";"421065.1"
"58546912000";"2185300";"3297";"421073.1"
"58547992000";"2185300";"3297";"421081.0"
"58549335000";"2185300";"3296";"421089.4"
"58550416000";"2125500";"3296";"421097.3"
"58551495000";"2125500";"3296";"421105.6"
"58552576000";"2125500";"3297";"421113.6"
"58553660000";"2125500";"3297";"421121.6"
"58555002000";"2125500";"3297";"421129.9"
"58556083000";"2125500";"3297";"421137.8"
"58557162000";"2125500";"3297";"421145.8"
"58558242000";"2184300";"3297";"421153.7"
"58559321000";"2184300";"3297";"421161.7"
"58560665000";"2184300";"3297";"421170.0"
"58561745000";"2184300";"3297";"421178.0"
"58562825000";"2184300";"3297";"421185.9"
"58563911000";"2184300";"3297";"421194.2"
"58564991000";"2184300";"3297";"421202.2"
"58566334000";"2126500";"3297";"421210.5"
"58567414000";"2126500";"3297";"421218.5"
"58568494000";"2126500";"3297";"421226.4"
"58569574000";"2126500";"3297";"421234.8"
"58570653000";"2126500";"3297";"421242.7"
"58571996000";"2126500";"3297";"421251.0"
"58573082000";"2126500";"3297";"421259.0"
"58574161000";"2183900";"3296";"421266.9"
"58575241000";"2183900";"3296";"421274.9"
"58576321000";"2183900";"3296";"421283.2"
"58577664000";"2183900";"3296";"421291.2"
"58578745000";"2183900";"3296";"421299.5"
"58579825000";"2183900";"3297";"421307.4"
"58580905000";"2183900";"3297";"421315.4"
"58581985000";"2185000";"3297";"421323.3"
"58583334000";"2185000";"3297";"421331.7"
"58584414000";"2185000";"3297";"421339.6"
"58585494000";"2185000";"3297";"421347.6"
"58586611000";"2185000";"3297";"421355.9"
"58587691000";"2185000";"3297";"421363.9"
"58589034000";"2185000";"3297";"421372.2"
"58590113000";"2116900";"3297";"421380.1"
"58591194000";"2116900";"3297";"421388.5"
"58592274000";"2116900";"3297";"421396.4"
"58593360000";"2116900";"3297";"421404.4"
"58594702000";"2116900";"3297";"421412.7"
"58595783000";"2116900";"3297";"421420.6"
"58596862000";"2116900";"3297";"421428.6"
"58597941000";"2184100";"3297";"421436.5"
"58599020000";"2184100";"3297";"421444.5"
"58600364000";"2184100";"3296";"421452.8"
"58601443000";"2184100";"3296";"421460.8"
"58602523000";"2184100";"3296";"421469.1"
"58603608000";"2184100";"3296";"421477.0"
"58604688000";"2184100";"3296";"421485.0"
"58606032000";"2126700";"3297";"421493.3"
"58607111000";"2126700";"3297";"421501.3"
"58608191000";"2126700";"3297";"421509.2"
"58609271000";"2126700";"3297";"421517.6"
"58610351000";"2126700";"3297";"421525.5"
"58611694000";"2126700";"3297";"421533.8"
"58612774000";"2126700";"3296";"421541.8"
"58613860000";"2183700";"3296";"421549.7"
"58614940000";"2183700";"3296";"421558.1"
"58616021000";"2183700";"3297";"421566.0"
"58617363000";"2183700";"3297";"421574.3"
"58618442000";"2183700";"3297";"421582.3"
"58619521000";"2183700";"3297";"421590.2"
"58620601000";"2183700";"3297";"421598.2"
"58621681000";"2185900";"3297";"421606.1"
"58623029000";"2185900";"3297";"421614.5"
"58624108000";"2185900";"3297";"421622.8"
"58625188000";"2185900";"3297";"421630.8"
"58626268000";"2185900";"3297";"421638.7"
"58627348000";"2185900";"3297";"421646.7"
"58628697000";"2185900";"3297";"421655.4"
"58629776000";"2139800";"3297";"421663.3"
"58630856000";"2139800";"3297";"421671.3"
"58631936000";"2139800";"3297";"421679.2"
"58633022000";"2139800";"3297";"421687.6"
"58634364000";"2139800";"3297";"421695.9"
"58635444000";"2139800";"3297";"421703.8"
"58636524000";"2139800";"3297";"421711.8"
"58637604000";"2183900";"3297";"421719.7"
"58638684000";"2183900";"3297";"421727.7"
"58640026000";"2183900";"3297";"421736.0"
"58641105000";"2183900";"3297";"421744.0"
"58642186000";"2183900";"3297";"421751.9"
"58643271000";"2183900";"3297";"421759.9"
"58644351000";"2183900";"3297";"421767.8"
"58645694000";"2112800";"3297";"421776.1"
"58646774000";"2112800";"3297";"421784.1"
"58647854000";"2112800";"3297";"421792.4"
"58648933000";"2112800";"3297";"421800.4"
"58650013000";"2112800";"3296";"421808.3"
"58651355000";"2112800";"3296";"421816.6"
"58652435000";"2112800";"3296";"421824.6"
"58653521000";"2198800";"3296";"421832.9"
"58654601000";"2198800";"3297";"421840.9"
"58655681000";"2198800";"3297";"421848.8"
"58657024000";"2198800";"3297";"421858.3"
"58658104000";"2198800";"3297";"421866.6"
"58659184000";"2198800";"3297";"421874.6"
"58660263000";"2229700";"3297";"421882.5"
"58661343000";"2229700";"3297";"421890.5"
"58662686000";"2229700";"3297";"421898.8"
"58663770000";"2229700";"3297";"421906.8"
"58664849000";"2229700";"3297";"421914.7"
"58665929000";"2229700";"3296";"421922.7"
"58667009000";"2229700";"3297";"421931.0"
"58668351000";"2170200";"3297";"421940.5"
"58669431000";"2170200";"3297";"421948.8"
"58670515000";"2170200";"3297";"421956.7"
"58671595000";"2170200";"3297";"421964.7"
"58672675000";"2170200";"3297";"421972.6"
"58674023000";"2170200";"3296";"421981.0"
"58675104000";"2170200";"3296";"421988.9"
"58676185000";"2182300";"3296";"421996.9"
"58677265000";"2182300";"3296";"422004.8"
"58678345000";"2182300";"3296";"422012.8"
"58679687000";"2182300";"3296";"422021.1"
"58680767000";"2182300";"3296";"422029.0"
"58681847000";"2182300";"3296";"422037.0"
"58682933000";"2182300";"3296";"422045.0"
"58684012000";"2184100";"3296";"422053.3"
"58685355000";"2184100";"3296";"422062.7"
"58686435000";"2184100";"3296";"422071.1"
"58687514000";"2184100";"3296";"422079.0"
"58688594000";"2184100";"3296";"422087.0"
"58689674000";"2184100";"3296";"422094.9"
"58691017000";"2161900";"3296";"422103.3"
"58692097000";"2161900";"3296";"422111.6"
"58693183000";"2161900";"3296";"422119.5"
"58694263000";"2161900";"3296";"422127.5"
"58695344000";"2161900";"3296";"422135.4"
"58696686000";"2161900";"3296";"422143.8"
"58697765000";"2161900";"3296";"422151.7"
"58698846000";"2183500";"3296";"422159.7"
"58699926000";"2183500";"3296";"422167.6"
"58701005000";"2183500";"3296";"422175.6"
"58702348000";"2183500";"3296";"422183.9"
"58703434000";"2183500";"3296";"422191.9"
"58704513000";"2183500";"3296";"422199.8"
"58705593000";"2183500";"3296";"422208.1"
"58706673000";"2183900";"3296";"422216.1"
"58708016000";"2183900";"3296";"422224.4"
"58709096000";"2183900";"3296";"422232.4"
"58710176000";"2183900";"3296";"422240.3"
"58711256000";"2183900";"3296";"422248.6"
"58712335000";"2183900";"3296";"422256.6"
"58713689000";"2183900";"3296";"422264.9"
"58714769000";"2125500";"3296";"422272.9"
"58715849000";"2125500";"3296";"422280.8"
"58716929000";"2125500";"3296";"422288.8"
"58718009000";"2125500";"3296";"422296.7"
"58719351000";"2125500";"3296";"422305.0"
"58720431000";"2125500";"3296";"422313.0"
"58721511000";"2125500";"3296";"422321.0"
"58722592000";"2170600";"3296";"422328.9"
"58723677000";"2170600";"3296";"422336.9"
"58725020000";"2170600";"3296";"422345.2"
"58726101000";"2170600";"3296";"422353.5"
"58727180000";"2170600";"3296";"422361.5"
"58728260000";"2170600";"3296";"422369.4"
"58729339000";"2170600";"3296";"422377.4"
"58730682000";"2126900";"3297";"422385.7"
"58731763000";"2126900";"3297";"422394.0"
"58732843000";"2126900";"3297";"422402.0"
"58733928000";"2126900";"3297";"422409.9"
"58735008000";"2126900";"3297";"422417.9"
"58736350000";"2126900";"3297";"422426.2"
"58737430000";"2126900";"3297";"422434.1"
"58738509000";"2184100";"3297";"422442.1"
"58739589000";"2184100";"3297";"422450.1"
"58740670000";"2184100";"3297";"422458.0"
"58742013000";"2184100";"3297";"422466.3"
"58743098000";"2184100";"3297";"422474.7"
"58744178000";"2184100";"3297";"422482.6"
"58745257000";"2184100";"3297";"422490.6"
"58746336000";"2184100";"3297";"422498.5"
"58747679000";"2184100";"3297";"422506.8"
"58748759000";"2184100";"3297";"422515.2"
"58749838000";"2184100";"3297";"422523.1"
"58750919000";"2184100";"3297";"422531.1"
"58751998000";"2184100";"3296";"422539.0"
"58753347000";"2184100";"3296";"422547.3"
"58754432000";"2125300";"3296";"422555.3"
"58755512000";"2125300";"3296";"422563.3"
"58756592000";"2125300";"3296";"422571.2"
"58757673000";"2125300";"3297";"422579.5"
"58759015000";"2125300";"3297";"422587.5"
"58760096000";"2125300";"3297";"422595.4"
"58761177000";"2125300";"3297";"422603.8"
"58762256000";"2185000";"3297";"422611.7"
"58763342000";"2185000";"3297";"422619.7"
"58764684000";"2185000";"3297";"422628.0"
"58765765000";"2185000";"3297";"422635.9"
"58766845000";"2185000";"3297";"422643.9"
"58767924000";"2185000";"3297";"422651.8"
"58769005000";"2185000";"3297";"422660.2"
"58770346000";"2126900";"3297";"422668.5"
"58771426000";"2126900";"3297";"422676.4"
"58772506000";"2126900";"3297";"422684.4"
"58773592000";"2126900";"3297";"422692.4"
"58774672000";"2126900";"3297";"422700.7"
"58776016000";"2126900";"3297";"422708.6"
"58777095000";"2126900";"3297";"422717.0"
"58778176000";"2183400";"3297";"422724.9"
"58779257000";"2183400";"3297";"422732.9"
"58780337000";"2183400";"3298";"422740.8"
"58781679000";"2183400";"3298";"422749.1"
"58782758000";"2183400";"3298";"422757.1"
"58783844000";"2183400";"3298";"422765.0"
"58784924000";"2183400";"3298";"422773.0"
"58786003000";"2169300";"3297";"422780.9"
"58787346000";"2169300";"3297";"422789.3"
"58788426000";"2169300";"3297";"422797.2"
"58789505000";"2169300";"3297";"422805.5"
"58790586000";"2169300";"3297";"422813.5"
"58791665000";"2169300";"3297";"422821.5"
"58793015000";"2169300";"3297";"422829.8"
"58794094000";"2126700";"3297";"422837.7"
"58795175000";"2126700";"3297";"422846.1"
"58796255000";"2126700";"3297";"422854.0"
"58797340000";"2126700";"3297";"422862.0"
"58798683000";"2126700";"3298";"422870.3"
"58799763000";"2126700";"3298";"422878.2"
"58800842000";"2126700";"3298";"422886.2"
"58801922000";"2183900";"3298";"422894.1"
"58803008000";"2183900";"3298";"422902.1"
"58804350000";"2183900";"3298";"422910.4"
"58805431000";"2183900";"3298";"422918.7"
"58806510000";"2183900";"3298";"422926.7"
"58807590000";"2183900";"3298";"422934.6"
"58808669000";"2183900";"3298";"422942.6"
"58810012000";"2127000";"3298";"422950.9"
"58811092000";"2127000";"3298";"422959.3"
"58812171000";"2127000";"3298";"422967.2"
"58813257000";"2127000";"3298";"422975.2"
"58814336000";"2127000";"3298";"422983.1"
"58815678000";"2127000";"3298";"422991.4"
"58816757000";"2127000";"3297";"422999.4"
"58817837000";"2184600";"3297";"423007.3"
"58818917000";"2184600";"3297";"423015.7"
"58819997000";"2184600";"3297";"423023.6"
"58821340000";"2184600";"3297";"423031.9"
"58822421000";"2184600";"3297";"423039.9"
"58823505000";"2184600";"3298";"423047.8"
"58824586000";"2184600";"3297";"423055.8"
"58825665000";"2183900";"3297";"423063.8"
"58827008000";"2183900";"3297";"423072.1"
"58828089000";"2183900";"3297";"423080.0"
"58829168000";"2183900";"3297";"423088.4"
"58830248000";"2183900";"3297";"423096.3"
"58831328000";"2183900";"3297";"423104.3"
"58832670000";"2178200";"3297";"423114.1"
"58833756000";"2178200";"3297";"423122.1"
"58834836000";"2178200";"3296";"423130.0"
"58835917000";"2178200";"3296";"423138.0"
"58836996000";"2178200";"3296";"423146.3"
"58838343000";"2178200";"3296";"423154.2"
"58839424000";"2178200";"3296";"423162.6"
"58840505000";"2182100";"3296";"423170.5"
"58841585000";"2182100";"3296";"423178.5"
"58842665000";"2182100";"3296";"423186.4"
"58844013000";"2182100";"3296";"423194.7"
"58845093000";"2182100";"3296";"423202.7"
"58846172000";"2182100";"3296";"423210.6"
"58847253000";"2182100";"3296";"423219.0"
"58848333000";"2183700";"3297";"423226.9"
"58849676000";"2183700";"3297";"423235.3"
"58850755000";"2183700";"3297";"423243.2"
"58851834000";"2183700";"3297";"423251.2"
"58852920000";"2183700";"3296";"423259.1"
"58854000000";"2183700";"3296";"423267.4"
"58855342000";"2183700";"3296";"423275.8"
"58856423000";"2127000";"3296";"423283.7"
"58857503000";"2127000";"3296";"423291.7"
"58858583000";"2127000";"3296";"423299.6"
"58859662000";"2127000";"3297";"423307.6"
"58861004000";"2127000";"3297";"423317.4"
"58862085000";"2127000";"3297";"423325.4"
"58863171000";"2227600";"3297";"423333.3"
"58864250000";"2227600";"3297";"423341.3"
"58865330000";"2227600";"3297";"423349.2"
"58866673000";"2227600";"3297";"423357.5"
"58867754000";"2227600";"3297";"423365.9"
"58868833000";"2227600";"3297";"423373.8"
"58869913000";"2227600";"3297";"423381.8"
"58870993000";"2185500";"3297";"423389.7"
"58872336000";"2185500";"3296";"423398.1"
"58873421000";"2185500";"3297";"423406.4"
"58874501000";"2185500";"3297";"423414.3"
"58875582000";"2185500";"3297";"423422.3"
"58876662000";"2185500";"3297";"423430.2"
"58878005000";"2185500";"3297";"423438.6"
"58879085000";"2126400";"3297";"423446.5"
"58880213000";"2126400";"3296";"423454.5"
"58881293000";"2126400";"3296";"423462.4"
"58882373000";"2126400";"3296";"423470.4"
"58883722000";"2126400";"3296";"423478.7"
"58884802000";"2126400";"3296";"423486.6"
"58885882000";"2126400";"3296";"423495.0"
"58886961000";"2170300";"3296";"423502.9"
"58888042000";"2170300";"3296";"423510.9"
"58889385000";"2170300";"3296";"423519.2"
"58890465000";"2170300";"3296";"423527.5"
"58891546000";"2170300";"3296";"423535.5"
"58892625000";"2170300";"3297";"423543.4"
"58893711000";"2170300";"3296";"423551.4"
"58895054000";"2183300";"3297";"423561.2"
"58896134000";"2183300";"3296";"423569.2"
"58897213000";"2183300";"3296";"423577.1"
"58898293000";"2183300";"3296";"423585.1"
"58899373000";"2183300";"3296";"423593.0"
"58900716000";"2183300";"3296";"423601.4"
"58901796000";"2183300";"3296";"423609.3"
"58902881000";"2169500";"3296";"423617.3"
"58903961000";"2169500";"3296";"423625.2"
"58905041000";"2169500";"3296";"423633.6"
"58906384000";"2169500";"3296";"423641.9"
"58907465000";"2169500";"3296";"423649.8"
"58908544000";"2169500";"3296";"423657.8"
"58909624000";"2169500";"3296";"423665.7"
"58910704000";"2199900";"3296";"423674.1"
"58912048000";"2199900";"3296";"423682.4"
"58913132000";"2199900";"3296";"423690.3"
"58914213000";"2199900";"3296";"423698.3"
"58915292000";"2199900";"3296";"423706.2"
"58916372000";"2199900";"3296";"423714.2"
"58917715000";"2199900";"3296";"423722.5"
"58918794000";"2112800";"3296";"423730.5"
"58919874000";"2112800";"3296";"423738.4"
"58920954000";"2112800";"3296";"423746.4"
"58922034000";"2112800";"3296";"423754.7"
"58923388000";"2112800";"3296";"423763.0"
"58924467000";"2112800";"3296";"423771.0"
"58925548000";"2112800";"3296";"423778.9"
"58926627000";"2182300";"3296";"423786.9"
"58927708000";"2182300";"3296";"423794.8"
"58929050000";"2182300";"3297";"423803.2"
"58930129000";"2182300";"3296";"423811.5"
"58931210000";"2182300";"3296";"423819.4"
"58932289000";"2182300";"3296";"423827.4"
"58933376000";"2182300";"3296";"423835.3"
"58934719000";"2126500";"3296";"423843.7"
"58935799000";"2126500";"3296";"423851.6"
"58936878000";"2126500";"3296";"423860.0"
"58937959000";"2126500";"3296";"423867.9"
"58939039000";"2126500";"3296";"423875.9"
"58940382000";"2126500";"3296";"423884.2"
"58941461000";"2126500";"3297";"423892.1"
"58942541000";"2185500";"3297";"423900.1"
"58943626000";"2185500";"3296";"423908.0"
"58944706000";"2185500";"3296";"423916.0"
"58946049000";"2185500";"3296";"423925.8"
"58947130000";"2185500";"3296";"423933.8"
"58948210000";"2185500";"3296";"423942.1"
"58949290000";"2244300";"3296";"423950.1"
"58950370000";"2244300";"3296";"423958.0"
"58951713000";"2244300";"3296";"423966.3"
"58952793000";"2244300";"3296";"423974.3"
"58953879000";"2244300";"3296";"423982.6"
"58954960000";"2244300";"3296";"423990.6"
"58956039000";"2244300";"3296";"423998.5"
"58957382000";"2126500";"3296";"424006.9"
"58958462000";"2126500";"3296";"424014.8"
"58959542000";"2126500";"3296";"424022.8"
"58960622000";"2126500";"3296";"424030.7"
"58961703000";"2126500";"3296";"424038.7"
"58963050000";"2126500";"3296";"424047.0"
"58964135000";"2126500";"3296";"424054.9"
"58965216000";"2182300";"3296";"424063.3"
"58966296000";"2182300";"3296";"424071.2"
"58967376000";"2182300";"3296";"424079.2"
"58968719000";"2182300";"3296";"424087.5"
"58969799000";"2182300";"3296";"424095.4"
"58970880000";"2182300";"3296";"424103.8"
"58971959000";"2182300";"3296";"424111.7"
"58973045000";"2183500";"3296";"424119.7"
"58974387000";"2183500";"3296";"424128.0"
"58975467000";"2183500";"3296";"424136.0"
"58976546000";"2183500";"3296";"424143.9"
"58977626000";"2183500";"3296";"424151.9"
"58978706000";"2183500";"3296";"424159.8"
"58980049000";"2183500";"3296";"424168.1"
"58981130000";"2113900";"3296";"424176.1"
"58982209000";"2113900";"3295";"424184.0"
"58983296000";"2113900";"3295";"424192.0"
"58984376000";"2113900";"3296";"424200.3"
"58985719000";"2113900";"3296";"424208.3"
"58986800000";"2113900";"3296";"424216.6"
"58987879000";"2113900";"3296";"424224.5"
"58988958000";"2183700";"3296";"424232.5"
"58990039000";"2183700";"3296";"424240.8"
"58991381000";"2183700";"3296";"424250.3"
"58992462000";"2183700";"3296";"424258.6"
"58993547000";"2183700";"3296";"424266.6"
"58994627000";"2183700";"3296";"424274.5"
"58995707000";"2244500";"3296";"424282.5"
"58997049000";"2244500";"3296";"424290.8"
"58998129000";"2244500";"3296";"424298.8"
"58999209000";"2244500";"3296";"424306.7"
"59000289000";"2244500";"3296";"424314.7"
"59001370000";"2244500";"3296";"424322.6"
"59002713000";"2244500";"3296";"424330.9"
"59003799000";"2112200";"3296";"424338.9"
"59004879000";"2112200";"3296";"424347.2"
"59005958000";"2112200";"3296";"424355.2"
"59007043000";"2112200";"3296";"424363.1"
"59008384000";"2112200";"3296";"424371.4"
"59009465000";"2112200";"3296";"424379.4"
"59010544000";"2112200";"3296";"424387.7"
"59011624000";"2199400";"3296";"424395.7"
"59012704000";"2199400";"3296";"424403.6"
"59014053000";"2199400";"3296";"424413.5"
"59015133000";"2199400";"3296";"424421.4"
"59016213000";"2199400";"3296";"424429.4"
"59017292000";"2199400";"3296";"424437.3"
"59018372000";"2244700";"3296";"424445.7"
"59019715000";"2244700";"3296";"424455.1"
"59020795000";"2244700";"3296";"424463.1"
"59021875000";"2244700";"3296";"424471.0"
"59022961000";"2244700";"3296";"424479.4"
"59024042000";"2244700";"3296";"424487.3"
"59025385000";"2159300";"3296";"424495.6"
"59026465000";"2159300";"3297";"424503.6"
"59027545000";"2159300";"3297";"424511.5"
"59028625000";"2159300";"3296";"424519.5"
"59029705000";"2159300";"3296";"424527.4"
"59031052000";"2159300";"3296";"424536.2"
"59032131000";"2159300";"3296";"424544.1"
"59033217000";"2182600";"3296";"424552.1"
"59034297000";"2182600";"3297";"424560.0"
"59035377000";"2182600";"3297";"424568.0"
"59036720000";"2182600";"3297";"424576.3"
"59037800000";"2182600";"3297";"424584.2"
"59038879000";"2182600";"3297";"424592.2"
"59039959000";"2182600";"3297";"424600.1"
"59041040000";"2170800";"3296";"424608.1"
"59042382000";"2170800";"3296";"424616.4"
"59043467000";"2170800";"3296";"424624.4"
"59044547000";"2170800";"3296";"424632.3"
"59045628000";"2170800";"3296";"424640.3"
"59046708000";"2170800";"3296";"424648.6"
"59048055000";"2170800";"3296";"424656.9"
"59049135000";"2125500";"3296";"424664.9"
"59050214000";"2125500";"3296";"424672.8"
"59051295000";"2125500";"3296";"424681.2"
"59052375000";"2125500";"3296";"424689.1"
"59053722000";"2125500";"3296";"424697.4"
"59054803000";"2125500";"3296";"424705.4"
"59055883000";"2125500";"3296";"424713.3"
"59056963000";"2183900";"3296";"424721.3"
"59058043000";"2183900";"3296";"424729.2"
"59059386000";"2183900";"3296";"424737.6"
"59060467000";"2183900";"3296";"424745.5"
"59061546000";"2183900";"3296";"424753.5"
"59062626000";"2183900";"3296";"424761.8"
"59063712000";"2183900";"3296";"424769.7"
"59065054000";"2126500";"3296";"424778.1"
"59066133000";"2126500";"3296";"424786.0"
"59067214000";"2126500";"3296";"424794.0"
"59068293000";"2126500";"3296";"424801.9"
"59069373000";"2126500";"3296";"424810.3"
"59070716000";"2126500";"3296";"424818.6"
"59071795000";"2126500";"3296";"424826.5"
"59072881000";"2184300";"3296";"424834.5"
"59073960000";"2184300";"3296";"424842.4"
"59075040000";"2184300";"3296";"424850.4"
"59076384000";"2184300";"3296";"424858.7"
"59077463000";"2184300";"3296";"424866.7"
"59078544000";"2184300";"3296";"424875.0"
"59079623000";"2184300";"3296";"424882.9"
"59080702000";"2185700";"3296";"424890.9"
"59082046000";"2185700";"3296";"424900.4"
"59083132000";"2185700";"3296";"424908.3"
"59084212000";"2185700";"3296";"424916.6"
"59085292000";"2185700";"3296";"424924.6"
"59086373000";"2185700";"3296";"424932.6"
"59087715000";"2159500";"3296";"424940.9"
"59088794000";"2159500";"3296";"424948.8"
"59089929000";"2159500";"3296";"424957.2"
"59091009000";"2159500";"3296";"424965.1"
"59092089000";"2159500";"3296";"424973.1"
"59093437000";"2159500";"3296";"424982.9"
"59094516000";"2227100";"3296";"424990.9"
"59095596000";"2227100";"3296";"424998.8"
"59096677000";"2227100";"3296";"425006.8"
"59097757000";"2227100";"3296";"425014.7"
"59099099000";"2227100";"3296";"425023.0"
"59100179000";"2227100";"3296";"425031.0"
"59101259000";"2227100";"3296";"425039.3"
"59102339000";"2185300";"3296";"425047.3"
"59103425000";"2185300";"3296";"425055.2"
"59104768000";"2185300";"3296";"425063.5"
"59105847000";"2185300";"3296";"425071.5"
"59106926000";"2185300";"3296";"425079.4"
"59108006000";"2185300";"3296";"425087.8"
"59109086000";"2185300";"3296";"425095.7"
"59110428000";"2127000";"3296";"425104.1"
"59111508000";"2127000";"3296";"425112.0"
"59112588000";"2127000";"3296";"425120.0"
"59113674000";"2127000";"3296";"425128.3"
"59114753000";"2127000";"3296";"425136.2"
"59116096000";"2127000";"3296";"425144.6"
"59117175000";"2127000";"3296";"425152.5"
"59118256000";"2184100";"3296";"425160.5"
"59119336000";"2184100";"3296";"425168.4"
"59120416000";"2184100";"3296";"425176.4"
"59121759000";"2184100";"3296";"425184.7"
"59122839000";"2184100";"3296";"425192.6"
"59123925000";"2184100";"3296";"425201.0"
"59125004000";"2184100";"3296";"425208.9"
"59126084000";"2183700";"3296";"425216.9"
"59127427000";"2183700";"3296";"425225.2"
"59128507000";"2183700";"3296";"425233.2"
"59129587000";"2183700";"3296";"425241.5"
"59130668000";"2183700";"3296";"425249.4"
"59131747000";"2183700";"3296";"425257.4"
"59133100000";"2183700";"3296";"425265.7"
"59134180000";"2139600";"3297";"425274.0"
"59135260000";"2139600";"3297";"425282.0"
"59136340000";"2139600";"3297";"425289.9"
"59137419000";"2139600";"3296";"425297.9"
"59138762000";"2139600";"3296";"425306.2"
"59139842000";"2139600";"3296";"425314.2"
"59140922000";"2139600";"3296";"425322.1"
"59142003000";"2170600";"3296";"425330.1"
"59143089000";"2170600";"3296";"425338.4"
"59144432000";"2170600";"3296";"425346.7"
"59145511000";"2170600";"3296";"425354.7"
"59146591000";"2170600";"3296";"425362.6"
"59147670000";"2170600";"3296";"425370.6"
"59148751000";"2170600";"3296";"425378.9"
"59150093000";"2141100";"3296";"425387.2"
"59151173000";"2141100";"3296";"425395.2"
"59152254000";"2141100";"3296";"425403.1"
"59153340000";"2141100";"3296";"425411.1"
"59154419000";"2141100";"3296";"425419.4"
"59155761000";"2141100";"3297";"425427.8"
"59156841000";"2141100";"3297";"425435.7"
"59157921000";"2183700";"3297";"425443.7"
"59159001000";"2183700";"3297";"425451.6"
"59160081000";"2183700";"3297";"425459.6"
"59161424000";"2183700";"3297";"425469.4"
"59162504000";"2183700";"3297";"425477.4"
"59163590000";"2183700";"3297";"425485.3"
"59164670000";"2227400";"3297";"425493.3"
"59165749000";"2227400";"3297";"425501.2"
"59167092000";"2227400";"3297";"425509.5"
"59168172000";"2227400";"3297";"425517.9"
"59169252000";"2227400";"3297";"425525.8"
"59170332000";"2227400";"3297";"425533.8"
"59171411000";"2227400";"3297";"425541.7"
"59172753000";"2128700";"3297";"425550.0"
"59173845000";"2128700";"3297";"425558.4"
"59174925000";"2128700";"3297";"425566.3"
"59176004000";"2128700";"3297";"425574.3"
"59177083000";"2128700";"3297";"425582.2"
"59178426000";"2128700";"3297";"425590.6"
"59179507000";"2128700";"3297";"425598.5"
"59180587000";"2182300";"3297";"425606.5"
"59181668000";"2182300";"3297";"425614.4"
"59182748000";"2182300";"3297";"425622.7"
"59184096000";"2182300";"3297";"425632.2"
"59185177000";"2182300";"3297";"425640.2"
"59186257000";"2182300";"3297";"425648.5"
"59187337000";"2244100";"3297";"425656.4"
"59188417000";"2244100";"3297";"425664.4"
"59189758000";"2244100";"3297";"425672.7"
"59190839000";"2244100";"3296";"425680.7"
"59191918000";"2244100";"3296";"425689.0"
"59193004000";"2244100";"3296";"425697.0"
"59194083000";"2244100";"3296";"425704.9"
"59195427000";"2184200";"3296";"425714.8"
"59196506000";"2184200";"3296";"425722.7"
"59197586000";"2184200";"3296";"425730.7"
"59198666000";"2184200";"3297";"425739.0"
"59199745000";"2184200";"3297";"425746.9"
"59201089000";"2184200";"3297";"425755.3"
"59202169000";"2184200";"3297";"425763.2"
"59203255000";"2183700";"3297";"425771.2"
"59204334000";"2183700";"3297";"425779.1"
"59205413000";"2183700";"3297";"425787.1"
"59206757000";"2183700";"3297";"425795.4"
"59207838000";"2183700";"3297";"425803.3"
"59208918000";"2183700";"3297";"425811.7"
"59209998000";"2183700";"3297";"425819.6"
"59211078000";"2185300";"3296";"425827.6"
"59212421000";"2185300";"3296";"425835.9"
"59213507000";"2185300";"3296";"425843.9"
"59214588000";"2185300";"3296";"425852.2"
"59215668000";"2185300";"3296";"425860.1"
"59216753000";"2185300";"3296";"425868.1"
"59218096000";"2185300";"3296";"425876.4"
"59219175000";"2125000";"3296";"425884.4"
"59220255000";"2125000";"3296";"425892.3"
"59221336000";"2125000";"3296";"425900.3"
"59222416000";"2125000";"3296";"425908.2"
"59223763000";"2125000";"3296";"425918.1"
"59224843000";"2125000";"3296";"425926.4"
"59225923000";"2244700";"3296";"425934.4"
"59227003000";"2244700";"3296";"425942.3"
"59228083000";"2244700";"3296";"425950.3"
"59229427000";"2244700";"3296";"425958.6"
"59230506000";"2244700";"3296";"425966.9"
"59231586000";"2244700";"3296";"425974.9"
"59232665000";"2244700";"3296";"425982.8"
"59233751000";"2183900";"3296";"425990.8"
"59235093000";"2183900";"3296";"425999.1"
"59236173000";"2183900";"3296";"426007.0"
"59237253000";"2183900";"3296";"426015.4"
"59238333000";"2183900";"3296";"426023.3"
"59239413000";"2183900";"3296";"426031.3"
"59240757000";"2183900";"3296";"426039.6"
"59241837000";"2128100";"3296";"426047.5"
"59242922000";"2128100";"3296";"426055.5"
"59244002000";"2128100";"3296";"426063.5"
"59245081000";"2128100";"3296";"426071.4"
"59246424000";"2128100";"3296";"426079.7"
"59247504000";"2128100";"3296";"426087.7"
"59248585000";"2128100";"3296";"426096.0"
"59249665000";"2183900";"3297";"426104.0"
"59250745000";"2183900";"3296";"426111.9"
"59252088000";"2183900";"3296";"426120.2"
"59253175000";"2183900";"3296";"426128.6"
"59254254000";"2183900";"3297";"426136.5"
"59255333000";"2183900";"3296";"426144.5"
"59256413000";"2183900";"3296";"426152.4"
"59257761000";"2182400";"3296";"426162.3"
"59258840000";"2182400";"3296";"426170.2"
"59259920000";"2182400";"3296";"426178.2"
"59260999000";"2182400";"3296";"426186.1"
"59262080000";"2182400";"3296";"426194.1"
"59263428000";"2182400";"3296";"426202.4"
"59264508000";"2182400";"3296";"426210.4"
"59265589000";"2169000";"3296";"426218.3"
"59266670000";"2169000";"3296";"426226.6"
"59267750000";"2169000";"3296";"426234.6"
"59269092000";"2169000";"3296";"426242.9"
"59270172000";"2169000";"3296";"426250.9"
"59271252000";"2169000";"3296";"426259.2"
"59272331000";"2169000";"3296";"426267.1"
"59273417000";"2198700";"3296";"426275.1"
"59274760000";"2198700";"3296";"426283.4"
"59275839000";"2198700";"3296";"426291.4"
"59276919000";"2198700";"3296";"426299.3"
"59277999000";"2198700";"3296";"426307.3"
"59279079000";"2198700";"3296";"426315.2"
"59280422000";"2198700";"3297";"426323.5"
"59281501000";"2114300";"3297";"426331.5"
"59282581000";"2114300";"3297";"426339.8"
"59283666000";"2114300";"3297";"426347.8"
"59284746000";"2114300";"3297";"426355.7"
"59286089000";"2114300";"3297";"426364.1"
"59287169000";"2114300";"3297";"426372.0"
"59288249000";"2114300";"3297";"426380.0"
"59289328000";"2198800";"3297";"426388.3"
"59290407000";"2198800";"3297";"426396.2"
"59291751000";"2198800";"3297";"426404.6"
"59292830000";"2198800";"3297";"426412.5"
"59293916000";"2198800";"3297";"426420.9"
"59294995000";"2198800";"3297";"426428.8"
"59296075000";"2198800";"3297";"426436.8"
"59297418000";"2126900";"3297";"426445.1"
"59298497000";"2126900";"3297";"426453.0"
"59299644000";"2126900";"3297";"426461.0"
"59300724000";"2126900";"3297";"426468.9"
"59301803000";"2126900";"3297";"426476.9"
"59303152000";"2126900";"3297";"426485.2"
"59304232000";"2126900";"3297";"426493.2"
"59305312000";"2165500";"3297";"426501.5"
"59306393000";"2165500";"3297";"426509.4"
"59307472000";"2165500";"3297";"426517.4"
"59308815000";"2165500";"3297";"426525.7"
"59309896000";"2165500";"3297";"426533.7"
"59310976000";"2165500";"3297";"426542.0"
"59312055000";"2165500";"3297";"426550.0"
"59313139000";"2184100";"3297";"426557.9"
"59314482000";"2184100";"3297";"426566.2"
"59315562000";"2184100";"3297";"426574.2"
"59316643000";"2184100";"3297";"426582.5"
"59317722000";"2184100";"3297";"426590.5"
"59318802000";"2184100";"3297";"426598.4"
"59320145000";"2184100";"3297";"426606.7"
"59321225000";"2128200";"3297";"426614.7"
"59322304000";"2128200";"3297";"426622.6"
"59323390000";"2128200";"3297";"426630.6"
"59324469000";"2128200";"3297";"426638.5"
"59325813000";"2128200";"3297";"426646.9"
"59326893000";"2128200";"3297";"426654.8"
"59327973000";"2128200";"3297";"426663.2"
"59329052000";"2184100";"3297";"426671.1"
"59330131000";"2184100";"3297";"426679.1"
"59331475000";"2184100";"3297";"426687.4"
"59332556000";"2184100";"3297";"426695.7"
"59333641000";"2184100";"3297";"426703.7"
"59334721000";"2184100";"3297";"426711.6"
"59335801000";"2184100";"3297";"426719.6"
"59337144000";"2126400";"3297";"426727.9"
"59338224000";"2126400";"3296";"426735.8"
"59339305000";"2126400";"3296";"426743.8"
"59340385000";"2126400";"3296";"426751.7"
"59341465000";"2126400";"3296";"426759.7"
"59342814000";"2126400";"3296";"426768.0"
"59343899000";"2126400";"3296";"426776.3"
"59344979000";"2181800";"3296";"426784.3"
"59346060000";"2181800";"3296";"426792.3"
"59347139000";"2181800";"3296";"426800.2"
"59348481000";"2181800";"3297";"426808.5"
"59349561000";"2181800";"3297";"426816.5"
"59350640000";"2181800";"3297";"426824.8"
"59351721000";"2181800";"3296";"426832.8"
"59352800000";"2185900";"3296";"426840.7"
"59354149000";"2185900";"3296";"426850.6"
"59355228000";"2185900";"3296";"426858.5"
"59356307000";"2185900";"3296";"426866.5"
"59357387000";"2185900";"3296";"426874.4"
"59358467000";"2185900";"3296";"426882.4"
"59359809000";"2160700";"3296";"426890.7"
"59360890000";"2160700";"3297";"426899.0"
"59361970000";"2160700";"3297";"426907.0"
"59363056000";"2160700";"3297";"426914.9"
"59364136000";"2160700";"3297";"426922.9"
"59365479000";"2160700";"3297";"426931.2"
"59366559000";"2160700";"3296";"426939.2"
"59367639000";"2183200";"3296";"426947.1"
"59368719000";"2183200";"3296";"426955.4"
"59369799000";"2183200";"3296";"426963.4"
"59371141000";"2183200";"3296";"426971.7"
"59372221000";"2183200";"3297";"426979.7"
"59373305000";"2183200";"3296";"426987.6"
"59374385000";"2183200";"3296";"426995.9"
"59375465000";"2199400";"3296";"427003.9"
"59376808000";"2199400";"3297";"427012.2"
"59377888000";"2199400";"3297";"427020.2"
"59378967000";"2199400";"3297";"427028.1"
"59380048000";"2199400";"3297";"427036.1"
"59381128000";"2199400";"3297";"427044.0"
"59382471000";"2199400";"3297";"427052.3"
"59383561000";"2110900";"3297";"427060.3"
"59384641000";"2110900";"3296";"427068.3"
"59385722000";"2110900";"3297";"427076.2"
"59386802000";"2110900";"3297";"427084.5"
"59388146000";"2110900";"3297";"427092.9"
"59389226000";"2110900";"3297";"427100.8"
"59390306000";"2110900";"3297";"427108.8"
"59391386000";"2199400";"3297";"427117.1"
"59392466000";"2199400";"3297";"427125.0"
"59393815000";"2199400";"3297";"427134.9"
"59394894000";"2199400";"3297";"427142.8"
"59395973000";"2199400";"3297";"427150.8"
"59397052000";"2199400";"3297";"427158.7"
"59398132000";"2228400";"3297";"427166.7"
"59399475000";"2228400";"3297";"427175.0"
"59400555000";"2228400";"3297";"427183.0"
"59401635000";"2228400";"3297";"427190.9"
"59402716000";"2228400";"3297";"427198.9"
"59403802000";"2228400";"3297";"427207.2"
"59405143000";"2159900";"3297";"427216.7"
"59406224000";"2159900";"3297";"427224.6"
"59407303000";"2159900";"3297";"427233.0"
"59408384000";"2159900";"3297";"427240.9"
"59409464000";"2159900";"3297";"427248.9"
"59410807000";"2159900";"3297";"427257.2"
"59411886000";"2159900";"3297";"427265.1"
"59412972000";"2198500";"3297";"427273.5"
"59414051000";"2198500";"3297";"427281.4"
"59415131000";"2198500";"3297";"427289.4"
"59416474000";"2198500";"3297";"427297.7"
"59417554000";"2198500";"3297";"427305.6"
"59418635000";"2198500";"3297";"427313.6"
"59419715000";"2198500";"3297";"427321.9"
"59420794000";"2185500";"3297";"427329.9"
"59422136000";"2185500";"3297";"427338.2"
"59423221000";"2185500";"3297";"427346.2"
"59424302000";"2185500";"3297";"427354.1"
"59425381000";"2185500";"3297";"427362.1"
"59426466000";"2185500";"3297";"427370.0"
"59427809000";"2158500";"3297";"427379.9"
"59428889000";"2158500";"3297";"427387.8"
"59429969000";"2158500";"3297";"427396.1"
"59431049000";"2158500";"3297";"427404.1"
"59432129000";"2158500";"3297";"427412.0"
"59433477000";"2158500";"3297";"427420.4"
"59434556000";"2158500";"3296";"427428.3"
"59435637000";"2184100";"3297";"427436.3"
"59436717000";"2184100";"3297";"427444.6"
"59437796000";"2184100";"3297";"427452.6"
"59439139000";"2184100";"3297";"427462.0"
"59440219000";"2184100";"3297";"427470.0"
"59441299000";"2184100";"3297";"427478.3"
"59442380000";"2246400";"3297";"427486.3"
"59443465000";"2246400";"3297";"427494.2"
"59444807000";"2246400";"3297";"427502.5"
"59445888000";"2246400";"3297";"427510.5"
"59446967000";"2246400";"3297";"427518.4"
"59448048000";"2246400";"3297";"427526.4"
"59449128000";"2246400";"3297";"427534.7"
"59450470000";"2126900";"3297";"427543.0"
"59451550000";"2126900";"3297";"427551.0"
"59452630000";"2126900";"3297";"427558.9"
"59453716000";"2126900";"3297";"427567.3"
"59454795000";"2126900";"3297";"427575.2"
"59456138000";"2126900";"3297";"427583.6"
"59457217000";"2126900";"3297";"427591.5"
"59458298000";"2183900";"3297";"427599.5"
"59459378000";"2183900";"3297";"427607.4"
"59460459000";"2183900";"3297";"427615.4"
"59461802000";"2183900";"3297";"427623.7"
"59462888000";"2183900";"3297";"427632.0"
"59463967000";"2183900";"3297";"427640.0"
"59465047000";"2183900";"3297";"427647.9"
"59466126000";"2183900";"3297";"427655.9"
"59467474000";"2183900";"3297";"427664.2"
"59468553000";"2183900";"3297";"427672.1"
"59469634000";"2183900";"3297";"427680.5"
"59470714000";"2183900";"3297";"427688.4"
"59471793000";"2183900";"3297";"427696.4"
"59473141000";"2175000";"3297";"427706.2"
"59474222000";"2175000";"3297";"427714.2"
"59475302000";"2175000";"3297";"427722.5"
"59476381000";"2175000";"3297";"427730.5"
"59477461000";"2175000";"3297";"427738.4"
"59478804000";"2175000";"3297";"427748.3"
"59479884000";"2246400";"3297";"427756.2"
"59480965000";"2246400";"3297";"427764.2"
"59482045000";"2246400";"3297";"427772.1"
"59483130000";"2246400";"3297";"427780.1"
"59484471000";"2246400";"3297";"427788.4"
"59485552000";"2246400";"3297";"427796.3"
"59486632000";"2246400";"3297";"427804.7"
"59487712000";"2183900";"3297";"427812.6"
"59488793000";"2183900";"3297";"427820.6"
"59490136000";"2183900";"3297";"427828.9"
"59491216000";"2183900";"3297";"427836.9"
"59492295000";"2183900";"3297";"427845.2"
"59493380000";"2183900";"3297";"427853.1"
"59494460000";"2183900";"3296";"427861.1"
"59495802000";"2184200";"3296";"427870.9"
"59496881000";"2184200";"3296";"427878.9"
"59497961000";"2184200";"3296";"427886.8"
"59499041000";"2184200";"3296";"427894.8"
"59500121000";"2184200";"3296";"427902.7"
"59501464000";"2184200";"3296";"427912.6"
"59502544000";"2229500";"3296";"427920.5"
"59503630000";"2229500";"3296";"427928.5"
"59504710000";"2229500";"3296";"427936.8"
"59505790000";"2229500";"3296";"427944.8"
"59507134000";"2229500";"3296";"427953.1"
"59508214000";"2229500";"3296";"427961.1"
"59509357000";"2229500";"3296";"427969.0"
"59510437000";"2180400";"3296";"427977.3"
"59511517000";"2180400";"3296";"427985.3"
"59512865000";"2180400";"3296";"427993.6"
"59513946000";"2180400";"3296";"428001.6"
"59515027000";"2180400";"3296";"428009.9"
"59516107000";"2180400";"3296";"428017.8"
"59517186000";"2180400";"3296";"428025.8"
"59518528000";"2126700";"3296";"428034.1"
"59519609000";"2126700";"3296";"428042.1"
"59520688000";"2126700";"3296";"428050.0"
"59521768000";"2126700";"3296";"428058.0"
"59522854000";"2126700";"3296";"428066.3"
"59524197000";"2126700";"3296";"428074.2"
"59525278000";"2126700";"3296";"428082.6"
"59526358000";"2183400";"3296";"428090.5"
"59527438000";"2183400";"3296";"428098.5"
"59528517000";"2183400";"3296";"428106.4"
"59529861000";"2183400";"3296";"428116.3"
"59530940000";"2183400";"3296";"428124.2"
"59532020000";"2183400";"3296";"428132.6"
"59533105000";"2244900";"3296";"428140.5"
"59534186000";"2244900";"3296";"428148.9"
"59535529000";"2244900";"3296";"428158.3"
"59536609000";"2244900";"3296";"428166.3"
"59537689000";"2244900";"3296";"428174.6"
"59538768000";"2244900";"3296";"428182.6"
"59539849000";"2246400";"3296";"428190.5"
"59541191000";"2246400";"3296";"428200.4"
"59542271000";"2246400";"3296";"428208.3"
"59543356000";"2246400";"3296";"428216.3"
"59544436000";"2246400";"3296";"428224.2"
"59545516000";"2246400";"3296";"428232.2"
"59546858000";"2160300";"3296";"428240.5"
"59547939000";"2160300";"3296";"428248.4"
"59549018000";"2160300";"3296";"428256.8"
"59550098000";"2160300";"3296";"428264.7"
"59551177000";"2160300";"3296";"428272.7"
"59552524000";"2160300";"3296";"428281.0"
"59553610000";"2160300";"3296";"428289.3"
"59554690000";"2197600";"3296";"428297.3"
"59555770000";"2197600";"3296";"428305.2"
"59556849000";"2197600";"3296";"428313.2"
"59558193000";"2197600";"3296";"428321.5"
"59559273000";"2197600";"3296";"428329.5"
"59560353000";"2197600";"3296";"428337.4"
"59561433000";"2197600";"3296";"428345.7"
"59562512000";"2185500";"3296";"428353.7"
"59563860000";"2185500";"3296";"428363.2"
"59564941000";"2185500";"3296";"428371.5"
"59566020000";"2185500";"3296";"428379.4"
"59567100000";"2185500";"3296";"428387.4"
"59568179000";"2185500";"3296";"428395.3"
"59569523000";"2160100";"3296";"428403.7"
"59570603000";"2160100";"3296";"428412.0"
"59571683000";"2160100";"3296";"428420.0"
"59572763000";"2160100";"3296";"428427.9"
"59573848000";"2160100";"3296";"428435.9"
"59575191000";"2160100";"3296";"428444.2"
"59576272000";"2160100";"3296";"428452.5"
"59577351000";"2198500";"3296";"428460.5"
"59578432000";"2198500";"3296";"428468.4"
"59579512000";"2198500";"3296";"428476.4"
"59580854000";"2198500";"3296";"428484.7"
"59581933000";"2198500";"3296";"428492.6"
"59583018000";"2198500";"3296";"428501.0"
"59584097000";"2198500";"3296";"428508.9"
"59585177000";"2184600";"3296";"428516.9"
"59586520000";"2184600";"3296";"428525.2"
"59587600000";"2184600";"3296";"428533.1"
"59588679000";"2184600";"3296";"428541.1"
"59589760000";"2184600";"3296";"428549.4"
"59590839000";"2184600";"3296";"428557.4"
"59592181000";"2178600";"3297";"428567.2"
"59593271000";"2178600";"3297";"428575.2"
"59594350000";"2178600";"3297";"428583.1"
"59595430000";"2178600";"3297";"428591.1"
"59596511000";"2178600";"3297";"428599.4"
"59597853000";"2178600";"3297";"428607.7"
"59598932000";"2178600";"3297";"428615.7"
"59600012000";"2182800";"3297";"428623.6"
"59601093000";"2182800";"3297";"428631.6"
"59602172000";"2182800";"3297";"428639.5"
"59603521000";"2182800";"3297";"428647.9"
"59604602000";"2182800";"3297";"428655.8"
"59605682000";"2182800";"3296";"428663.8"
"59606762000";"2182800";"3297";"428672.1"
"59607842000";"2183400";"3297";"428680.1"
"59609185000";"2183400";"3297";"428688.4"
"59610265000";"2183400";"3297";"428696.3"
"59611345000";"2183400";"3297";"428704.3"
"59612425000";"2183400";"3297";"428712.6"
"59613511000";"2183400";"3297";"428720.6"
"59614853000";"2183400";"3297";"428728.9"
"59615933000";"2126700";"3297";"428736.8"
"59617013000";"2126700";"3297";"428744.8"
"59618092000";"2126700";"3297";"428753.1"
"59619173000";"2126700";"3297";"428761.1"
"59620515000";"2126700";"3297";"428769.4"
"59621595000";"2126700";"3297";"428777.4"
"59622674000";"2126700";"3297";"428785.3"
"59623760000";"2184300";"3297";"428793.3"
"59624839000";"2184300";"3297";"428801.2"
"59626183000";"2184300";"3297";"428809.5"
"59627262000";"2184300";"3297";"428817.5"
"59628343000";"2184300";"3297";"428825.8"
"59629422000";"2184300";"3297";"428833.8"
"59630501000";"2184300";"3297";"428841.7"
"59631844000";"2128400";"3297";"428850.0"
"59632929000";"2128400";"3297";"428858.4"
"59634009000";"2128400";"3297";"428866.3"
"59635089000";"2128400";"3297";"428874.3"
"59636174000";"2128400";"3297";"428882.2"
"59637517000";"2128400";"3297";"428890.5"
"59638597000";"2128400";"3297";"428898.5"
"59639678000";"2182300";"3297";"428906.5"
"59640758000";"2182300";"3297";"428914.8"
"59641838000";"2182300";"3297";"428922.7"
"59643185000";"2182300";"3297";"428931.1"
"59644266000";"2182300";"3297";"428939.0"
"59645346000";"2182300";"3297";"428947.0"
"59646425000";"2182300";"3297";"428954.9"
"59647505000";"2184100";"3297";"428962.9"
"59648848000";"2184100";"3297";"428971.2"
"59649929000";"2184100";"3297";"428979.5"
"59651009000";"2184100";"3297";"428987.5"
"59652088000";"2184100";"3297";"428995.4"
"59653173000";"2184100";"3297";"429003.8"
"59654515000";"2184100";"3297";"429012.1"
"59655594000";"2141300";"3297";"429020.0"
"59656674000";"2141300";"3297";"429028.0"
"59657754000";"2141300";"3297";"429035.9"
"59658834000";"2141300";"3297";"429043.9"
"59660177000";"2141300";"3297";"429053.7"
"59661257000";"2141300";"3297";"429061.7"
"59662336000";"2229700";"3297";"429069.6"
"59663422000";"2229700";"3297";"429077.6"
"59664501000";"2229700";"3297";"429085.9"
"59665843000";"2229700";"3297";"429093.9"
"59666924000";"2229700";"3297";"429102.2"
"59668003000";"2229700";"3297";"429110.1"
"59669082000";"2229700";"3297";"429118.1"
"59670162000";"2184400";"3297";"429126.1"
"59671505000";"2184400";"3297";"429134.4"
"59672585000";"2184400";"3297";"429142.7"
"59673671000";"2184400";"3297";"429150.7"
"59674752000";"2184400";"3297";"429159.0"
"59675831000";"2184400";"3297";"429166.9"
"59677178000";"2184400";"3297";"429175.3"
"59678257000";"2139800";"3297";"429183.2"
"59679337000";"2139800";"3297";"429191.2"
"59680417000";"2139800";"3297";"429199.1"
"59681497000";"2139800";"3296";"429207.1"
"59682840000";"2139800";"3297";"429215.4"
"59683925000";"2139800";"3297";"429223.3"
"59685006000";"2139800";"3296";"429231.3"
"59686086000";"2183700";"3296";"429239.6"
"59687165000";"2183700";"3297";"429247.6"
"59688508000";"2183700";"3297";"429255.9"
"59689587000";"2183700";"3297";"429263.9"
"59690666000";"2183700";"3297";"429271.8"
"59691746000";"2183700";"3297";"429280.1"
"59692826000";"2183700";"3297";"429288.1"
"59694174000";"2184700";"3297";"429297.9"
"59695254000";"2184700";"3297";"429305.9"
"59696334000";"2184700";"3297";"429313.8"
"59697413000";"2184700";"3296";"429321.8"
"59698493000";"2184700";"3296";"429329.7"
"59699836000";"2184700";"3296";"429338.1"
"59700917000";"2184700";"3296";"429346.0"
"59701996000";"2185300";"3296";"429354.4"
"59703082000";"2185300";"3296";"429362.3"
"59704162000";"2185300";"3296";"429370.3"
"59705505000";"2185300";"3296";"429380.1"
"59706586000";"2185300";"3296";"429388.1"
"59707665000";"2185300";"3296";"429396.0"
"59708745000";"2227600";"3296";"429404.0"
"59709824000";"2227600";"3296";"429411.9"
"59711167000";"2227600";"3296";"429420.6"
"59712247000";"2227600";"3297";"429428.6"
"59713332000";"2227600";"3296";"429436.5"
"59714412000";"2227600";"3296";"429444.5"
"59715492000";"2227600";"3297";"429452.8"
"59716835000";"2126900";"3296";"429460.7"
"59717914000";"2126900";"3297";"429469.1"
"59718995000";"2126900";"3297";"429477.0"
"59720079000";"2126900";"3297";"429485.0"
"59721158000";"2126900";"3297";"429492.9"
"59722500000";"2126900";"3297";"429501.3"
"59723585000";"2126900";"3297";"429509.2"
"59724666000";"2183000";"3297";"429517.2"
"59725746000";"2183000";"3296";"429525.1"
"59726826000";"2183000";"3297";"429533.1"
"59728170000";"2183000";"3297";"429541.4"
"59729250000";"2183000";"3297";"429549.7"
"59730330000";"2183000";"3297";"429557.7"
"59731410000";"2183000";"3297";"429565.6"
"59732490000";"2199800";"3297";"429574.0"
"59733838000";"2199800";"3296";"429583.4"
"59734917000";"2199800";"3296";"429591.7"
"59735997000";"2199800";"3296";"429599.7"
"59737077000";"2199800";"3297";"429607.7"
"59738157000";"2199800";"3297";"429615.6"
"59739499000";"2160500";"3297";"429623.9"
"59740578000";"2160500";"3297";"429631.9"
"59741658000";"2160500";"3297";"429639.8"
"59742738000";"2160500";"3297";"429647.8"
"59743824000";"2160500";"3297";"429656.1"
"59745166000";"2160500";"3297";"429664.1"
"59746246000";"2160500";"3297";"429672.4"
"59747326000";"2184100";"3297";"429680.3"
"59748407000";"2184100";"3297";"429688.3"
"59749486000";"2184100";"3297";"429696.2"
"59750829000";"2184100";"3297";"429704.6"
"59751909000";"2184100";"3297";"429712.9"
"59752995000";"2184100";"3297";"429720.9"
"59754075000";"2184100";"3297";"429729.2"
"59755155000";"2198300";"3297";"429737.1"
"59756497000";"2198300";"3297";"429745.5"
"59757577000";"2198300";"3297";"429753.4"
"59758657000";"2198300";"3297";"429761.4"
"59759736000";"2198300";"3297";"429769.3"
"59760816000";"2198300";"3297";"429777.3"
"59762163000";"2198300";"3297";"429785.6"
"59763249000";"2111700";"3297";"429793.5"
"59764329000";"2111700";"3297";"429801.9"
"59765408000";"2111700";"3297";"429809.8"
"59766489000";"2111700";"3297";"429817.8"
"59767831000";"2111700";"3296";"429826.1"
"59768911000";"2111700";"3296";"429834.0"
"59769991000";"2111700";"3296";"429842.0"
"59771070000";"2200500";"3297";"429850.3"
"59772151000";"2200500";"3297";"429858.3"
"59773499000";"2200500";"3297";"429866.6"
"59774578000";"2200500";"3296";"429874.6"
"59775658000";"2200500";"3296";"429882.5"
"59776739000";"2200500";"3296";"429890.8"
"59777818000";"2200500";"3296";"429898.8"
"59779161000";"2126700";"3296";"429907.1"
"59780241000";"2126700";"3297";"429915.1"
"59781321000";"2126700";"3297";"429923.0"
"59782400000";"2126700";"3297";"429931.0"
"59783485000";"2126700";"3297";"429938.9"
"59784828000";"2126700";"3297";"429947.2"
"59785909000";"2126700";"3296";"429955.2"
"59786988000";"2184100";"3296";"429963.5"
"59788069000";"2184100";"3297";"429971.5"
"59789149000";"2184100";"3297";"429979.4"
"59790492000";"2184100";"3297";"429987.8"
"59791571000";"2184100";"3297";"429995.7"
"59792652000";"2184100";"3297";"430004.0"
"59793737000";"2184100";"3297";"430012.0"
"59794817000";"2183700";"3296";"430019.9"
"59796160000";"2183700";"3297";"430029.8"
"59797240000";"2183700";"3297";"430037.7"
"59798320000";"2183700";"3297";"430045.7"
"59799399000";"2183700";"3297";"430053.6"
"59800480000";"2183700";"3297";"430061.6"
"59801822000";"2161700";"3296";"430069.9"
"59802959000";"2161700";"3296";"430077.9"
"59804039000";"2161700";"3296";"430085.8"
"59805120000";"2161700";"3296";"430094.2"
"59806199000";"2161700";"3296";"430102.1"
"59807543000";"2161700";"3297";"430110.4"
"59808622000";"2161700";"3297";"430118.4"
"59809703000";"2169300";"3297";"430126.3"
"59810782000";"2169300";"3296";"430134.3"
"59811863000";"2169300";"3296";"430142.6"
"59813211000";"2169300";"3297";"430150.9"
"59814291000";"2169300";"3297";"430158.9"
"59815371000";"2169300";"3296";"430166.8"
"59816452000";"2169300";"3296";"430174.8"
"59817532000";"2183400";"3296";"430182.7"
"59818875000";"2183400";"3296";"430191.1"
"59819956000";"2183400";"3296";"430199.0"
"59821036000";"2183400";"3296";"430207.0"
"59822117000";"2183400";"3296";"430215.3"
"59823203000";"2183400";"3296";"430223.3"
"59824544000";"2183400";"3296";"430231.6"
"59825623000";"2126700";"3296";"430239.5"
"59826703000";"2126700";"3296";"430247.5"
"59827782000";"2126700";"3296";"430255.4"
"59828862000";"2126700";"3296";"430263.4"
"59830205000";"2126700";"3296";"430273.2"
"59831285000";"2126700";"3296";"430281.2"
"59832364000";"2247100";"3296";"430289.5"
"59833450000";"2247100";"3296";"430297.5"
"59834530000";"2247100";"3296";"430305.4"
"59835872000";"2247100";"3296";"430313.7"
"59836952000";"2247100";"3296";"430321.7"
"59838032000";"2247100";"3296";"430329.6"
"59839113000";"2247100";"3296";"430337.6"
"59840192000";"2169100";"3296";"430345.5"
"59841536000";"2169100";"3296";"430353.9"
"59842615000";"2169100";"3297";"430361.8"
"59843701000";"2169100";"3297";"430370.2"
"59844781000";"2169100";"3296";"430378.1"
"59845866000";"2169100";"3296";"430386.1"
"59847209000";"2169100";"3296";"430394.4"
"59848288000";"2125300";"3296";"430402.3"
"59849368000";"2125300";"3296";"430410.3"
"59850448000";"2125300";"3297";"430418.6"
"59851528000";"2125300";"3297";"430426.6"
"59852877000";"2125300";"3297";"430434.9"
"59853957000";"2125300";"3296";"430442.8"
"59855036000";"2125300";"3296";"430451.2"
"59856116000";"2198700";"3296";"430459.1"
"59857196000";"2198700";"3297";"430467.1"
"59858538000";"2198700";"3297";"430475.4"
"59859618000";"2198700";"3297";"430483.4"
"59860698000";"2198700";"3297";"430491.3"
"59861778000";"2198700";"3297";"430499.3"
"59862863000";"2198700";"3297";"430507.2"
"59864206000";"2112600";"3296";"430515.5"
"59865286000";"2112600";"3296";"430523.5"
"59866366000";"2112600";"3296";"430531.4"
"59867447000";"2112600";"3297";"430539.4"
"59868526000";"2112600";"3297";"430547.7"
"59869868000";"2112600";"3297";"430556.0"
"59870949000";"2112600";"3297";"430564.0"
"59872028000";"2185500";"3297";"430571.9"
"59873114000";"2185500";"3297";"430580.3"
"59874194000";"2185500";"3297";"430588.2"
"59875537000";"2185500";"3297";"430596.5"
"59876617000";"2185500";"3297";"430604.5"
"59877696000";"2185500";"3297";"430612.5"
"59878777000";"2185500";"3297";"430620.4"
"59879856000";"2183900";"3297";"430628.4"
"59881199000";"2183900";"3296";"430636.7"
"59882279000";"2183900";"3296";"430644.6"
"59883364000";"2183900";"3296";"430652.6"
"59884444000";"2183900";"3296";"430660.9"
"59885524000";"2183900";"3296";"430668.9"
"59886873000";"2183900";"3297";"430677.2"
"59887952000";"2125300";"3297";"430685.1"
"59889031000";"2125300";"3297";"430693.1"
"59890111000";"2125300";"3297";"430701.0"
"59891191000";"2125300";"3297";"430709.0"
"59892533000";"2125300";"3297";"430717.3"
"59893619000";"2125300";"3297";"430725.6"
"59894698000";"2125300";"3297";"430733.6"
"59895778000";"2184400";"3297";"430741.6"
"59896858000";"2184400";"3297";"430749.5"
"59898202000";"2184400";"3297";"430757.8"
"59899282000";"2184400";"3297";"430765.8"
"59900362000";"2184400";"3297";"430773.7"
"59901442000";"2184400";"3296";"430781.7"
"59902522000";"2184400";"3297";"430790.0"
"59903871000";"2111900";"3296";"430798.0"
"59904951000";"2111900";"3297";"430806.3"
"59906030000";"2111900";"3297";"430814.2"
"59907111000";"2111900";"3296";"430822.2"
"59908190000";"2111900";"3296";"430830.1"
"59909533000";"2111900";"3296";"430838.5"
"59910613000";"2111900";"3296";"430846.4"
"59911693000";"2200300";"3296";"430854.8"
"59912773000";"2200300";"3296";"430862.7"
"59913859000";"2200300";"3296";"430870.7"
"59915202000";"2200300";"3296";"430879.0"
"59916281000";"2200300";"3296";"430886.9"
"59917361000";"2200300";"3296";"430894.9"
"59918442000";"2200300";"3296";"430902.8"
"59919522000";"2168800";"3296";"430910.8"
"59920865000";"2168800";"3296";"430920.6"
"59921945000";"2168800";"3296";"430928.6"
"59923031000";"2168800";"3296";"430936.9"
"59924110000";"2168800";"3296";"430944.9"
"59925190000";"2168800";"3296";"430952.8"
"59926533000";"2176400";"3296";"430961.1"
"59927614000";"2176400";"3296";"430969.1"
"59928694000";"2176400";"3296";"430977.0"
"59929779000";"2176400";"3296";"430985.0"
"59930859000";"2176400";"3296";"430993.3"
"59932202000";"2176400";"3296";"431002.8"
"59933287000";"2242800";"3296";"431011.1"
"59934368000";"2242800";"3296";"431019.1"
"59935447000";"2242800";"3296";"431027.0"
"59936528000";"2242800";"3296";"431035.0"
"59937871000";"2242800";"3296";"431043.3"
"59938950000";"2242800";"3296";"431051.3"
"59940030000";"2242800";"3296";"431059.2"
"59941111000";"2170200";"3296";"431067.2"
"59942192000";"2170200";"3296";"431075.5"
"59943540000";"2170200";"3296";"431083.4"
"59944621000";"2170200";"3296";"431091.8"
"59945701000";"2170200";"3296";"431099.7"
"59946780000";"2170200";"3296";"431107.7"
"59947860000";"2170200";"3296";"431115.6"
"59949202000";"2183800";"3296";"431125.5"
"59950282000";"2183800";"3296";"431133.4"
"59951362000";"2183800";"3296";"431141.4"
"59952442000";"2183800";"3296";"431149.3"
"59953527000";"2183800";"3296";"431157.7"
"59954871000";"2183800";"3296";"431167.1"
"59955952000";"2244300";"3296";"431175.5"
"59957032000";"2244300";"3296";"431183.4"
"59958112000";"2244300";"3296";"431191.4"
"59959191000";"2244300";"3296";"431199.3"
"59960533000";"2244300";"3297";"431209.2"
"59961614000";"2244300";"3296";"431217.1"
"59962694000";"2229500";"3296";"431225.1"
"59963779000";"2229500";"3296";"431233.0"
"59964859000";"2229500";"3296";"431241.0"
"59966203000";"2229500";"3297";"431250.8"
"59967283000";"2229500";"3297";"431258.8"
"59968363000";"2229500";"3297";"431266.7"
"59969443000";"2227200";"3296";"431274.7"
"59970524000";"2227200";"3296";"431283.0"
"59971872000";"2227200";"3296";"431291.3"
"59972958000";"2227200";"3296";"431299.3"
"59974038000";"2227200";"3296";"431307.6"
"59975117000";"2227200";"3297";"431315.6"
"59976197000";"2227200";"3297";"431323.5"
"59977539000";"2139800";"3297";"431331.8"
"59978618000";"2139800";"3297";"431339.8"
"59979699000";"2139800";"3296";"431347.7"
"59980779000";"2139800";"3296";"431355.7"
"59981859000";"2139800";"3296";"431363.6"
"59983207000";"2139800";"3296";"431373.5"
"59984288000";"2227400";"3296";"431381.4"
"59985367000";"2227400";"3296";"431389.4"
"59986448000";"2227400";"3296";"431397.3"
"59987528000";"2227400";"3296";"431405.7"
"59988871000";"2227400";"3296";"431414.0"
"59989951000";"2227400";"3296";"431421.9"
"59991031000";"2227400";"3296";"431429.9"
"59992112000";"2185000";"3296";"431437.8"
"59993197000";"2185000";"3296";"431446.2"
"59994539000";"2185000";"3296";"431454.5"
"59995619000";"2185000";"3296";"431462.5"
"59996700000";"2185000";"3296";"431470.4"
"59997779000";"2185000";"3297";"431478.4"
"59998860000";"2185000";"3296";"431486.3"
"60000202000";"2183800";"3296";"431496.2"
